1 -0.536487 -0.0651239 -0.0404343
2 -0.556827 -0.100132 -0.0393642
3 -0.554133 -0.0602075 -0.0089714
4 -0.573824 -0.0685115 -0.0433244
5 -0.590629 -0.122608 0.0357444
6 -0.595258 -0.0831052 0.0136838
7 -0.606263 -0.118164 0.00416042
8 -0.603869 -0.0945635 0.0447918
9 -0.613498 -0.0631151 0.0561587
10 -0.61468 -0.0387127 0.0306638
11 -0.583589 -0.0664612 0.0453995
12 -0.52346 0.0135621 -0.0698313
13 -0.499108 0.0251916 -0.055499
14 -0.508423 0.0301492 -0.0979206
15 -0.508875 0.0604848 -0.0699468
16 -0.533113 -0.0363037 0.0995933
17 -0.512303 -0.0339518 0.0618901
18 -0.545148 -0.0311907 0.0730407
19 -0.516908 -0.021668 0.0816054
20 -0.601001 0.0508432 0.0324934
21 -0.646235 0.0407607 0.00518143
22 -0.616499 0.0270973 0.0398277
23 -0.646235 0.0730172 0.0271599
24 -0.553271 0.0428426 -0.0692679
25 -0.54649 0.0352022 -0.0975697
26 -0.564479 0.0775098 -0.0958929
27 -0.544703 0.0710797 -0.0628433
28 -0.570955 0.0569793 -0.0965593
29 -0.616749 -0.0206263 -0.0429126
30 -0.58953 -0.0298486 -0.0566817
31 -0.595979 -0.0505028 -0.0442779
32 -0.613539 -0.0308938 -0.0747348
33 -0.576156 -0.0910491 -0.0105877
34 -0.554255 -0.0722478 0.0274493
35 -0.56889 -0.101067 0.0319531
36 -0.552824 -0.101099 0.00218569
37 -0.616603 0.0134538 -0.0131769
38 -0.646235 0.0020105 0.000880758
39 -0.646235 0.0175192 -0.0293126
40 -0.570456 -0.0311776 0.0343647
41 -0.582354 -0.0391926 0.0636511
42 -0.608649 -0.00432437 0.0455887
43 -0.646235 0.1 -0.025
44 -0.646235 0.1 0
45 -0.646235 0.0734273 -0.0112679
46 -0.603526 0.0860222 -0.0241875
47 -0.535501 -0.0295011 0.0241784
48 -0.561874 -0.0185823 -0.004097
49 -0.646235 0.0473314 0.0508233
50 -0.604806 0.0565331 0.066944
51 -0.626216 -0.0729188 0.102915
52 -0.63172 -0.109907 0.0761079
53 -0.632799 -0.109297 0.103459
54 -0.631555 -0.0806861 0.0688308
55 -0.577408 0.00832878 0.0228174
56 -0.618884 0.0039956 0.0154009
57 -0.512053 0.00714914 0.0383381
58 -0.513216 -0.00490419 -0.00292055
59 -0.546067 0.0112293 0.011279
60 -0.646235 -0.0492512 -0.0296903
61 -0.61882 -0.0485116 -0.0132189
62 -0.62328 -0.0655004 -0.0624767
63 -0.605393 -0.0861799 -0.0286073
64 -0.629572 -0.0795863 0.0163075
65 -0.633633 -0.0854764 -0.0183751
66 -0.584659 -0.0600366 -0.0747975
67 -0.646235 -0.032644 -0.00155263
68 -0.646235 -0.0459375 0.024835
69 -0.646235 -0.0165666 0.0283487
70 -0.587444 -0.0490175 -0.0194091
71 -0.582788 -0.0497766 0.00801486
72 -0.537349 0.0433344 -0.0401842
73 -0.518069 0.0347344 0.00722213
74 -0.552755 0.0424955 0.038845
75 -0.561005 0.0386286 -0.00495762
76 -0.538821 0.0692216 -0.0260142
77 -0.573032 0.035118 -0.0355435
78 -0.586698 -0.0146695 0.0993521
79 -0.588719 0.0214034 0.0979832
80 -0.577308 -0.00840896 0.0713048
81 -0.613923 0.0164735 0.0747875
82 -0.537166 0.00890632 -0.0313406
83 -0.539554 -0.100877 0.0650825
84 -0.547406 -0.0593158 0.0671048
85 -0.575957 -0.0926779 0.0621007
86 -0.591103 -0.0191086 -0.0166443
87 -0.593286 0.00308393 -0.0297682
88 -0.565759 0.00243514 -0.0212553
89 -0.563345 -0.031769 -0.0426313
90 -0.634142 -0.109814 -0.0763141
91 -0.646235 -0.0667146 -0.0503956
92 -0.646235 -0.1 -0.05
93 -0.636931 -0.109283 -0.0404314
94 -0.554589 -0.022501 0.0991937
95 -0.570649 -0.0456138 0.100585
96 -0.531601 0.0681498 -0.0965372
97 -0.573076 -0.0137271 -0.099269
98 -0.579543 0.0209196 -0.0979669
99 -0.609204 -0.000596943 -0.0728557
100 -0.58529 0.000675344 -0.0567643
101 -0.605004 -0.017132 0.00682157
102 -0.526343 -0.105739 0.0212502
103 -0.605744 0.0550932 -0.0966804
104 -0.646235 0.0668459 -0.0654286
105 -0.601979 0.0362646 -0.0653254
106 -0.586646 0.0612271 -0.0561942
107 -0.55781 -0.133079 0.0372298
108 -0.583716 0.027321 0.0651029
109 -0.564808 -0.0862223 0.101905
110 -0.582625 -0.0603753 0.0804316
111 -0.601995 -0.0887545 0.0791362
112 -0.590281 -0.122001 0.0843707
113 -0.564706 0.0777183 0.0955188
114 -0.570439 0.049994 0.0963901
115 -0.554635 0.047992 0.0699416
116 -0.531254 0.0689011 0.0954907
117 -0.646235 -0.0156538 -0.0295892
118 -0.646235 -0.000828139 -0.0523479
119 -0.646235 -0.0319327 -0.0645593
120 -0.542689 -0.0788076 0.101109
121 -0.503637 0.0314439 0.0966378
122 -0.498973 0.0586481 0.0960083
123 -0.523367 0.034036 0.0707042
124 -0.559821 0.00845481 -0.0639239
125 -0.646235 -0.00138515 -0.0714992
126 -0.594945 -0.055877 0.101646
127 -0.561421 0.0115429 0.0979041
128 -0.542484 0.00502618 0.0609583
129 -0.591188 0.0208472 0.000329234
130 -0.603272 0.0612454 0.00142292
131 -0.568732 0.0522463 0.0170862
132 -0.622466 -0.00794061 -0.0185848
133 -0.614877 -0.0311841 0.0753649
134 -0.587347 -0.041271 -0.100533
135 -0.568753 -0.0259085 -0.0760933
136 -0.587464 -0.0876877 -0.0547415
137 -0.590597 -0.122602 -0.0243457
138 -0.61485 0.0176566 -0.0414517
139 -0.646235 0.0232858 0.0686351
140 -0.646235 -0.00210221 0.0574566
141 -0.532705 -0.102768 0.101177
142 -0.528271 -0.0314478 -0.026219
143 -0.522417 -0.068168 0.100347
144 -0.537166 0.0685699 0.00962801
145 -0.567065 0.0766562 -0.0125953
146 -0.638615 -0.10926 -0.00408478
147 -0.646235 -0.0685292 0.00314744
148 -0.646235 0.0776621 -0.0377538
149 -0.603329 0.0485661 -0.0261729
150 -0.540965 -0.00117341 -0.098951
151 -0.533599 -0.0231251 -0.0643911
152 -0.539209 0.0325394 0.0967681
153 -0.527537 -0.00214859 0.0980703
154 -0.614688 0.021761 -0.0988685
155 -0.603568 -0.118493 0.0660045
156 -0.646235 0.0502716 -0.0347161
157 -0.619937 -0.0423133 -0.101531
158 -0.646235 0 -0.1
159 -0.646235 -0.0371008 0.0597063
160 -0.646235 -0.0711414 0.038456
161 -0.60002 -0.0932133 0.102643
162 -0.600408 -0.073828 -0.102489
163 -0.632464 -0.0810043 -0.103101
164 -0.611923 -0.0910153 -0.0763097
165 -0.54279 0.0712483 0.0627371
166 -0.576214 0.0807086 -0.0715731
167 -0.646235 0.0261169 -0.0656522
168 -0.573068 -0.127551 0.0701685
169 -0.53954 -0.138112 0.0709908
170 -0.580563 0.0809963 0.0575988
171 -0.554199 0.0735725 0.0354813
172 -0.504124 0.00369465 0.0656869
173 -0.498082 0.0565808 -0.0115066
174 -0.514328 0.0618091 -0.0426058
175 -0.646235 0.075 0.1
176 -0.608144 0.0484683 0.097367
177 -0.646235 0.0744889 0.0709772
178 -0.504997 -0.00532239 -0.0460768
179 -0.50412 -0.0203942 -0.0773453
180 -0.587311 0.0822141 0.0153237
181 -0.498996 0.0572436 0.0263697
182 -0.526134 0.0659204 0.0384008
183 -0.515656 0.0368923 0.0482939
184 -0.528691 -0.0970363 -0.0639068
185 -0.551853 -0.0980995 -0.101965
186 -0.575201 -0.0978695 -0.0755964
187 -0.556332 -0.0697505 -0.0712436
188 -0.646235 0.1 -0.05
189 -0.646235 0.1 0.05
190 -0.616414 -0.115282 -0.0243466
191 -0.605784 -0.118156 -0.0567285
192 -0.525874 -0.0542016 -0.0689725
193 -0.627207 -0.111913 0.0351769
194 -0.646235 -0.1 0.025
195 -0.646235 0.05 -0.1
196 -0.646235 -0.05 0.1
197 -0.619839 -0.029632 0.100763
198 -0.646235 -0.1 -0.1
199 -0.646235 -0.0710655 -0.0775316
200 -0.646235 -0.08027 -0.0262146
201 -0.602731 0.0864507 -0.0629309
202 -0.572372 0.078865 -0.042157
203 -0.549432 -0.134161 0.102545
204 -0.577562 -0.125524 0.102796
205 -0.499376 0.0245728 -0.0251197
206 -0.548577 -0.0560868 0.100961
207 -0.505498 0.0593672 0.062135
208 -0.646235 0.0169698 0.0345753
209 -0.483464 0.0524354 -0.0457555
210 -0.555366 -0.0383962 -0.100307
211 -0.59842 0.0861357 0.0957143
212 -0.598427 0.0872048 -0.0957633
213 -0.522405 -0.10033 -0.0169546
214 -0.524725 -0.0677263 -0.000634963
215 -0.576343 -0.126945 -0.0508148
216 -0.603084 -0.00966167 -0.0997793
217 -0.646235 -0.0718804 0.0698327
218 -0.574879 -0.127592 0.00539937
219 -0.646235 -0.05 -0.1
220 -0.646235 0 0.1
221 -0.646235 0.05 0.1
222 -0.614963 0.0118024 0.0989394
223 -0.519396 -0.0415296 -0.100014
224 -0.4993 0.0583314 -0.0969075
225 -0.605885 -0.116938 -0.103548
226 -0.577984 -0.12534 -0.103225
227 -0.581718 -0.0962141 -0.102783
228 -0.577103 -0.126125 -0.0802654
229 -0.646235 -0.1 -0.025
230 -0.646235 0.1 -0.1
231 -0.559896 -0.132295 -0.0279027
232 -0.54648 -0.13615 -0.0674523
233 -0.550051 -0.134104 -0.102771
234 -0.492251 0.0277608 0.0692187
235 -0.646235 0.1 0.1
236 -0.51541 -0.0598509 0.0295377
237 -0.646235 -0.1 0.05
238 -0.539946 -0.139103 0.00272377
239 -0.54193 -0.0656463 -0.101178
240 -0.570149 -0.0686338 -0.101663
241 -0.646235 -0.1 0.1
242 -0.501238 -0.00947705 -0.0989871
243 -0.633876 -0.109167 -0.103825
244 -0.514997 -0.0808771 0.0496747
245 -0.605363 -0.11745 0.103314
246 -0.646235 -0.1 0
247 -0.646235 -0.075 -0.1
248 -0.508495 -0.0614526 0.0776331
249 -0.508906 -0.0348639 0.0988126
250 -0.448506 -0.0171307 0.0387759
251 -0.48809 -0.0271112 0.0275925
252 -0.456607 -0.0240479 0.00546395
253 -0.454699 -0.0546018 0.0382592
254 -0.472671 0.014133 -0.00510216
255 -0.466277 0.0461304 0.0126316
256 -0.492952 -0.154703 -0.00286378
257 -0.487045 -0.115424 0.00111628
258 -0.514467 -0.147269 0.011307
259 -0.498558 -0.15263 0.0247939
260 -0.497009 -0.100839 0.100554
261 -0.46007 -0.108059 0.100071
262 -0.483239 -0.0957578 0.0658839
263 -0.471818 -0.0823105 0.0998119
264 -0.407766 -0.00551749 -0.0307398
265 -0.42464 -0.00692537 0.00116777
266 -0.424371 -0.0299158 -0.0336226
267 -0.406871 -0.0357344 -0.00441625
268 -0.453863 -0.12761 0.0649494
269 -0.467153 -0.092006 0.0382692
270 -0.443004 -0.0917725 0.0695923
271 -0.527383 -0.142756 -0.0371113
272 -0.513954 -0.147274 -0.013509
273 -0.478519 0.0166609 0.0360748
274 -0.464412 0.00670395 0.0688989
275 -0.465707 -0.164453 -0.0181932
276 -0.435102 -0.175444 -0.0267389
277 -0.425138 -0.140914 -0.0182006
278 -0.445581 -0.171819 0.00995011
279 -0.436754 0.00339932 -0.049609
280 -0.439254 0.0066436 -0.0177614
281 -0.522411 -0.144306 0.0399971
282 -0.439106 -0.118923 0.0349338
283 -0.473011 -0.126942 0.0299948
284 -0.493013 -0.153794 0.101398
285 -0.464447 -0.164021 0.100808
286 -0.483594 -0.157473 0.0801453
287 -0.479379 -0.134491 0.100849
288 -0.443774 -0.0666686 -0.00641901
289 -0.426652 -0.0413481 0.0155991
290 -0.482849 -0.0193039 0.0612837
291 -0.498752 -0.123415 -0.0369782
292 -0.469896 -0.0553254 -0.0425477
293 -0.486777 -0.0743814 -0.0105348
294 -0.473484 -0.0468284 -0.0117336
295 -0.407988 0.0262749 0.0163599
296 -0.434273 0.0355303 -0.00109865
297 -0.44638 0.0108459 0.0165468
298 -0.483501 -0.131641 0.0730388
299 -0.508868 -0.148571 0.0747143
300 -0.419084 -0.0134183 0.0713343
301 -0.47036 -0.038858 0.0689192
302 -0.495416 -0.0861211 0.0213587
303 -0.501171 -0.120322 0.0424183
304 -0.477664 -0.0599206 0.0156257
305 -0.46198 -0.0806776 -0.0684268
306 -0.495346 -0.0788134 -0.0708882
307 -0.49752 -0.0881413 -0.0441156
308 -0.479372 -0.120722 -0.0673831
309 -0.505968 -0.121473 -0.0747087
310 -0.487229 -0.0200654 -0.0204009
311 -0.467066 0.0136011 -0.0394404
312 -0.374394 -0.0196489 -0.0288097
313 -0.373586 0.0141842 -0.0337025
314 -0.378237 -0.0113587 -0.0649244
315 -0.447333 -0.0243873 -0.0236243
316 -0.442734 -0.0314727 -0.0662543
317 -0.389303 -0.014466 0.0543587
318 -0.413706 0.0285782 0.0496903
319 -0.391132 0.0207909 0.0700321
320 -0.465 -0.128645 -0.0242405
321 -0.45716 -0.141869 0.00678595
322 -0.406416 -0.0206817 -0.0606901
323 -0.439873 -0.140113 0.100161
324 -0.407217 -0.132415 0.0998286
325 -0.43287 -0.139996 0.0750761
326 -0.426332 -0.107475 0.0995593
327 -0.499496 -0.11898 -0.101326
328 -0.510299 -0.148699 -0.0716332
329 -0.49353 -0.153692 -0.101718
330 -0.487484 -0.0598829 0.0480422
331 -0.459365 0.0441824 -0.0217403
332 -0.504866 -0.0458573 0.000950436
333 -0.505012 -0.0587472 -0.0318422
334 -0.491744 -0.155021 -0.0416272
335 -0.482117 -0.158085 -0.0766646
336 -0.459361 -0.144523 -0.0793536
337 -0.393886 -0.0475693 -0.0329452
338 -0.483024 0.00420873 0.0107748
339 -0.421699 -0.102506 0.0101631
340 -0.399828 -0.114851 0.033101
341 -0.42173 -0.142232 0.0143867
342 -0.487247 -0.156481 0.0511434
343 -0.460521 -0.16578 0.0735987
344 -0.491362 -0.00655532 0.0984125
345 -0.482944 -0.0355348 0.0986955
346 -0.431253 0.00625279 0.0978608
347 -0.4181 -0.0219958 0.0983688
348 -0.402529 0.000451658 0.0979024
349 -0.392682 -0.0537356 0.0297421
350 -0.402863 -0.0706571 0.0709497
351 -0.387628 -0.0426599 0.0690666
352 -0.41628 -0.0410613 0.0476273
353 -0.463494 -0.0536779 -0.0999881
354 -0.478594 -0.0895074 -0.100497
355 -0.442125 -0.0873818 -0.100377
356 -0.446692 -0.11117 -0.073016
357 -0.41286 -0.115915 -0.100561
358 -0.424143 -0.0995221 -0.0730966
359 -0.425307 -0.134377 -0.0774113
360 -0.474445 -0.0128688 -0.0570859
361 -0.445189 -0.137683 -0.0495992
362 -0.421806 -0.180097 -0.0639455
363 -0.45643 -0.167554 -0.0625653
364 -0.429762 -0.0569948 -0.0998364
365 -0.409264 -0.0514343 -0.0672802
366 -0.437467 -0.0662228 -0.0696273
367 -0.412755 -0.0788709 -0.100191
368 -0.471032 0.048213 0.0460008
369 -0.445646 0.0399104 0.0672412
370 -0.437999 0.0157958 0.0496041
371 -0.45581 -0.0204543 0.0983332
372 -0.400117 0.0237292 -0.0482978
373 -0.404153 0.0249957 -0.0166299
374 -0.511186 -0.112792 0.0751331
375 -0.463858 -0.0972065 -0.032803
376 -0.436825 -0.100434 -0.0409649
377 -0.486952 0.00242543 -0.0758974
378 -0.469196 0.0211166 -0.0657208
379 -0.515598 -0.0843252 -0.100949
380 -0.418295 0.0305126 0.0762845
381 -0.4094 -0.00935635 0.0313099
382 -0.521323 -0.143671 0.102019
383 -0.415329 -0.118683 -0.049808
384 -0.428475 0.0337704 -0.0343097
385 -0.420094 0.0310588 -0.0678385
386 -0.465385 0.0166422 0.0970197
387 -0.46495 -0.163869 -0.1017
388 -0.459829 -0.125378 -0.100992
389 -0.500079 -0.0388289 -0.0616332
390 -0.490559 -0.0368297 -0.100055
391 -0.444741 -0.0805949 0.0994316
392 -0.433669 -0.0513364 0.0740702
393 -0.46791 -0.07227 0.0743852
394 -0.474198 -0.0396437 -0.075344
395 -0.383098 -0.00500867 0.000461342
396 -0.450442 0.0413213 -0.056528
397 -0.452962 0.00138134 -0.0743969
398 -0.527828 -0.11598 -0.101674
399 -0.399107 -0.0473349 0.098674
400 -0.412013 -0.104366 -0.0165785
401 -0.435753 -0.174543 0.100537
402 -0.44602 -0.113057 -0.00240984
403 -0.459929 -0.0917671 0.011364
404 -0.404776 0.0258985 0.0974507
405 -0.394153 -0.0451558 -0.0996506
406 -0.400927 -0.00486087 -0.0988539
407 -0.474421 0.0500481 -0.0764922
408 -0.493512 -0.0615029 -0.100317
409 -0.404075 -0.083828 -0.0525475
410 -0.407491 -0.0720852 -0.00397421
411 -0.433238 -0.0623034 -0.0353465
412 -0.454543 -0.168327 0.0431381
413 -0.423174 -0.0795451 0.0345522
414 -0.411446 -0.114823 0.0652163
415 -0.416691 -0.152161 0.0457116
416 -0.375517 0.0149454 -0.000805466
417 -0.369966 -0.0229656 0.0322171
418 -0.412233 -0.0767212 0.0991255
419 -0.491664 -0.0631447 0.0997551
420 -0.373951 0.0150333 0.097756
421 -0.437585 -0.0182855 -0.0992577
422 -0.43537 -0.146415 -0.100983
423 -0.43242 -0.176053 0.0691484
424 -0.432638 -0.0501027 0.098843
425 -0.463549 -0.055561 0.0991137
426 -0.373418 -0.0129003 -0.099242
427 -0.3704 -0.0451465 -0.0646891
428 -0.472026 0.00816835 -0.0984371
429 -0.418103 0.00267197 -0.0730986
430 -0.439609 0.0372938 0.0321801
431 -0.436541 -0.174406 -0.101147
432 -0.374448 0.0152402 -0.0986365
433 -0.473163 -0.0216668 -0.099506
434 -0.522109 -0.144133 -0.102516
435 -0.38042 0.0168076 0.0357136
436 -0.40506 0.0263343 -0.0978481
437 -0.394946 0.0221502 -0.0751461
438 -0.389799 -0.09289 0.0167879
439 -0.467265 0.0482342 -0.0972235
440 -0.435567 0.0371506 0.0965743
441 -0.476923 0.0507037 0.0732353
442 -0.424435 0.0107497 -0.0983108
443 -0.446627 0.0169703 -0.098033
444 -0.376841 -0.0117955 0.077829
445 -0.384861 -0.020749 0.0982383
446 -0.371855 0.0137265 -0.0640893
447 -0.467199 0.047996 0.0960953
448 -0.425844 -0.178807 0.0374127
449 -0.473895 -0.161329 0.0185898
450 -0.435922 0.0371756 -0.0977403
451 -0.354057 0.0075238 0.0640047
452 -0.378782 -0.0723678 0.0989334
453 -0.30602 -0.0839283 0.00836411
454 -0.289312 -0.109075 0.0411716
455 -0.278686 -0.0734795 0.0312132
456 -0.307645 -0.0646484 0.0407275
457 -0.328836 -0.151157 0.0993796
458 -0.317463 -0.128738 0.0716324
459 -0.32519 -0.171781 0.0609333
460 -0.351955 -0.141238 0.0685429
461 -0.341214 0.00278667 -0.0501691
462 -0.343217 0.00375959 -0.0796177
463 -0.341818 -0.0203637 -0.0764427
464 -0.308239 -0.180377 -0.00381788
465 -0.340609 -0.209811 -0.00197746
466 -0.319242 -0.187995 -0.0342783
467 -0.313001 -0.219744 -0.0242311
468 -0.287902 -0.103074 -0.0660414
469 -0.303909 -0.0957773 -0.0315586
470 -0.325147 -0.104188 -0.0637403
471 -0.30085 -0.125882 -0.0359028
472 -0.303052 -0.14999 0.0217181
473 -0.291115 -0.14208 0.0592608
474 -0.302107 -0.185856 0.0407893
475 -0.359553 -0.17608 0.0754059
476 -0.353662 -0.175914 -0.100649
477 -0.36023 -0.202635 -0.0686009
478 -0.349285 -0.206494 -0.10069
479 -0.357944 -0.175113 -0.0747127
480 -0.297641 -0.141516 -0.0729871
481 -0.320117 -0.152965 -0.0411882
482 -0.337756 -0.148661 -0.0732264
483 -0.317122 -0.00586399 0.0507372
484 -0.314522 -0.0351446 0.0611577
485 -0.324281 -0.00306477 0.0771939
486 -0.331294 -0.0300945 0.044736
487 -0.313571 -0.00682975 0.0985107
488 -0.312095 -0.0415066 0.0987195
489 -0.289205 -0.0158428 0.0760941
490 -0.341858 0.00282725 -0.0176623
491 -0.341426 0.00274893 0.0211994
492 -0.349387 -0.0285868 -0.00797785
493 -0.327087 -0.107118 0.0272846
494 -0.343015 -0.10203 0.0714699
495 -0.316043 -0.0831616 0.0626164
496 -0.295788 -0.124278 -0.10044
497 -0.287816 -0.0828441 -0.100328
498 -0.26844 -0.109509 -0.100491
499 -0.33023 -0.132969 0.0452941
500 -0.374364 -0.088955 -0.0212374
501 -0.379112 -0.0637757 0.00150749
502 -0.365574 -0.129433 0.0302872
503 -0.391184 -0.15947 0.0182685
504 -0.359347 -0.16869 0.0343152
505 -0.391841 -0.141842 0.0371396
506 -0.344333 -0.117896 -0.0363043
507 -0.360906 -0.150495 -0.0423041
508 -0.385478 -0.114578 -0.0496242
509 -0.358888 -0.127641 -0.071761
510 -0.398312 -0.161013 -0.0107069
511 -0.394889 -0.162741 -0.0366001
512 -0.384876 -0.154614 0.06032
513 -0.377765 -0.111122 0.0703743
514 -0.362766 -0.0895353 0.0165851
515 -0.357392 -0.0986345 0.0451172
516 -0.351665 -0.10106 -0.100186
517 -0.359086 -0.139909 -0.100503
518 -0.379214 -0.115673 -0.100454
519 -0.345835 -0.18138 -0.036886
520 -0.368855 -0.199578 -0.032645
521 -0.347659 -0.180345 -0.00284146
522 -0.371349 -0.172952 -0.0324237
523 -0.385592 -0.134616 -0.0259784
524 -0.4038 -0.146388 -0.0564391
525 -0.292979 -0.11511 -0.00149909
526 -0.26642 -0.0976198 0.00838591
527 -0.382668 -0.165003 -0.100719
528 -0.378544 -0.195744 -0.100849
529 -0.389639 -0.125719 0.00448754
530 -0.351829 -0.0318521 0.0625361
531 -0.301044 -0.224045 0.0154226
532 -0.328791 -0.185006 0.0225104
533 -0.380217 -0.0733264 -0.0792213
534 -0.408559 -0.184868 0.0622064
535 -0.403106 -0.162006 0.0786391
536 -0.339184 -0.210288 -0.0427063
537 -0.415015 -0.182842 0.00578813
538 -0.352867 -0.125875 -0.00492993
539 -0.331175 -0.153389 0.0187179
540 -0.331693 -0.181813 -0.0652564
541 -0.329315 -0.098424 -0.01499
542 -0.364767 -0.0509814 -0.0255827
543 -0.319687 -0.0368934 -0.0213835
544 -0.341491 -0.0666943 -0.039583
545 -0.342337 -0.0283163 -0.0450382
546 -0.288404 -0.0426758 0.0327893
547 -0.283139 -0.0489299 0.068223
548 -0.244785 -0.0649405 0.055205
549 -0.245057 -0.0319756 0.0314366
550 -0.390355 -0.191504 -0.0642889
551 -0.407659 -0.184998 -0.101005
552 -0.277112 -0.0204184 0.00590175
553 -0.261333 -0.0569524 0.00905984
554 -0.33326 -0.158436 -0.012815
555 -0.381723 -0.15418 -0.0708013
556 -0.409143 -0.153234 -0.100648
557 -0.264825 -0.112009 -0.0271179
558 -0.384779 -0.0870962 -0.10006
559 -0.394047 -0.111727 -0.0768841
560 -0.371378 -0.0408294 0.00227065
561 -0.283802 -0.0180213 -0.0629196
562 -0.282246 -0.0464276 -0.0242504
563 -0.263077 -0.0255333 -0.034184
564 -0.305616 -0.0101779 -0.0363791
565 -0.305894 -0.0100583 0.0240529
566 -0.250766 -0.0595797 -0.0506484
567 -0.259869 -0.0593263 -0.100312
568 -0.280721 -0.0446065 -0.0744507
569 -0.255657 -0.0281467 -0.0755128
570 -0.334016 -0.0641606 0.0377194
571 -0.31214 -0.0687367 -0.0284523
572 -0.350908 -0.205888 0.0586992
573 -0.365517 -0.0885418 -0.0685654
574 -0.331025 -0.10641 0.0991935
575 -0.305274 -0.0804494 0.0990151
576 -0.298006 -0.120088 0.0992105
577 -0.289538 -0.113291 0.0775561
578 -0.378828 -0.0698791 -0.0504334
579 -0.341313 -0.0579771 -0.0738324
580 -0.329057 -0.123835 -0.100439
581 -0.302743 -0.0488796 0.00590879
582 -0.289197 -0.0161542 -0.0166814
583 -0.271622 -0.0800276 0.0684265
584 -0.275054 -0.0560318 0.0989221
585 -0.29266 -0.0407202 -0.100008
586 -0.311841 -0.00775051 -0.0708288
587 -0.28412 -0.017764 -0.0998951
588 -0.369872 -0.0457004 0.09865
589 -0.283719 -0.0788433 -0.0111958
590 -0.287581 -0.156854 0.0992791
591 -0.288764 -0.168216 0.0750518
592 -0.343148 -0.066548 0.0988418
593 -0.332411 -0.21271 -0.0739442
594 -0.330224 -0.189374 -0.100652
595 -0.302936 -0.202244 -0.0791895
596 -0.367718 -0.155342 -0.0043422
597 -0.322651 -0.157866 -0.100514
598 -0.304985 -0.190406 -0.100615
599 -0.306352 -0.174886 -0.0740726
600 -0.342192 -0.0641342 -1.56579e-05
601 -0.359717 -0.0717689 0.069315
602 -0.359738 -0.0951213 0.0991331
603 -0.312241 -0.0412689 -0.0596487
604 -0.348031 -0.0233728 0.0984103
605 -0.319577 -0.0949916 -0.100327
606 -0.337304 -0.0799001 -0.100142
607 -0.31406 -0.00673897 -0.0995191
608 -0.325676 -0.0272991 -0.0995936
609 -0.331744 -0.0573623 0.0704374
610 -0.328802 -0.213974 0.0381566
611 -0.351456 -0.177968 0.099559
612 -0.330902 -0.188078 0.0995807
613 -0.28848 -0.0612074 -0.0464402
614 -0.388532 -0.136789 -0.100564
615 -0.26784 -0.0859039 -0.0422789
616 -0.385111 -0.0819683 0.0502021
617 -0.307972 -0.071943 -0.0706411
618 -0.24937 -0.0785263 -0.016592
619 -0.310597 -0.00845171 -0.00297807
620 -0.331589 -0.0364565 0.0175021
621 -0.317616 -0.133058 -0.00926581
622 -0.396765 -0.189275 0.0363818
623 -0.3802 -0.195141 0.0708606
624 -0.360415 -0.0560977 0.0375381
625 -0.305676 -0.188245 0.0994166
626 -0.319519 -0.217104 0.0995188
627 -0.325412 -0.215045 0.072459
628 -0.286306 -0.161734 -0.100541
629 -0.317001 -0.218329 -0.053508
630 -0.355891 -0.12228 0.0993256
631 -0.286897 -0.171756 -0.0434718
632 -0.402349 -0.187402 -0.0282561
633 -0.3786 -0.196028 0.00618841
634 -0.353309 -0.033969 -0.0996089
635 -0.357698 -0.0671899 -0.0999147
636 -0.324057 -0.0602042 -0.100013
637 -0.344112 0.00431772 -0.0991227
638 -0.35373 -0.204963 0.0277047
639 -0.388486 -0.107126 0.0993382
640 -0.373184 -0.149527 0.099628
641 -0.269093 -0.0779814 -0.0755679
642 -0.348758 -0.206497 0.0996378
643 -0.281221 -0.0189192 0.0430659
644 -0.280621 -0.154493 -0.0161146
645 -0.406118 -0.162097 0.0999746
646 -0.246201 -0.0316202 -0.00342521
647 -0.319975 -0.217176 -0.100647
648 -0.371691 -0.198461 0.0397787
649 -0.254063 -0.0284254 0.0987889
650 -0.253279 -0.0288742 0.0681719
651 -0.343587 0.00406467 0.0981582
652 -0.283722 -0.0176918 0.0986207
653 -0.244038 -0.0554316 0.0989297
654 -0.272241 -0.0953286 0.0990788
655 -0.300885 -0.201653 -0.0569771
656 -0.377825 -0.195826 0.099955
657 -0.406921 -0.184983 0.100086
658 -0.254373 -0.0285307 -0.100222
659 -0.302013 -0.223627 0.0538872
660 -0.27499 -0.207047 0.0428009
661 -0.202189 -0.259249 -0.100794
662 -0.193823 -0.235769 -0.0691606
663 -0.231671 -0.248848 -0.100713
664 -0.228402 -0.250015 -0.0701793
665 -0.164506 -0.151917 -0.067152
666 -0.160931 -0.141273 -0.100858
667 -0.195312 -0.148911 -0.100765
668 -0.178117 -0.123034 -0.100804
669 -0.218025 -0.0715226 -0.042906
670 -0.229303 -0.0634525 -0.01145
671 -0.195918 -0.118049 0.0093089
672 -0.157685 -0.132666 -0.0133972
673 -0.185875 -0.120393 -0.0223766
674 -0.172532 -0.0879818 6.99144e-05
675 -0.196975 -0.153045 0.0214666
676 -0.164648 -0.153025 0.0431825
677 -0.163104 -0.148411 0.0133535
678 -0.185201 -0.130242 0.0429782
679 -0.253046 -0.210355 0.0600327
680 -0.236195 -0.24716 0.0658061
681 -0.254492 -0.24072 0.042698
682 -0.225934 -0.222497 0.0325848
683 -0.225591 -0.0389658 -0.0578697
684 -0.223498 -0.0397145 -0.0221498
685 -0.278089 -0.190513 -0.100622
686 -0.252686 -0.162896 0.0992413
687 -0.257436 -0.141167 0.0612066
688 -0.241949 -0.177823 0.0738818
689 -0.271397 -0.173433 0.0544364
690 -0.274981 -0.233327 0.0695016
691 -0.172616 -0.0901213 0.0367028
692 -0.152249 -0.117239 0.017804
693 -0.19805 -0.177876 -0.0128752
694 -0.173318 -0.177775 0.0217727
695 -0.179368 -0.194917 -0.00978519
696 -0.168322 -0.163244 -0.00863028
697 -0.220454 -0.138081 0.0590569
698 -0.24109 -0.177453 0.0348076
699 -0.237676 -0.162063 -0.0293396
700 -0.200623 -0.152804 -0.0379729
701 -0.237657 -0.155652 -0.0686898
702 -0.225738 -0.129674 -0.0360178
703 -0.220645 -0.121273 0.0352967
704 -0.192789 -0.103933 0.063601
705 -0.205361 -0.0934704 0.0308008
706 -0.216538 -0.207147 -0.0278585
707 -0.222828 -0.169625 -0.00603147
708 -0.217513 -0.18065 -0.0492053
709 -0.2584 -0.239402 -0.0246476
710 -0.220886 -0.204226 0.00562418
711 -0.229141 -0.249762 -0.00862266
712 -0.251892 -0.197241 -0.0193381
713 -0.290613 -0.227842 -0.100615
714 -0.304922 -0.222681 -0.0757506
715 -0.229017 -0.249814 -0.0385944
716 -0.229157 -0.21768 -0.0550799
717 -0.194708 -0.23842 -0.0415618
718 -0.2633 -0.129881 0.0991463
719 -0.25674 -0.111035 0.069149
720 -0.216535 -0.22307 0.0737808
721 -0.287587 -0.200361 0.0699434
722 -0.273123 -0.193923 0.0993124
723 -0.238845 -0.196388 0.0992343
724 -0.283577 -0.199531 -0.023545
725 -0.20577 -0.0458879 0.0723254
726 -0.215619 -0.0760644 0.0990152
727 -0.261885 -0.139165 -0.0531944
728 -0.190439 -0.0514318 -0.0379127
729 -0.197461 -0.0772707 -0.0210024
730 -0.223589 -0.0396674 0.00799444
731 -0.228577 -0.14532 0.0189966
732 -0.233938 -0.111829 0.00425699
733 -0.174184 -0.0939214 -0.100779
734 -0.168669 -0.0591357 -0.0708095
735 -0.209666 -0.0839518 -0.0713073
736 -0.176403 -0.0880903 -0.0498499
737 -0.275969 -0.18055 0.0147981
738 -0.262441 -0.209605 0.0145376
739 -0.218721 -0.125552 -0.0686764
740 -0.198598 -0.158849 -0.0732435
741 -0.205982 -0.190127 0.0991717
742 -0.178356 -0.192375 0.0630791
743 -0.198711 -0.167828 0.0635209
744 -0.176914 -0.18847 0.0991227
745 -0.14652 -0.100185 -0.0718487
746 -0.145466 -0.0973784 -0.0492383
747 -0.2049 -0.102869 -0.0465236
748 -0.241886 -0.0974068 -0.0583678
749 -0.22591 -0.102482 -0.0233258
750 -0.152738 -0.117671 -0.100848
751 -0.136217 -0.0705535 -0.100887
752 -0.154755 -0.124596 0.0629851
753 -0.238058 -0.0747959 -0.100514
754 -0.246982 -0.135079 -0.0107935
755 -0.170474 -0.0584219 0.0277423
756 -0.211608 -0.0817585 0.010546
757 -0.165059 -0.0603809 -0.00423786
758 -0.15902 -0.0625281 -0.0332772
759 -0.146624 -0.100861 -0.0239797
760 -0.262184 -0.135801 0.0230135
761 -0.260566 -0.116139 -0.0756648
762 -0.169159 -0.164873 -0.100847
763 -0.277896 -0.232357 0.0395512
764 -0.200241 -0.0479496 -0.0734045
765 -0.188821 -0.14293 0.0773806
766 -0.228886 -0.138128 0.0991281
767 -0.205438 -0.114264 0.0990769
768 -0.202083 -0.259305 -0.0507942
769 -0.238953 -0.106027 0.0990429
770 -0.222913 -0.218029 -0.100709
771 -0.250578 -0.24215 -0.0795932
772 -0.206715 -0.0456448 0.0375067
773 -0.226857 -0.0383827 0.0614801
774 -0.209567 -0.0736463 0.0512955
775 -0.201871 -0.259308 0.0492171
776 -0.192445 -0.232433 0.0397592
777 -0.229675 -0.142427 -0.100654
778 -0.196382 -0.0837973 0.0796779
779 -0.165889 -0.0890026 0.0749426
780 -0.290168 -0.227718 0.0994348
781 -0.260558 -0.23859 0.0111504
782 -0.196707 -0.0492084 0.000321214
783 -0.238195 -0.0732857 0.0200288
784 -0.243392 -0.100358 0.0393081
785 -0.202009 -0.259309 -0.000792622
786 -0.191579 -0.229675 -0.0130136
787 -0.194521 -0.23817 0.0137803
788 -0.195228 -0.0497144 -0.100647
789 -0.206098 -0.07757 -0.100648
790 -0.226305 -0.250723 0.0265169
791 -0.153984 -0.121816 -0.0484439
792 -0.182488 -0.11716 -0.0757784
793 -0.223685 -0.167136 0.0991853
794 -0.185004 -0.211167 0.0200126
795 -0.204948 -0.196648 -0.0701654
796 -0.175499 -0.183361 -0.0712344
797 -0.172788 -0.175906 -0.0390931
798 -0.176492 -0.0562451 0.0654267
799 -0.194892 -0.0496732 0.0990185
800 -0.189113 -0.0697976 0.099047
801 -0.165367 -0.0600796 0.099011
802 -0.135943 -0.0705472 0.0240589
803 -0.135965 -0.0705891 -0.000930243
804 -0.143353 -0.0917644 0.0371437
805 -0.165287 -0.15499 0.0736652
806 -0.168686 -0.164858 0.0991017
807 -0.240434 -0.192565 -0.0759601
808 -0.260744 -0.238318 0.0993623
809 -0.226211 -0.0988277 0.0692902
810 -0.185597 -0.212096 -0.100803
811 -0.288788 -0.228505 -0.0464874
812 -0.248692 -0.168764 0.002791
813 -0.184785 -0.21013 -0.0491028
814 -0.214332 -0.201487 0.0556046
815 -0.207406 -0.180761 0.0270456
816 -0.185666 -0.12861 -0.0525882
817 -0.273125 -0.175506 -0.0753691
818 -0.193491 -0.152318 0.0991171
819 -0.255467 -0.2404 -0.0548295
820 -0.26733 -0.205897 -0.0593815
821 -0.249374 -0.0781989 0.0990169
822 -0.262088 -0.137041 -0.100561
823 -0.136075 -0.0705752 -0.0508834
824 -0.224502 -0.177589 -0.100689
825 -0.199973 -0.186203 -0.100773
826 -0.16574 -0.0601789 -0.100782
827 -0.256402 -0.177092 -0.0480544
828 -0.209503 -0.142434 -0.00881543
829 -0.201817 -0.259281 0.0742142
830 -0.231284 -0.248826 0.0992754
831 -0.216921 -0.225855 0.0992132
832 -0.285147 -0.229801 -0.0136217
833 -0.185192 -0.212064 0.0991531
834 -0.254602 -0.203359 -0.100645
835 -0.275758 -0.233138 -0.0759259
836 -0.302713 -0.22328 0.0798925
837 -0.155694 -0.126452 -0.0778058
838 -0.224444 -0.0391409 0.0989202
839 -0.22473 -0.0392059 -0.100478
840 -0.178917 -0.0931179 0.0990608
841 -0.238702 -0.107377 -0.100577
842 -0.135899 -0.0705323 0.0490402
843 -0.144501 -0.095149 0.0698301
844 -0.150868 -0.0652268 0.0769955
845 -0.152332 -0.117638 0.0990766
846 -0.178324 -0.122955 0.0990807
847 -0.135852 -0.0704485 0.0990176
848 -0.144091 -0.0940481 0.0990442
849 -0.25494 -0.16921 -0.100634
850 -0.163413 -0.149015 -0.0346246
851 -0.19221 -0.231928 0.0704083
852 -0.201951 -0.259315 0.0242114
853 -0.202041 -0.259318 -0.0257994
854 -0.258847 -0.0878125 -0.100423
855 -0.261157 -0.238351 -0.100654
856 -0.204252 -0.115219 -0.100702
857 -0.135871 -0.0704821 0.0740244
858 -0.193473 -0.23566 0.0991747
859 -0.160498 -0.14125 0.0990847
860 -0.201771 -0.259246 0.0992078
861 -0.186293 -0.145455 0.00228543
862 -0.184352 -0.157547 0.00819352
863 -0.185693 -0.177842 0.00445802
864 -0.190646 -0.189229 0.00503398
865 -0.177078 -0.141815 -0.0155029
866 -0.182065 -0.13087 0.0110185
867 -0.206175 -0.0649765 0.0347967
868 -0.198515 -0.069352 0.0446275
869 -0.191579 -0.0509206 0.0514608
870 -0.237757 -0.2304 0.0860506
871 -0.227494 -0.0910662 0.0249209
872 -0.2366 -0.0875742 0.0141464
873 -0.230479 -0.0801842 -0.00303452
874 -0.233762 -0.0683594 0.00428448
875 -0.219481 -0.0931686 -0.00812735
876 -0.177381 -0.188485 -0.100835
877 -0.187735 -0.184779 -0.0860039
878 -0.285137 -0.204066 -0.0692794
879 -0.15423 -0.0904344 0.0553954
880 -0.140199 -0.0828416 0.0594311
881 -0.143348 -0.0678892 0.0629487
882 -0.169838 -0.0896553 0.0524903
883 -0.172113 -0.105972 0.0870181
884 -0.15848 -0.104651 0.0881284
885 -0.242712 -0.0491826 -0.079117
886 -0.253215 -0.0438586 -0.063073
887 -0.24432 -0.032288 -0.0460002
888 -0.237137 -0.0496431 -0.0363957
889 -0.212398 -0.244511 -0.0565847
890 -0.197955 -0.247538 -0.0599804
891 -0.221023 -0.179112 -0.0749473
892 -0.223007 -0.194576 -0.0731132
893 -0.247733 -0.0538304 -0.00966389
894 -0.219137 -0.06141 -0.0869431
895 -0.224901 -0.0506995 0.0856264
896 -0.225282 -0.0388773 0.0858836
897 -0.234893 -0.0463806 0.0789909
898 -0.249311 -0.0402657 0.0813343
899 -0.262647 -0.0523644 0.0842667
900 -0.26681 -0.0457026 0.0871633
901 -0.268341 -0.0384942 0.0837667
902 -0.257714 -0.0675995 0.0838423
903 -0.239645 -0.221808 -0.00951328
904 -0.170768 -0.13862 -0.0826437
905 -0.330948 -0.0160802 0.0554554
906 -0.33848 -0.0180733 0.0509434
907 -0.381329 -0.169062 0.0770441
908 -0.379053 -0.152033 0.0799832
909 -0.420089 -0.168447 0.0898478
910 -0.419511 -0.151118 0.0875251
911 -0.423967 -0.150614 0.100102
912 -0.419077 -0.180823 0.0854485
913 -0.319222 -0.0879718 -0.047614
914 -0.324234 -0.0694287 -0.0555672
915 -0.334866 -0.0761216 -0.0699375
916 -0.322628 -0.075942 -0.0854036
917 -0.331091 -0.0921773 -0.0818039
918 -0.351418 -0.0842219 -0.0843634
919 -0.35458 -0.0845487 -0.100086
920 -0.369999 -0.0886854 -0.0449237
921 -0.381327 -0.0867545 -0.0501485
922 -0.394468 -0.167566 0.0367199
923 -0.388667 -0.157606 0.0347184
924 -0.340914 -0.19697 0.0791366
925 -0.396172 -0.141571 -0.0784968
926 -0.386387 -0.137951 -0.073144
927 -0.33833 -0.174882 0.0802446
928 -0.375004 -0.00185246 -0.0143555
929 -0.379355 0.00269011 -0.0130801
930 -0.419475 -0.160871 -0.0415554
931 -0.431635 -0.162241 -0.0578691
932 -0.444209 -0.15448 -0.0684122
933 -0.452279 -0.141086 -0.0644792
934 -0.310199 -0.0226294 0.0426009
935 -0.29603 -0.0261795 0.0511136
936 -0.299221 -0.0395828 0.0445354
937 -0.363381 -0.00126032 -0.00815212
938 -0.363754 -0.00143151 0.0100979
939 -0.365215 -0.0174635 -0.00395435
940 -0.381691 0.00588936 0.0180324
941 -0.395179 0.0105915 0.00850897
942 -0.396545 -0.0072788 0.0161764
943 -0.404397 -0.00609627 0.000829785
944 -0.395679 -0.0212158 -0.00212018
945 -0.314025 -0.0210085 0.0798512
946 -0.309759 -0.0083841 0.0767695
947 -0.320721 -0.0147158 0.0713681
948 -0.329801 -0.0298085 0.0781962
949 -0.454664 0.0433173 -0.0873091
950 -0.460921 0.0340277 -0.0868103
951 -0.452676 0.0292633 -0.0815848
952 -0.448278 0.0272557 -0.0804314
953 -0.455165 0.0185482 -0.0858907
954 -0.460522 0.0380005 -0.0974458
955 -0.468151 0.0375984 -0.0848191
956 -0.513442 -0.0574207 0.0557583
957 -0.531556 -0.0596392 0.0481967
958 -0.5141 -0.0488917 0.043224
959 -0.524455 -0.0313846 0.041618
960 -0.53469 -0.0766501 0.0386426
961 -0.498113 -0.0605796 0.0627942
962 -0.469023 -0.0198229 0.0803109
963 -0.478126 0.000103132 0.0834324
964 -0.482927 -0.0286267 0.0827455
965 -0.482009 0.0361694 0.0802745
966 -0.479334 -0.0328979 0.0479511
967 -0.480982 -0.051032 0.0843173
968 -0.46995 -0.150185 0.0872663
969 -0.475194 -0.160276 0.0893932
970 -0.495327 -0.123669 0.0880013
971 -0.508945 -0.122381 0.101295
972 -0.495583 -0.142206 0.0864933
973 -0.488526 -0.1434 0.0881562
974 -0.542011 -0.121473 -0.038222
975 -0.546247 -0.120715 -0.0239514
976 -0.527901 -0.119629 -0.0508653
977 -0.475822 0.0153161 0.0161366
978 -0.472478 0.00604793 0.0124067
979 -0.464623 -0.0049192 0.000174613
980 -0.461398 -0.00250234 -0.0129982
981 -0.446905 -0.00688735 -0.00755928
982 -0.480069 -0.0031793 -0.0129212
983 -0.491246 0.00548611 -0.00412722
984 -0.48882 0.0113286 -0.00201895
985 -0.469212 -0.0361614 0.0503331
986 -0.490896 -0.103632 -0.0889588
987 -0.489381 -0.119815 -0.0843806
988 -0.444837 -0.0259103 0.0700724
989 -0.614639 -0.0842311 -0.00201282
990 -0.618346 -0.0825292 -0.00481387
991 -0.568562 -0.0584424 0.0889327
992 -0.562997 -0.0501448 0.0902432
993 -0.577779 0.0625466 0.034033
994 -0.58393 0.0818786 0.0367406
995 -0.565695 0.0608937 0.0480569
996 -0.587844 -0.0463263 0.0796595
997 -0.623331 -0.0558642 0.072211
998 -0.633197 -0.041121 0.0889291
999 -0.622629 -0.051399 0.101915
1000 -0.631818 -0.0334694 0.085095
1001 -0.617902 -0.0662962 0.0719916
1002 -0.637359 -0.0579877 -0.0824082
1003 -0.646235 -0.0514991 -0.0710455
1004 -0.629321 -0.00181878 -0.0619369
1005 -0.634827 -0.00985741 -0.0610071
1006 -0.630906 0.00717654 -0.0472611
1007 -0.646235 0.0212917 -0.0452575
1008 -0.632708 -0.0229322 -0.0865378
1009 -0.577752 -0.104479 0.092875
1010 -0.568584 -0.10543 0.0870103
1011 -0.557395 -0.109267 0.102142
1012 -0.579998 -0.0524118 -0.048759
1013 -0.308208 -0.108127 0.0342452
1014 -0.544281 0.00775821 0.0360134
1015 -0.626576 0.0320073 0.0867636
1016 -0.55879 -0.0453005 0.0505549
1017 -0.604272 0.0710531 -0.0801646
1018 -0.574007 -0.0198626 0.0528504
1019 -0.240527 -0.20746 -0.0372101
1020 -0.499876 -0.00984776 0.0329231
1021 -0.400235 -0.0329446 -0.0801314
1022 -0.592192 0.0387926 0.0485249
1023 -0.646235 -0.0010511 0.0787283
1024 -0.559504 0.00680201 0.042153
1025 -0.244408 -0.067182 -0.0755812
1026 -0.279762 -0.140357 -0.0630915
1027 -0.271427 -0.145105 0.00342808
1028 -0.273696 -0.176987 0.0346172
