1 -0.541418 -0.0771054 -0.0407061
2 -0.565454 -0.109938 -0.0398476
3 -0.558261 -0.070179 -0.00906046
4 -0.578318 -0.0761482 -0.0436819
5 -0.600982 -0.128886 0.0362541
6 -0.601081 -0.0888569 0.0137514
7 -0.615892 -0.122917 0.00421279
8 -0.610437 -0.0992756 0.0452466
9 -0.616388 -0.0665921 0.0568143
10 -0.615457 -0.0421451 0.0308391
11 -0.587536 -0.0729725 0.0456491
12 -0.521093 0.000930527 -0.069572
13 -0.49567 0.00938864 -0.0552124
14 -0.504236 0.0157823 -0.0970596
15 -0.502601 0.0457103 -0.0689899
16 -0.534615 -0.0476417 0.0993252
17 -0.513949 -0.048162 0.0615285
18 -0.545903 -0.0413208 0.0728492
19 -0.517685 -0.0348471 0.0809194
20 -0.59759 0.0462487 0.0320715
21 -0.646235 0.0407607 0.00518143
22 -0.614635 0.0240194 0.0396783
23 -0.646235 0.0730172 0.0271599
24 -0.549095 0.0335325 -0.0685385
25 -0.542457 0.0253352 -0.096618
26 -0.558283 0.0690337 -0.0944102
27 -0.538666 0.0604462 -0.0619173
28 -0.566121 0.0495729 -0.095323
29 -0.616407 -0.0238069 -0.0432654
30 -0.589971 -0.0357878 -0.0569625
31 -0.598213 -0.0558537 -0.0445354
32 -0.614006 -0.03424 -0.0752049
33 -0.583231 -0.0988152 -0.0107756
34 -0.559577 -0.0821551 0.0274562
35 -0.577183 -0.109488 0.0321493
36 -0.561601 -0.11139 0.00206901
37 -0.615355 0.0105905 -0.0131558
38 -0.646235 0.0020105 0.000880758
39 -0.646235 0.0175192 -0.0293126
40 -0.570968 -0.0390058 0.0341691
41 -0.583384 -0.045529 0.0638627
42 -0.607569 -0.0078824 0.0458437
43 -0.646235 0.1 -0.025
44 -0.646235 0.1 0
45 -0.646235 0.0734273 -0.0112679
46 -0.598976 0.0810635 -0.0239683
47 -0.536756 -0.0408584 0.0239414
48 -0.561836 -0.0272367 -0.00413356
49 -0.646235 0.0473314 0.0508233
50 -0.601338 0.0523327 0.0661334
51 -0.629813 -0.075123 0.104187
52 -0.639009 -0.111705 0.0771438
53 -0.640018 -0.111014 0.104911
54 -0.635824 -0.0823728 0.0696438
55 -0.576157 0.0014664 0.0223512
56 -0.617981 0.00085827 0.0154386
57 -0.510318 -0.00704672 0.0377781
58 -0.512737 -0.0188303 -0.00306246
59 -0.544148 0.00104533 0.0109463
60 -0.646235 -0.0492512 -0.0296903
61 -0.62063 -0.0517225 -0.0132069
62 -0.626583 -0.0682067 -0.0630089
63 -0.611266 -0.0908263 -0.0288428
64 -0.634377 -0.0819215 0.0165738
65 -0.638922 -0.0873419 -0.0185475
66 -0.587986 -0.0663532 -0.0753169
67 -0.646235 -0.032644 -0.00155263
68 -0.646235 -0.0459375 0.024835
69 -0.646235 -0.0165666 0.0283487
70 -0.589667 -0.0552368 -0.0195058
71 -0.585234 -0.0566102 0.00812026
72 -0.533004 0.0320763 -0.0398856
73 -0.514011 0.0210958 0.00675922
74 -0.548771 0.0330109 0.0380988
75 -0.557471 0.0299772 -0.00515148
76 -0.53279 0.0577957 -0.0258668
77 -0.569969 0.027895 -0.0354392
78 -0.585976 -0.0202966 0.0998215
79 -0.585932 0.0162156 0.097174
80 -0.575779 -0.0149561 0.0712456
81 -0.612419 0.0132565 0.0743842
82 -0.535535 -0.00213375 -0.0314456
83 -0.548308 -0.112171 0.0654696
84 -0.551139 -0.0696039 0.067275
85 -0.582984 -0.100056 0.0625736
86 -0.590833 -0.0248425 -0.0167857
87 -0.592212 -0.00183937 -0.0298631
88 -0.564775 -0.00564907 -0.0212773
89 -0.564045 -0.0403183 -0.0427611
90 -0.641996 -0.111558 -0.0772343
91 -0.646235 -0.0667146 -0.0503956
92 -0.646235 -0.1 -0.05
93 -0.644805 -0.110825 -0.0409259
94 -0.55465 -0.0310691 0.0991378
95 -0.572477 -0.0527042 0.100862
96 -0.525021 0.0561592 -0.0951525
97 -0.57302 -0.0203934 -0.0996054
98 -0.576965 0.0146395 -0.0973592
99 -0.608426 -0.00397978 -0.0733053
100 -0.58467 -0.00516295 -0.0566276
101 -0.604595 -0.0215878 0.00693243
102 -0.536161 -0.118794 0.0212239
103 -0.601898 0.0512556 -0.0955862
104 -0.646235 0.0668459 -0.0654286
105 -0.599156 0.0321312 -0.06489
106 -0.582292 0.0554879 -0.0556734
107 -0.57039 -0.142631 0.0376694
108 -0.580971 0.0211488 0.0644569
109 -0.570815 -0.094343 0.102661
110 -0.585606 -0.0667583 0.0809466
111 -0.607731 -0.093411 0.079987
112 -0.600316 -0.127822 0.0854848
113 -0.558315 0.0695089 0.0935615
114 -0.565665 0.0426678 0.0948333
115 -0.550017 0.0388805 0.0686845
116 -0.524269 0.057255 0.0933185
117 -0.646235 -0.0156538 -0.0295892
118 -0.646235 -0.000828139 -0.0523479
119 -0.646235 -0.0319327 -0.0645593
120 -0.548352 -0.0892267 0.101709
121 -0.499285 0.0165739 0.0949176
122 -0.492273 0.0428378 0.0939559
123 -0.519386 0.0212547 0.069379
124 -0.558317 -1.73645e-05 -0.0637019
125 -0.646235 -0.00138515 -0.0714992
126 -0.597292 -0.0612114 0.102547
127 -0.558927 0.00331642 0.0969818
128 -0.540997 -0.00555289 0.0603081
129 -0.589159 0.0154847 0.000255557
130 -0.599632 0.0568366 0.00115526
131 -0.564505 0.0445626 0.0167342
132 -0.621601 -0.0108225 -0.0186566
133 -0.615037 -0.0344132 0.0760041
134 -0.588719 -0.0468664 -0.100851
135 -0.56878 -0.0335925 -0.0763159
136 -0.59382 -0.0939819 -0.0552435
137 -0.601224 -0.12885 -0.02474
138 -0.613317 0.0144856 -0.0413262
139 -0.646235 0.0232858 0.0686351
140 -0.646235 -0.00210221 0.0574566
141 -0.541555 -0.114465 0.101798
142 -0.52977 -0.0443662 -0.0262049
143 -0.527304 -0.0809954 0.100588
144 -0.531063 0.0568311 0.00928251
145 -0.561367 0.0681715 -0.0125742
146 -0.646475 -0.110859 -0.00410496
147 -0.646235 -0.0685292 0.00314744
148 -0.646235 0.0776621 -0.0377538
149 -0.600161 0.0443662 -0.0261117
150 -0.539853 -0.0114291 -0.0986258
151 -0.533977 -0.0349529 -0.0644857
152 -0.53501 0.0220178 0.0952897
153 -0.526033 -0.0140628 0.0971271
154 -0.612716 0.0186571 -0.0986949
155 -0.612928 -0.123278 0.066898
156 -0.646235 0.0502716 -0.0347161
157 -0.621172 -0.0449417 -0.102256
158 -0.646235 0 -0.1
159 -0.646235 -0.0371008 0.0597063
160 -0.646235 -0.0711414 0.038456
161 -0.606175 -0.0980711 0.103762
162 -0.604757 -0.0785555 -0.103414
163 -0.636939 -0.0827303 -0.104246
164 -0.618143 -0.0948211 -0.0770918
165 -0.536472 0.0605694 0.0613019
166 -0.570347 0.073729 -0.0705526
167 -0.646235 0.0261169 -0.0656522
168 -0.584281 -0.135226 0.0710921
169 -0.552978 -0.14938 0.0717655
170 -0.575185 0.0740996 0.0563816
171 -0.54839 0.0638486 0.0347013
172 -0.502438 -0.0113188 0.0647723
173 -0.492017 0.0400475 -0.0116918
174 -0.508006 0.0473373 -0.0421068
175 -0.646235 0.075 0.1
176 -0.604632 0.0448781 0.0963546
177 -0.646235 0.0744889 0.0709772
178 -0.504647 -0.0202855 -0.0461367
179 -0.505228 -0.0353125 -0.0773417
180 -0.582509 0.076074 0.0147839
181 -0.492761 0.0408845 0.0254972
182 -0.519831 0.0530803 0.037448
183 -0.511513 0.023055 0.0471962
184 -0.537438 -0.109792 -0.0645273
185 -0.560158 -0.107917 -0.102893
186 -0.583025 -0.105332 -0.0763569
187 -0.561288 -0.0792186 -0.0717549
188 -0.646235 0.1 -0.05
189 -0.646235 0.1 0.05
190 -0.625519 -0.118883 -0.0246155
191 -0.615411 -0.122738 -0.0574406
192 -0.529725 -0.0671223 -0.0693062
193 -0.635245 -0.114425 0.0356908
194 -0.646235 -0.1 0.025
195 -0.646235 0.05 -0.1
196 -0.646235 -0.05 0.1
197 -0.619663 -0.0322078 0.101695
198 -0.646235 -0.1 -0.1
199 -0.646235 -0.0710655 -0.0775316
200 -0.646235 -0.08027 -0.0262146
201 -0.598133 0.0816612 -0.0622635
202 -0.566705 0.0712612 -0.0416839
203 -0.561871 -0.144049 0.103744
204 -0.588175 -0.132428 0.10406
205 -0.496028 0.0085257 -0.0252209
206 -0.551756 -0.065626 0.101186
207 -0.499296 0.0438263 0.0606039
208 -0.646235 0.0169698 0.0345753
209 -0.477318 0.0341262 -0.045285
210 -0.557003 -0.0475028 -0.100689
211 -0.592895 0.0810871 0.0939852
212 -0.592951 0.0825407 -0.0942358
213 -0.531753 -0.113892 -0.0171817
214 -0.530114 -0.0811037 -0.000731272
215 -0.587843 -0.134605 -0.0514959
216 -0.602521 -0.0134132 -0.100124
217 -0.646235 -0.0718804 0.0698327
218 -0.586511 -0.135492 0.00544874
219 -0.646235 -0.05 -0.1
220 -0.646235 0 0.1
221 -0.646235 0.05 0.1
222 -0.613759 0.00909423 0.0985755
223 -0.521885 -0.0549001 -0.100177
224 -0.49276 0.0424879 -0.0955175
225 -0.615147 -0.121295 -0.104813
226 -0.58904 -0.132533 -0.104461
227 -0.589043 -0.102916 -0.103851
228 -0.588387 -0.133483 -0.0812424
229 -0.646235 -0.1 -0.025
230 -0.646235 0.1 -0.1
231 -0.572499 -0.141761 -0.0282395
232 -0.559844 -0.146918 -0.0683081
233 -0.563014 -0.144212 -0.103955
234 -0.488383 0.0110386 0.0678714
235 -0.646235 0.1 0.1
236 -0.519941 -0.0739912 0.0293842
237 -0.646235 -0.1 0.05
238 -0.554014 -0.150762 0.00277171
239 -0.546704 -0.0764306 -0.101888
240 -0.574609 -0.0763391 -0.102469
241 -0.646235 -0.1 0.1
242 -0.500961 -0.0247118 -0.0986706
243 -0.641614 -0.110881 -0.105182
244 -0.521897 -0.0950303 0.0496161
245 -0.614361 -0.121951 0.1047
246 -0.646235 -0.1 0
247 -0.646235 -0.075 -0.1
248 -0.513115 -0.0761981 0.0775045
249 -0.510721 -0.0490448 0.0981695
250 -0.449256 -0.0397244 0.0380648
251 -0.489874 -0.0443075 0.027397
252 -0.458307 -0.0456041 0.00510141
253 -0.459366 -0.0768073 0.037818
254 -0.470165 -0.00547504 -0.00533049
255 -0.46059 0.025265 0.0119919
256 -0.510258 -0.171641 -0.00304253
257 -0.499096 -0.133229 0.00091482
258 -0.530164 -0.16171 0.0113218
259 -0.515299 -0.16887 0.02493
260 -0.50646 -0.116817 0.10086
261 -0.471254 -0.128736 0.100158
262 -0.492572 -0.113757 0.0658888
263 -0.479587 -0.101435 0.0996793
264 -0.407367 -0.0344316 -0.030867
265 -0.424443 -0.0333377 0.000773403
266 -0.426928 -0.0561474 -0.0338034
267 -0.410274 -0.0644812 -0.00478798
268 -0.467969 -0.149378 0.0649794
269 -0.4765 -0.112258 0.0380477
270 -0.452515 -0.11507 0.0693069
271 -0.542214 -0.155661 -0.0376176
272 -0.529764 -0.161639 -0.0137525
273 -0.475663 -0.00206134 0.035338
274 -0.462258 -0.0137136 0.0678506
275 -0.485079 -0.184848 -0.0184899
276 -0.456794 -0.199797 -0.027163
277 -0.441997 -0.166804 -0.0185375
278 -0.466442 -0.194844 0.00985347
279 -0.435366 -0.021186 -0.0493895
280 -0.437456 -0.0177268 -0.0179163
281 -0.537302 -0.157692 0.040398
282 -0.452477 -0.142878 0.0347791
283 -0.486817 -0.146465 0.0299513
284 -0.509575 -0.170246 0.10222
285 -0.483177 -0.184099 0.101377
286 -0.501063 -0.175318 0.0807205
287 -0.493583 -0.152658 0.101344
288 -0.450314 -0.0901966 -0.00662051
289 -0.430623 -0.0672308 0.0151578
290 -0.4836 -0.0370951 0.0605895
291 -0.511658 -0.139595 -0.0374449
292 -0.474436 -0.0753001 -0.0428001
293 -0.49361 -0.0920898 -0.0108233
294 -0.477251 -0.066361 -0.0120136
295 -0.403691 -0.00303537 0.0157164
296 -0.429209 0.0101632 -0.00148923
297 -0.444125 -0.0124732 0.0160218
298 -0.49744 -0.149565 0.073361
299 -0.524481 -0.163366 0.0754343
300 -0.41931 -0.0402237 0.0703215
301 -0.473188 -0.0583325 0.0682311
302 -0.50343 -0.102838 0.0212821
303 -0.513394 -0.13619 0.0425481
304 -0.482755 -0.0786514 0.0152836
305 -0.469909 -0.101636 -0.0688315
306 -0.502513 -0.0953909 -0.0712694
307 -0.505797 -0.104483 -0.0445108
308 -0.492288 -0.139313 -0.0679501
309 -0.518404 -0.136931 -0.0754255
310 -0.48844 -0.0373498 -0.0205191
311 -0.464648 -0.00674768 -0.0392727
312 -0.37585 -0.0535016 -0.0290202
313 -0.370653 -0.0201931 -0.0337719
314 -0.378653 -0.0445462 -0.0647806
315 -0.449159 -0.0473414 -0.0238375
316 -0.445486 -0.0548481 -0.0661256
317 -0.389791 -0.0459666 0.0535045
318 -0.408957 0.000310328 0.0485779
319 -0.387225 -0.0107254 0.0687983
320 -0.479373 -0.149254 -0.0245643
321 -0.473351 -0.16345 0.00659015
322 -0.407943 -0.0495269 -0.0606387
323 -0.455811 -0.163543 0.100354
324 -0.422858 -0.160371 0.0997075
325 -0.449086 -0.164541 0.075098
326 -0.438211 -0.132831 0.0993833
327 -0.51169 -0.134976 -0.102108
328 -0.526357 -0.163657 -0.072448
329 -0.510555 -0.170355 -0.102653
330 -0.492313 -0.0773094 0.0477552
331 -0.453783 0.0224376 -0.021657
332 -0.508213 -0.0611545 0.000620984
333 -0.50968 -0.0742533 -0.0321451
334 -0.509181 -0.171993 -0.0421141
335 -0.500038 -0.176256 -0.0774262
336 -0.475951 -0.165552 -0.0800687
337 -0.398826 -0.0781787 -0.0331695
338 -0.481582 -0.0139067 0.0104388
339 -0.433263 -0.129096 0.00986305
340 -0.413338 -0.14439 0.0327225
341 -0.438782 -0.168622 0.0141134
342 -0.504749 -0.173963 0.0514868
343 -0.479774 -0.186497 0.0739561
344 -0.490416 -0.023027 0.0974053
345 -0.485398 -0.053054 0.0981281
346 -0.429048 -0.0187406 0.0965234
347 -0.419191 -0.0486835 0.0972711
348 -0.401023 -0.0287489 0.0964916
349 -0.398459 -0.0844462 0.0292502
350 -0.409957 -0.099704 0.0703936
351 -0.391797 -0.0741224 0.0682661
352 -0.420162 -0.0682405 0.0470234
353 -0.468136 -0.0741154 -0.10002
354 -0.487414 -0.10797 -0.100981
355 -0.451263 -0.110784 -0.100772
356 -0.45896 -0.134074 -0.0735356
357 -0.426385 -0.143278 -0.101036
358 -0.435203 -0.125582 -0.0734942
359 -0.441207 -0.160119 -0.0779732
360 -0.474939 -0.0318357 -0.0569509
361 -0.461191 -0.160756 -0.0500766
362 -0.444543 -0.206119 -0.0645624
363 -0.476546 -0.188988 -0.0631734
364 -0.435343 -0.0819865 -0.0999161
365 -0.414664 -0.0795933 -0.0673474
366 -0.443877 -0.0905421 -0.0700042
367 -0.421233 -0.106277 -0.10045
368 -0.465083 0.0281411 0.044756
369 -0.440074 0.0164622 0.0656706
370 -0.434881 -0.00860794 0.0486264
371 -0.45653 -0.0416617 0.0973447
372 -0.396258 -0.00655008 -0.0479329
373 -0.400091 -0.00483351 -0.0167972
374 -0.521994 -0.127333 0.075492
375 -0.474055 -0.117982 -0.0330862
376 -0.447934 -0.124803 -0.0413772
377 -0.485631 -0.0148918 -0.0755985
378 -0.466008 0.00118554 -0.0651765
379 -0.523009 -0.098341 -0.101543
380 -0.413431 0.00313619 0.0747642
381 -0.409312 -0.0379673 0.0306167
382 -0.535756 -0.156657 0.103052
383 -0.429307 -0.146008 -0.0501914
384 -0.423661 0.0076765 -0.0340471
385 -0.415576 0.00381784 -0.0670085
386 -0.462223 -0.00330587 0.0953148
387 -0.48407 -0.184032 -0.102734
388 -0.473729 -0.146253 -0.101718
389 -0.502278 -0.0549506 -0.0616836
390 -0.493175 -0.053317 -0.100019
391 -0.452689 -0.103262 0.0989655
392 -0.437681 -0.0762756 0.0733648
393 -0.474577 -0.0922411 0.0740877
394 -0.476884 -0.0588946 -0.0754083
395 -0.382593 -0.0376399 -1.64443e-06
396 -0.445068 0.0183893 -0.0558972
397 -0.451845 -0.0206583 -0.0739409
398 -0.539025 -0.128688 -0.10259
399 -0.403542 -0.0767717 0.097753
400 -0.424026 -0.13222 -0.0169667
401 -0.456739 -0.198471 0.100964
402 -0.458538 -0.136159 -0.00274417
403 -0.469496 -0.113053 0.0110996
404 -0.400327 -0.0032667 0.0957611
405 -0.398862 -0.0753728 -0.0995708
406 -0.400435 -0.0343925 -0.0983334
407 -0.468378 0.030801 -0.0754699
408 -0.498712 -0.0779793 -0.100523
409 -0.413426 -0.112883 -0.0527802
410 -0.415331 -0.100794 -0.0044109
411 -0.439551 -0.0872799 -0.0357197
412 -0.474518 -0.190038 0.0432691
413 -0.431452 -0.105869 0.03409
414 -0.424602 -0.142408 0.0649489
415 -0.435145 -0.179042 0.0456245
416 -0.372438 -0.0191413 -0.00125
417 -0.371773 -0.0574413 0.031501
418 -0.420067 -0.104374 0.0986588
419 -0.496729 -0.0796685 0.0996805
420 -0.370543 -0.0188603 0.0961492
421 -0.438616 -0.0422256 -0.0987593
422 -0.452768 -0.170576 -0.101758
423 -0.453896 -0.200591 0.0693516
424 -0.437038 -0.0744408 0.0980569
425 -0.468113 -0.0757987 0.098504
426 -0.374058 -0.0465889 -0.0988953
427 -0.375287 -0.0792434 -0.0648094
428 -0.469935 -0.011026 -0.0977532
429 -0.416861 -0.0245673 -0.072699
430 -0.434344 0.0127052 0.0312424
431 -0.458017 -0.198295 -0.10199
432 -0.37155 -0.0185745 -0.0979563
433 -0.474349 -0.0406724 -0.0992621
434 -0.537201 -0.157534 -0.103661
435 -0.377016 -0.0165081 0.0349342
436 -0.400884 -0.00283217 -0.0967494
437 -0.391323 -0.0088155 -0.0745015
438 -0.400601 -0.123923 0.0163062
439 -0.461119 0.0281906 -0.0959322
440 -0.430005 0.012606 0.0945128
441 -0.470714 0.0317889 0.0714118
442 -0.422097 -0.0153161 -0.0974741
443 -0.443607 -0.00582921 -0.0970627
444 -0.376928 -0.045163 0.076738
445 -0.386051 -0.0525233 0.0970331
446 -0.369148 -0.020787 -0.0638256
447 -0.461002 0.0279479 0.0939274
448 -0.448027 -0.204347 0.0373367
449 -0.492493 -0.180671 0.0185687
450 -0.430667 0.0124958 -0.096591
451 -0.351707 -0.0296874 0.062926
452 -0.386584 -0.104766 0.0982952
453 -0.316816 -0.127854 0.00779041
454 -0.303677 -0.155411 0.0404985
455 -0.288238 -0.121719 0.0305028
456 -0.315618 -0.108427 0.040019
457 -0.348586 -0.190886 0.098957
458 -0.33417 -0.170482 0.0711004
459 -0.348213 -0.212037 0.0605256
460 -0.369963 -0.177606 0.0681765
461 -0.339738 -0.0364199 -0.0502289
462 -0.34173 -0.0348764 -0.0793984
463 -0.343577 -0.0589921 -0.0764029
464 -0.332993 -0.223249 -0.00433997
465 -0.369331 -0.247516 -0.00240911
466 -0.345016 -0.229131 -0.0348048
467 -0.343682 -0.261535 -0.0247458
468 -0.301573 -0.149606 -0.066524
469 -0.316491 -0.139993 -0.0320834
470 -0.338429 -0.145016 -0.0641708
471 -0.317656 -0.170294 -0.0364466
472 -0.323373 -0.193873 0.0211476
473 -0.31024 -0.187842 0.0586867
474 -0.327674 -0.229585 0.0403113
475 -0.382573 -0.211063 0.0751781
476 -0.377065 -0.211803 -0.101287
477 -0.387564 -0.237463 -0.0692101
478 -0.377407 -0.242796 -0.101358
479 -0.381138 -0.210472 -0.0753032
480 -0.316869 -0.186268 -0.0735479
481 -0.340656 -0.19424 -0.0417258
482 -0.357389 -0.187229 -0.0737507
483 -0.316661 -0.0487751 0.0497875
484 -0.318217 -0.0780853 0.0602555
485 -0.323356 -0.0447152 0.0760611
486 -0.334215 -0.0705286 0.0438972
487 -0.313157 -0.0500295 0.0972944
488 -0.316537 -0.0845915 0.0976902
489 -0.290287 -0.0629069 0.0750345
490 -0.340331 -0.03641 -0.0180022
491 -0.339814 -0.0365529 0.020536
492 -0.352191 -0.0663085 -0.00841
493 -0.340679 -0.147623 0.0267346
494 -0.355425 -0.140066 0.0709382
495 -0.326485 -0.125432 0.0619011
496 -0.312474 -0.169336 -0.100924
497 -0.298861 -0.129409 -0.100682
498 -0.283596 -0.158903 -0.100976
499 -0.347488 -0.17276 0.0448263
500 -0.384724 -0.122474 -0.0216564
501 -0.386355 -0.0965354 0.00110896
502 -0.381766 -0.16398 0.0298936
503 -0.411392 -0.190034 0.0179905
504 -0.381415 -0.203904 0.0339861
505 -0.409333 -0.172392 0.0368915
506 -0.359314 -0.155669 -0.0367877
507 -0.380385 -0.185572 -0.0428032
508 -0.399369 -0.146226 -0.050019
509 -0.375106 -0.16315 -0.0722309
510 -0.418618 -0.190626 -0.0110559
511 -0.415549 -0.192791 -0.0370321
512 -0.404272 -0.186019 0.0601365
513 -0.390983 -0.143783 0.0699511
514 -0.37343 -0.124718 0.0161406
515 -0.369227 -0.134494 0.0445887
516 -0.364128 -0.137693 -0.100468
517 -0.377055 -0.17518 -0.10104
518 -0.393357 -0.147973 -0.100868
519 -0.370169 -0.218563 -0.0374342
520 -0.395549 -0.233182 -0.033173
521 -0.371785 -0.217232 -0.00332116
522 -0.393943 -0.206351 -0.0329144
523 -0.402296 -0.166161 -0.0263758
524 -0.421891 -0.17522 -0.0569035
525 -0.308313 -0.160796 -0.00207395
526 -0.279642 -0.147573 0.00775341
527 -0.403871 -0.196586 -0.101401
528 -0.404512 -0.22773 -0.101619
529 -0.40499 -0.156662 0.00410324
530 -0.354777 -0.0689841 0.0616396
531 -0.332472 -0.267585 0.0149338
532 -0.353864 -0.224717 0.0220778
533 -0.388458 -0.105945 -0.0793412
534 -0.431958 -0.212699 0.062204
535 -0.423097 -0.190612 0.0786079
536 -0.368017 -0.248231 -0.0432283
537 -0.438198 -0.209983 0.00545046
538 -0.368823 -0.162389 -0.00536112
539 -0.351478 -0.192968 0.0182398
540 -0.356352 -0.221106 -0.0658389
541 -0.341771 -0.138599 -0.0155054
542 -0.370434 -0.0860543 -0.0259169
543 -0.323751 -0.0791123 -0.0218244
544 -0.349589 -0.105213 -0.0399732
545 -0.345104 -0.0670338 -0.0452617
546 -0.293398 -0.0897134 0.0320178
547 -0.28902 -0.0966485 0.0673397
548 -0.253358 -0.118535 0.0543509
549 -0.248842 -0.0859365 0.0305903
550 -0.415397 -0.221914 -0.0649374
551 -0.431407 -0.212861 -0.101846
552 -0.278995 -0.0694963 0.00521228
553 -0.268688 -0.108112 0.00838536
554 -0.354369 -0.197657 -0.0133374
555 -0.401386 -0.186118 -0.0713628
556 -0.428084 -0.181056 -0.101264
557 -0.280104 -0.162137 -0.027703
558 -0.39494 -0.118709 -0.100283
559 -0.407381 -0.142013 -0.0772592
560 -0.375666 -0.0749803 0.00187073
561 -0.285498 -0.066006 -0.0631905
562 -0.28794 -0.0944335 -0.0247978
563 -0.265918 -0.0767243 -0.0346965
564 -0.305999 -0.0548809 -0.0367272
565 -0.306155 -0.0547535 0.0232825
566 -0.258708 -0.112325 -0.0512013
567 -0.267815 -0.110504 -0.100674
568 -0.286253 -0.0927047 -0.0747848
569 -0.258951 -0.0804313 -0.0758977
570 -0.341678 -0.103879 0.0370467
571 -0.320784 -0.11182 -0.0289445
572 -0.378632 -0.242012 0.058491
573 -0.37601 -0.123293 -0.0688892
574 -0.344215 -0.146082 0.0985913
575 -0.315297 -0.124273 0.0981852
576 -0.313704 -0.164763 0.0985689
577 -0.304414 -0.159411 0.0768922
578 -0.387007 -0.102572 -0.0507276
579 -0.34824 -0.0964328 -0.074048
580 -0.345184 -0.16377 -0.100903
581 -0.308553 -0.0936602 0.00528318
582 -0.290482 -0.0634058 -0.0171883
583 -0.282058 -0.129256 0.0676215
584 -0.28192 -0.104828 0.0979706
585 -0.29759 -0.0868569 -0.10015
586 -0.311942 -0.0513357 -0.0709029
587 -0.285802 -0.0655551 -0.0999599
588 -0.374419 -0.0796312 0.0977174
589 -0.294065 -0.126311 -0.0117695
590 -0.308834 -0.202907 0.0987125
591 -0.311772 -0.214076 0.0745232
592 -0.350813 -0.104533 0.0980009
593 -0.36175 -0.251607 -0.0745514
594 -0.356056 -0.228695 -0.101307
595 -0.331175 -0.245699 -0.0798054
596 -0.387767 -0.189419 -0.00476125
597 -0.343901 -0.198572 -0.101067
598 -0.331393 -0.2336 -0.101258
599 -0.330396 -0.218063 -0.0746501
600 -0.349834 -0.102637 -0.000538614
601 -0.368062 -0.10722 0.0686672
602 -0.371001 -0.130406 0.0983509
603 -0.317064 -0.0845268 -0.0599559
604 -0.349656 -0.0609957 0.0972504
605 -0.332016 -0.13652 -0.100645
606 -0.347324 -0.118649 -0.100391
607 -0.314078 -0.0498002 -0.0993469
608 -0.328517 -0.068299 -0.0994654
609 -0.338335 -0.0973778 0.0696298
610 -0.358178 -0.253403 0.0378019
611 -0.374789 -0.214078 0.0993153
612 -0.356107 -0.227241 0.0993224
613 -0.296296 -0.108024 -0.0469118
614 -0.40549 -0.167627 -0.101112
615 -0.279432 -0.135729 -0.0428288
616 -0.394249 -0.113829 0.049596
617 -0.317167 -0.115533 -0.0710192
618 -0.260036 -0.131326 -0.0172312
619 -0.310682 -0.0524246 -0.00356101
620 -0.335516 -0.0768431 0.016822
621 -0.335205 -0.174865 -0.00984022
622 -0.421144 -0.218848 0.0362359
623 -0.405725 -0.226972 0.0708231
624 -0.366718 -0.0917281 0.0368917
625 -0.331342 -0.231256 0.0990162
626 -0.349325 -0.257764 0.0992404
627 -0.354905 -0.254873 0.0721546
628 -0.308736 -0.208049 -0.101129
629 -0.347429 -0.259534 -0.0540768
630 -0.371021 -0.158044 0.0989196
631 -0.310752 -0.217947 -0.044047
632 -0.426451 -0.21629 -0.0287301
633 -0.404458 -0.228256 0.00586035
634 -0.356835 -0.0705442 -0.0994786
635 -0.365721 -0.102841 -0.100073
636 -0.331466 -0.101185 -0.100163
637 -0.342554 -0.0340361 -0.0987186
638 -0.381366 -0.240737 0.0274235
639 -0.400901 -0.138007 0.0989561
640 -0.391901 -0.182517 0.0994311
641 -0.279597 -0.127612 -0.0760173
642 -0.376435 -0.242863 0.0994688
643 -0.282832 -0.0673412 0.0422047
644 -0.301931 -0.201806 -0.0166907
645 -0.425956 -0.190128 0.100012
646 -0.249995 -0.085436 -0.00411772
647 -0.350241 -0.257818 -0.10132
648 -0.397973 -0.231643 0.0396211
649 -0.257114 -0.0808018 0.0976841
650 -0.25647 -0.0815032 0.0672065
651 -0.341599 -0.0344915 0.096761
652 -0.284974 -0.0655131 0.097422
653 -0.251143 -0.109094 0.097952
654 -0.284815 -0.144205 0.0983059
655 -0.329042 -0.245452 -0.0575562
656 -0.403279 -0.22796 0.100015
657 -0.430151 -0.212804 0.100248
658 -0.25779 -0.0809175 -0.100512
659 -0.333239 -0.267006 0.0534839
660 -0.304154 -0.254736 0.0422832
661 -0.240418 -0.317441 -0.101505
662 -0.228568 -0.295493 -0.0698776
663 -0.267991 -0.30271 -0.101379
664 -0.264886 -0.304368 -0.0708477
665 -0.18711 -0.216899 -0.0679766
666 -0.182043 -0.206897 -0.101702
667 -0.217198 -0.209251 -0.101488
668 -0.196357 -0.186263 -0.101607
669 -0.228056 -0.129246 -0.0435866
670 -0.237951 -0.119534 -0.0121514
671 -0.212956 -0.178695 0.00853624
672 -0.177372 -0.198923 -0.0142443
673 -0.203454 -0.182543 -0.0231629
674 -0.185396 -0.152489 -0.000776977
675 -0.219135 -0.213159 0.0207192
676 -0.187134 -0.217965 0.0423481
677 -0.184987 -0.213671 0.0125138
678 -0.204089 -0.192351 0.0421678
679 -0.282965 -0.261355 0.0594705
680 -0.271881 -0.300318 0.0652505
681 -0.289037 -0.291191 0.0421613
682 -0.258114 -0.277519 0.031957
683 -0.230716 -0.0958671 -0.0584685
684 -0.228701 -0.0969491 -0.022836
685 -0.30495 -0.237852 -0.101267
686 -0.275354 -0.214289 0.0986122
687 -0.276905 -0.192119 0.0605466
688 -0.267073 -0.23081 0.073253
689 -0.295505 -0.221973 0.0538742
690 -0.308039 -0.280712 0.0690588
691 -0.18572 -0.154561 0.0358226
692 -0.16963 -0.184449 0.0169229
693 -0.223971 -0.237593 -0.0136117
694 -0.199443 -0.241189 0.0209816
695 -0.208053 -0.257261 -0.0105528
696 -0.192439 -0.227554 -0.00944253
697 -0.239975 -0.194738 0.0583163
698 -0.266281 -0.230613 0.0341831
699 -0.260755 -0.215914 -0.0299904
700 -0.22283 -0.21238 -0.0387037
701 -0.259841 -0.209532 -0.0693172
702 -0.244179 -0.185624 -0.0366953
703 -0.237819 -0.178073 0.0345426
704 -0.207648 -0.165127 0.062755
705 -0.218601 -0.152908 0.0299862
706 -0.246644 -0.263775 -0.028544
707 -0.247189 -0.225673 -0.00671666
708 -0.243674 -0.237399 -0.0498923
709 -0.292858 -0.289326 -0.0252408
710 -0.250436 -0.260222 0.00495069
711 -0.26551 -0.304013 -0.00926976
712 -0.280037 -0.248587 -0.0199552
713 -0.322974 -0.272914 -0.101258
714 -0.336226 -0.265652 -0.0763645
715 -0.265433 -0.304087 -0.0392492
716 -0.260748 -0.272278 -0.0557373
717 -0.229814 -0.297994 -0.0422813
718 -0.280961 -0.179865 0.0983934
719 -0.271871 -0.162299 0.0684148
720 -0.248793 -0.279471 0.0731338
721 -0.31547 -0.246126 0.0694739
722 -0.300139 -0.241905 0.0988012
723 -0.266716 -0.24963 0.098617
724 -0.31162 -0.245994 -0.0241104
725 -0.211869 -0.105707 0.0713929
726 -0.226059 -0.133968 0.0980939
727 -0.281273 -0.189499 -0.053805
728 -0.197744 -0.113614 -0.0386719
729 -0.208504 -0.13811 -0.0217847
730 -0.228756 -0.0968819 0.0072255
731 -0.249179 -0.200717 0.0183015
732 -0.249648 -0.166728 0.00354256
733 -0.188173 -0.158053 -0.10156
734 -0.177424 -0.124534 -0.071601
735 -0.221693 -0.142802 -0.0719852
736 -0.18936 -0.15202 -0.0506627
737 -0.301171 -0.228345 0.0142319
738 -0.292231 -0.259198 0.0139772
739 -0.236797 -0.182596 -0.0693732
740 -0.221813 -0.218645 -0.0739727
741 -0.233342 -0.248424 0.0984575
742 -0.206494 -0.254854 0.0623034
743 -0.222934 -0.227501 0.0627636
744 -0.204388 -0.251149 0.0983481
745 -0.161648 -0.168452 -0.0727209
746 -0.160129 -0.165867 -0.0501219
747 -0.219717 -0.162292 -0.0472629
748 -0.255493 -0.151149 -0.0589766
749 -0.240375 -0.15869 -0.0240239
750 -0.170478 -0.18477 -0.101692
751 -0.14711 -0.140696 -0.101772
752 -0.173097 -0.191302 0.0621077
753 -0.248508 -0.129256 -0.101038
754 -0.265861 -0.187729 -0.0114456
755 -0.178898 -0.12353 0.0268373
756 -0.223114 -0.140374 0.00975376
757 -0.173893 -0.126327 -0.00509959
758 -0.16831 -0.129368 -0.0341342
759 -0.16174 -0.169138 -0.0248751
760 -0.280902 -0.1861 0.0223571
761 -0.276607 -0.166807 -0.0761896
762 -0.193721 -0.228985 -0.101657
763 -0.310864 -0.279352 0.0390685
764 -0.20699 -0.108631 -0.0740786
765 -0.209457 -0.204309 0.0765566
766 -0.248223 -0.193395 0.0983615
767 -0.221606 -0.173382 0.0982283
768 -0.240262 -0.317527 -0.0514934
769 -0.253524 -0.160017 0.0982151
770 -0.254695 -0.273551 -0.101375
771 -0.28562 -0.293211 -0.0802481
772 -0.21285 -0.105384 0.0366396
773 -0.231672 -0.0950332 0.0605574
774 -0.219787 -0.132613 0.0504597
775 -0.239844 -0.317537 0.0485641
776 -0.226498 -0.292389 0.0390595
777 -0.250079 -0.197599 -0.101271
778 -0.208187 -0.144627 0.0788093
779 -0.178809 -0.154401 0.0740364
780 -0.322053 -0.272754 0.0990615
781 -0.294775 -0.288182 0.0105905
782 -0.203541 -0.11046 -0.000491795
783 -0.248123 -0.127898 0.0192714
784 -0.25719 -0.153848 0.0385617
785 -0.240113 -0.317531 -0.00147051
786 -0.225365 -0.289815 -0.013736
787 -0.229494 -0.297759 0.0130812
788 -0.202364 -0.111114 -0.101316
789 -0.217297 -0.136989 -0.101301
790 -0.26275 -0.305375 0.025912
791 -0.172186 -0.188745 -0.0493116
792 -0.199753 -0.179828 -0.0765716
793 -0.247413 -0.222959 0.0984858
794 -0.216 -0.27249 0.0192731
795 -0.233694 -0.255113 -0.0708725
796 -0.202625 -0.246387 -0.0720182
797 -0.19877 -0.239434 -0.0398878
798 -0.184446 -0.120422 0.064483
799 -0.201613 -0.111055 0.0980548
800 -0.19888 -0.131838 0.0981204
801 -0.173942 -0.125826 0.0980338
802 -0.146552 -0.140721 0.0231133
803 -0.146624 -0.140801 -0.00186142
804 -0.157017 -0.160582 0.0362177
805 -0.187994 -0.219776 0.0728288
806 -0.192763 -0.228983 0.0982808
807 -0.268114 -0.245682 -0.0766067
808 -0.294657 -0.287762 0.0989101
809 -0.239916 -0.154941 0.0684881
810 -0.216938 -0.273294 -0.101541
811 -0.321196 -0.273892 -0.0470623
812 -0.27255 -0.220857 0.00215927
813 -0.215757 -0.271501 -0.04985
814 -0.24343 -0.258466 0.054927
815 -0.233552 -0.239031 0.0263342
816 -0.204536 -0.190691 -0.0533777
817 -0.297784 -0.223769 -0.0759743
818 -0.215406 -0.212858 0.098307
819 -0.290151 -0.290729 -0.0554597
820 -0.296633 -0.254776 -0.0599927
821 -0.259744 -0.13081 0.0981337
822 -0.281222 -0.187265 -0.101133
823 -0.146839 -0.14077 -0.0517731
824 -0.250225 -0.233259 -0.101369
825 -0.227293 -0.24551 -0.101488
826 -0.174771 -0.125986 -0.101571
827 -0.281503 -0.227927 -0.0486716
828 -0.229994 -0.200761 -0.00953242
829 -0.239708 -0.317496 0.0735662
830 -0.267179 -0.302669 0.0987137
831 -0.249513 -0.282137 0.0985699
832 -0.317746 -0.275726 -0.0141619
833 -0.2161 -0.273256 0.0984157
834 -0.283747 -0.254166 -0.101287
835 -0.309088 -0.280447 -0.0765569
836 -0.333802 -0.2665 0.0795348
837 -0.174633 -0.19305 -0.0786596
838 -0.229306 -0.0960729 0.0978917
839 -0.229976 -0.0961631 -0.100979
840 -0.192261 -0.156466 0.0981559
841 -0.253906 -0.161397 -0.101166
842 -0.14645 -0.140691 0.0480762
843 -0.158577 -0.163706 0.068902
844 -0.160405 -0.133148 0.0760278
845 -0.169612 -0.184724 0.0981832
846 -0.19609 -0.186096 0.0982196
847 -0.146292 -0.140525 0.0980329
848 -0.157949 -0.162635 0.0981058
849 -0.278966 -0.220266 -0.101249
850 -0.185507 -0.214219 -0.0354521
851 -0.226101 -0.291894 0.069709
852 -0.239989 -0.317543 0.0235492
853 -0.240189 -0.317547 -0.0264863
854 -0.270969 -0.1389 -0.100875
855 -0.295517 -0.287808 -0.101301
856 -0.221042 -0.174557 -0.101398
857 -0.146359 -0.140594 0.0730456
858 -0.22782 -0.295361 0.0984822
859 -0.181145 -0.206869 0.0982233
860 -0.239578 -0.317438 0.0985611
861 -0.207495 -0.207275 0.0015193
862 -0.207377 -0.219509 0.00741325
863 -0.211725 -0.239407 0.00369838
864 -0.218313 -0.249935 0.00428791
865 -0.197907 -0.205061 -0.016306
866 -0.201151 -0.193463 0.0102181
867 -0.215183 -0.124592 0.0339515
868 -0.208234 -0.130061 0.0437666
869 -0.1986 -0.112871 0.0505481
870 -0.270816 -0.283466 0.0854893
871 -0.240139 -0.147129 0.0241474
872 -0.24865 -0.142285 0.0133944
873 -0.241575 -0.135926 -0.00375557
874 -0.243063 -0.123697 0.00355358
875 -0.232617 -0.150458 -0.00886707
876 -0.205318 -0.251141 -0.101602
877 -0.21496 -0.245941 -0.0867495
878 -0.31391 -0.250231 -0.0698886
879 -0.167535 -0.157603 0.0544818
880 -0.15251 -0.152201 0.058481
881 -0.153395 -0.136931 0.0619824
882 -0.182864 -0.154488 0.0515992
883 -0.187461 -0.170235 0.0861337
884 -0.173782 -0.170973 0.0872264
885 -0.249248 -0.103242 -0.0796079
886 -0.258837 -0.0963688 -0.0635357
887 -0.248301 -0.0863645 -0.0465346
888 -0.243714 -0.104626 -0.0370106
889 -0.248234 -0.30134 -0.0572737
890 -0.234415 -0.306511 -0.0606868
891 -0.246963 -0.235307 -0.0756299
892 -0.251214 -0.250328 -0.0737878
893 -0.254799 -0.107152 -0.0103333
894 -0.227735 -0.119014 -0.0875273
895 -0.231512 -0.107466 0.0846674
896 -0.230127 -0.0957142 0.0848901
897 -0.240783 -0.101648 0.0780261
898 -0.254174 -0.0933468 0.0803532
899 -0.269163 -0.103214 0.0833121
900 -0.272312 -0.0959515 0.0861734
901 -0.272782 -0.0885867 0.0827706
902 -0.266475 -0.11906 0.0829598
903 -0.27165 -0.274759 -0.0101485
904 -0.191343 -0.202811 -0.0834621
905 -0.331866 -0.056634 0.0545431
906 -0.339662 -0.0574925 0.0500713
907 -0.402838 -0.200882 0.0769385
908 -0.398121 -0.18421 0.079801
909 -0.44064 -0.194574 0.0899957
910 -0.437576 -0.17742 0.087566
911 -0.441788 -0.176233 0.100236
912 -0.441519 -0.207089 0.0856549
913 -0.33057 -0.12973 -0.0480719
914 -0.3329 -0.110568 -0.0559446
915 -0.344357 -0.115455 -0.0702783
916 -0.33224 -0.117119 -0.0857149
917 -0.342893 -0.131905 -0.0821715
918 -0.361868 -0.120849 -0.0846672
919 -0.364941 -0.12063 -0.100346
920 -0.380664 -0.122685 -0.0453831
921 -0.391485 -0.118956 -0.0504897
922 -0.41568 -0.197599 0.0365203
923 -0.408538 -0.188554 0.0344743
924 -0.367388 -0.234595 0.0789032
925 -0.413689 -0.171425 -0.0790096
926 -0.403589 -0.169259 -0.0736563
927 -0.36151 -0.21307 0.079922
928 -0.374134 -0.0358234 -0.0146706
929 -0.377888 -0.0305871 -0.0133691
930 -0.439372 -0.187437 -0.0419867
931 -0.451511 -0.187028 -0.0584115
932 -0.462674 -0.177589 -0.0690017
933 -0.468571 -0.163143 -0.0650747
934 -0.31218 -0.0664719 0.0417581
935 -0.298574 -0.0721812 0.0502285
936 -0.303686 -0.0849422 0.0437085
937 -0.362374 -0.0370491 -0.00854644
938 -0.362747 -0.0371707 0.00954068
939 -0.366439 -0.052774 -0.00437884
940 -0.37971 -0.0271056 0.0173874
941 -0.392646 -0.0204446 0.00803714
942 -0.396265 -0.0378665 0.0155747
943 -0.404071 -0.0355534 0.000403268
944 -0.397244 -0.0517861 -0.0025344
945 -0.315662 -0.0641035 0.0788076
946 -0.309668 -0.0523006 0.0756905
947 -0.321467 -0.0568331 0.0703175
948 -0.332548 -0.0703401 0.0771842
949 -0.449037 0.0212208 -0.0862069
950 -0.456312 0.0130122 -0.0857896
951 -0.44851 0.00704853 -0.0806774
952 -0.444277 0.00438736 -0.0796048
953 -0.452109 -0.00315002 -0.0851039
954 -0.455419 0.0170604 -0.0962312
955 -0.463246 0.0176294 -0.0837992
956 -0.51758 -0.0716689 0.0555746
957 -0.535749 -0.0718516 0.0481802
958 -0.517455 -0.063053 0.0430245
959 -0.52592 -0.0441837 0.0415648
960 -0.540843 -0.088649 0.0386763
961 -0.502869 -0.076682 0.062569
962 -0.469761 -0.03931 0.0794774
963 -0.476691 -0.0182442 0.0822951
964 -0.484481 -0.0462519 0.0820579
965 -0.477208 0.0181309 0.0785768
966 -0.48177 -0.0512071 0.0474832
967 -0.485045 -0.0691229 0.083902
968 -0.486699 -0.169643 0.0877027
969 -0.493214 -0.179051 0.0899897
970 -0.507851 -0.140017 0.0884335
971 -0.520864 -0.136925 0.101955
972 -0.510572 -0.158514 0.0871169
973 -0.503846 -0.160561 0.0887385
974 -0.553676 -0.132815 -0.0387015
975 -0.557672 -0.131678 -0.0242564
976 -0.539619 -0.132495 -0.0514593
977 -0.473215 -0.00387506 0.0156465
978 -0.470785 -0.0135474 0.0119553
979 -0.464197 -0.0254989 -0.000126998
980 -0.46065 -0.0235951 -0.0131772
981 -0.446656 -0.0300307 -0.00782907
982 -0.479441 -0.0216011 -0.0131101
983 -0.489673 -0.011497 -0.00436833
984 -0.486693 -0.00605377 -0.0022846
985 -0.472097 -0.0557664 0.0498342
986 -0.501318 -0.120689 -0.0895514
987 -0.501902 -0.1371 -0.0850662
988 -0.446508 -0.0488105 0.0692529
989 -0.620218 -0.0880663 -0.00196318
990 -0.623679 -0.0859791 -0.00477864
991 -0.57163 -0.0660943 0.0893643
992 -0.56536 -0.058255 0.090484
993 -0.573193 0.055608 0.0334239
994 -0.578805 0.0754559 0.035966
995 -0.560914 0.0525802 0.0471656
996 -0.589567 -0.0521343 0.0800894
997 -0.625581 -0.058267 0.0729018
998 -0.633928 -0.0425365 0.0897469
999 -0.624271 -0.0538203 0.102944
1000 -0.632209 -0.0350454 0.0858764
1001 -0.621042 -0.0692121 0.0728208
1002 -0.639715 -0.0590793 -0.0832584
1003 -0.646235 -0.0514991 -0.0710455
1004 -0.629254 -0.00350898 -0.0622466
1005 -0.634618 -0.0112716 -0.0613097
1006 -0.630249 0.00554937 -0.047576
1007 -0.646235 0.0212917 -0.0452575
1008 -0.633156 -0.0243467 -0.0870365
1009 -0.585828 -0.111426 0.0938122
1010 -0.577038 -0.113325 0.0878055
1011 -0.566514 -0.118235 0.103087
1012 -0.582617 -0.0593286 -0.0490498
1013 -0.322211 -0.151558 0.0336388
1014 -0.542704 -0.00259745 0.0354844
1015 -0.624646 0.0298271 0.0863777
1016 -0.561006 -0.054363 0.0506156
1017 -0.599963 0.0668198 -0.0793875
1018 -0.574079 -0.0270539 0.0527475
1019 -0.270398 -0.260437 -0.0378461
1020 -0.499819 -0.0255678 0.0324855
1021 -0.403325 -0.0625073 -0.0800369
1022 -0.589173 0.0333078 0.0479247
1023 -0.646235 -0.0010511 0.0787283
1024 -0.558053 -0.00193422 0.0416611
1025 -0.2536 -0.120784 -0.0761182
1026 -0.299079 -0.187897 -0.063667
1027 -0.291464 -0.193879 0.00279605
1028 -0.298359 -0.225145 0.0340624
