1 -0.541889 -0.0785394 -0.04089
2 -0.566534 -0.110884 -0.0399266
3 -0.558664 -0.0711081 -0.0093807
4 -0.578812 -0.0769675 -0.0440271
5 -0.602043 -0.129669 0.0361872
6 -0.601816 -0.0896388 0.0137232
7 -0.616972 -0.123526 0.00413775
8 -0.610984 -0.0998921 0.0451759
9 -0.616316 -0.0670962 0.0566542
10 -0.614993 -0.0423407 0.0308582
11 -0.587667 -0.0736981 0.0455796
12 -0.521606 -0.000229348 -0.0694323
13 -0.495808 0.00779078 -0.055169
14 -0.50425 0.014137 -0.0969105
15 -0.502155 0.04417 -0.0690549
16 -0.535007 -0.0488257 0.0991847
17 -0.514437 -0.0495162 0.0612977
18 -0.546487 -0.0423537 0.0726142
19 -0.517387 -0.0365093 0.0808873
20 -0.597521 0.0460762 0.0320349
21 -0.646235 0.0407607 0.00518143
22 -0.614398 0.0232267 0.0395141
23 -0.646235 0.0730172 0.0271599
24 -0.548952 0.0327932 -0.0684149
25 -0.542445 0.0243926 -0.0963044
26 -0.55803 0.0680802 -0.0943694
27 -0.538279 0.0595122 -0.0619491
28 -0.56604 0.0487777 -0.0951769
29 -0.615897 -0.0237221 -0.0435654
30 -0.590913 -0.0364466 -0.0570617
31 -0.598056 -0.0562791 -0.0447781
32 -0.614338 -0.0345597 -0.0752427
33 -0.584035 -0.0998931 -0.0108342
34 -0.560043 -0.0832774 0.0273305
35 -0.578037 -0.110413 0.0320673
36 -0.562485 -0.112476 0.00195169
37 -0.614731 0.0100513 -0.0130853
38 -0.646235 0.0020105 0.000880758
39 -0.646235 0.0175192 -0.0293126
40 -0.571974 -0.0398896 0.0341023
41 -0.583257 -0.0461503 0.0639061
42 -0.607885 -0.00888363 0.0455327
43 -0.646235 0.1 -0.025
44 -0.646235 0.1 0
45 -0.646235 0.0734273 -0.0112679
46 -0.598811 0.0805079 -0.0239733
47 -0.537203 -0.0422502 0.0237701
48 -0.562473 -0.0282513 -0.00423263
49 -0.646235 0.0473314 0.0508233
50 -0.601278 0.0519194 0.0660509
51 -0.630162 -0.0754506 0.10408
52 -0.639697 -0.111812 0.0770024
53 -0.640853 -0.111191 0.104835
54 -0.636027 -0.082454 0.0694392
55 -0.575916 0.000482287 0.0222393
56 -0.617761 0.000653751 0.0153452
57 -0.510337 -0.00837049 0.0374411
58 -0.512423 -0.0203323 -0.0033186
59 -0.544313 -0.000134768 0.0108315
60 -0.646235 -0.0492512 -0.0296903
61 -0.619949 -0.0520288 -0.0136356
62 -0.626474 -0.0683731 -0.0631285
63 -0.611836 -0.0916471 -0.0290342
64 -0.634551 -0.0818689 0.016504
65 -0.639122 -0.0873667 -0.0185874
66 -0.587691 -0.0670936 -0.0754507
67 -0.646235 -0.032644 -0.00155263
68 -0.646235 -0.0459375 0.024835
69 -0.646235 -0.0165666 0.0283487
70 -0.589637 -0.0562989 -0.0198738
71 -0.585453 -0.0572025 0.00764429
72 -0.53275 0.0311597 -0.0399673
73 -0.514018 0.0195913 0.00668369
74 -0.548764 0.0322481 0.0378515
75 -0.557627 0.0291984 -0.00527574
76 -0.532537 0.0567031 -0.0259935
77 -0.56973 0.0270681 -0.0354331
78 -0.586062 -0.0209302 0.0991875
79 -0.585719 0.0152201 0.0972321
80 -0.576379 -0.0160762 0.0707917
81 -0.611672 0.0129821 0.0745058
82 -0.535316 -0.00389128 -0.0313839
83 -0.549106 -0.113325 0.0654113
84 -0.551316 -0.0707554 0.067331
85 -0.583569 -0.100828 0.062513
86 -0.591627 -0.0253671 -0.0167984
87 -0.591917 -0.00276815 -0.0298191
88 -0.564358 -0.00655758 -0.0213823
89 -0.565062 -0.0411451 -0.0428478
90 -0.642786 -0.111438 -0.0772362
91 -0.646235 -0.0667146 -0.0503956
92 -0.646235 -0.1 -0.05
93 -0.645594 -0.110774 -0.04092
94 -0.554619 -0.0320326 0.0985901
95 -0.572719 -0.0536476 0.101123
96 -0.524587 0.0549206 -0.0950329
97 -0.572825 -0.0213399 -0.0992637
98 -0.576826 0.0142948 -0.097636
99 -0.608196 -0.00453593 -0.0730538
100 -0.584089 -0.00617409 -0.0569109
101 -0.605023 -0.0220341 0.00690368
102 -0.537179 -0.120091 0.0210981
103 -0.602063 0.0506161 -0.0954826
104 -0.646235 0.0668459 -0.0654286
105 -0.598942 0.0317413 -0.065173
106 -0.582288 0.0547614 -0.055528
107 -0.571646 -0.143591 0.0375939
108 -0.580418 0.0205645 0.0645058
109 -0.571466 -0.0952681 0.102649
110 -0.585787 -0.06751 0.0809074
111 -0.60826 -0.0940211 0.0799346
112 -0.601291 -0.128504 0.0854596
113 -0.557949 0.0684355 0.0934032
114 -0.565593 0.0415523 0.0944921
115 -0.550057 0.0380251 0.068361
116 -0.52379 0.0560187 0.0928656
117 -0.646235 -0.0156538 -0.0295892
118 -0.646235 -0.000828139 -0.0523479
119 -0.646235 -0.0319327 -0.0645593
120 -0.548891 -0.0904608 0.10166
121 -0.499181 0.015114 0.0945411
122 -0.491862 0.0412186 0.0935483
123 -0.519523 0.019874 0.0690243
124 -0.557844 -0.00120051 -0.0638628
125 -0.646235 -0.00138515 -0.0714992
126 -0.597495 -0.0619362 0.102589
127 -0.558776 0.00299038 0.0969381
128 -0.540317 -0.00641897 0.0602162
129 -0.588523 0.0148328 2.54213e-05
130 -0.599398 0.0564454 0.00120893
131 -0.564547 0.0439558 0.0165315
132 -0.622046 -0.0107753 -0.0188263
133 -0.614632 -0.0349111 0.0760962
134 -0.589289 -0.0474626 -0.101496
135 -0.569707 -0.034511 -0.0763505
136 -0.594548 -0.094751 -0.0554711
137 -0.602485 -0.129772 -0.0248763
138 -0.612848 0.0140269 -0.0415205
139 -0.646235 0.0232858 0.0686351
140 -0.646235 -0.00210221 0.0574566
141 -0.542385 -0.115707 0.101731
142 -0.530363 -0.0453049 -0.0263142
143 -0.527666 -0.082413 0.100387
144 -0.530866 0.0554751 0.00905865
145 -0.561089 0.0674508 -0.0126607
146 -0.647082 -0.110807 -0.004117
147 -0.646235 -0.0685292 0.00314744
148 -0.646235 0.0776621 -0.0377538
149 -0.599794 0.044379 -0.025913
150 -0.539662 -0.0127359 -0.0988223
151 -0.534605 -0.036235 -0.0645762
152 -0.534952 0.0210535 0.0949877
153 -0.525791 -0.0152877 0.0970591
154 -0.612233 0.0188032 -0.0988832
155 -0.613793 -0.123861 0.0668553
156 -0.646235 0.0502716 -0.0347161
157 -0.621395 -0.0452197 -0.102496
158 -0.646235 0 -0.1
159 -0.646235 -0.0371008 0.0597063
160 -0.646235 -0.0711414 0.038456
161 -0.606824 -0.0987052 0.103723
162 -0.604872 -0.0789832 -0.10344
163 -0.637192 -0.0826967 -0.104292
164 -0.618642 -0.0951154 -0.0772631
165 -0.536208 0.0594408 0.0610152
166 -0.570162 0.0728289 -0.0705012
167 -0.646235 0.0261169 -0.0656522
168 -0.585342 -0.136005 0.0710503
169 -0.554286 -0.150495 0.0717234
170 -0.574913 0.0736197 0.056399
171 -0.548112 0.0629372 0.0345661
172 -0.502436 -0.0129168 0.0647221
173 -0.491772 0.0383292 -0.0117094
174 -0.507573 0.0459106 -0.0421578
175 -0.646235 0.075 0.1
176 -0.604668 0.0445756 0.0962576
177 -0.646235 0.0744889 0.0709772
178 -0.504521 -0.0222377 -0.0459855
179 -0.505103 -0.0370708 -0.0771417
180 -0.582165 0.0756652 0.0147344
181 -0.492468 0.0391451 0.0252843
182 -0.519518 0.0516204 0.0372372
183 -0.511466 0.0215367 0.0469774
184 -0.538378 -0.11106 -0.0645727
185 -0.561164 -0.109037 -0.103131
186 -0.584037 -0.106404 -0.0766123
187 -0.56192 -0.0804996 -0.0720906
188 -0.646235 0.1 -0.05
189 -0.646235 0.1 0.05
190 -0.626567 -0.119394 -0.0246925
191 -0.616574 -0.123294 -0.0576732
192 -0.529378 -0.0690755 -0.0694195
193 -0.635969 -0.114619 0.0355889
194 -0.646235 -0.1 0.025
195 -0.646235 0.05 -0.1
196 -0.646235 -0.05 0.1
197 -0.620247 -0.0322717 0.101352
198 -0.646235 -0.1 -0.1
199 -0.646235 -0.0710655 -0.0775316
200 -0.646235 -0.08027 -0.0262146
201 -0.597977 0.080985 -0.0622451
202 -0.566513 0.0703995 -0.0416584
203 -0.563084 -0.145056 0.103738
204 -0.589221 -0.13323 0.104051
205 -0.496172 0.0068368 -0.0251531
206 -0.552332 -0.0668755 0.101352
207 -0.499073 0.0421371 0.0603432
208 -0.646235 0.0169698 0.0345753
209 -0.47713 0.0322024 -0.0452755
210 -0.557468 -0.0479076 -0.10076
211 -0.59248 0.0803731 0.0939302
212 -0.592821 0.0817787 -0.0941353
213 -0.532804 -0.11535 -0.0172992
214 -0.53079 -0.0823374 -0.00109319
215 -0.58922 -0.135435 -0.0516581
216 -0.602422 -0.0139772 -0.100184
217 -0.646235 -0.0718804 0.0698327
218 -0.587738 -0.136396 0.00535875
219 -0.646235 -0.05 -0.1
220 -0.646235 0 0.1
221 -0.646235 0.05 0.1
222 -0.612945 0.00875165 0.0988489
223 -0.522276 -0.0560033 -0.100304
224 -0.492471 0.0407042 -0.0955424
225 -0.61654 -0.121627 -0.105054
226 -0.590468 -0.133301 -0.104696
227 -0.59006 -0.103715 -0.104022
228 -0.589798 -0.134411 -0.0815216
229 -0.646235 -0.1 -0.025
230 -0.646235 0.1 -0.1
231 -0.57391 -0.142773 -0.0284318
232 -0.561349 -0.147885 -0.0684382
233 -0.564371 -0.145183 -0.104181
234 -0.488352 0.00938425 0.0676116
235 -0.646235 0.1 0.1
236 -0.520145 -0.0758256 0.029298
237 -0.646235 -0.1 0.05
238 -0.555539 -0.151898 0.0026468
239 -0.546902 -0.0780767 -0.10198
240 -0.575016 -0.077249 -0.10288
241 -0.646235 -0.1 0.1
242 -0.501114 -0.0260183 -0.0983883
243 -0.64262 -0.110788 -0.105268
244 -0.522455 -0.0966296 0.0495369
245 -0.615317 -0.122474 0.10466
246 -0.646235 -0.1 0
247 -0.646235 -0.075 -0.1
248 -0.513248 -0.0778537 0.0773747
249 -0.510965 -0.0506464 0.0982378
250 -0.449202 -0.0423763 0.0381582
251 -0.489726 -0.046103 0.0271222
252 -0.458606 -0.0478964 0.00501265
253 -0.460469 -0.0785936 0.0376306
254 -0.470346 -0.00744858 -0.00541707
255 -0.460314 0.0232289 0.0117762
256 -0.512073 -0.173424 -0.00311891
257 -0.500381 -0.135156 0.000919695
258 -0.531811 -0.163116 0.0112277
259 -0.51702 -0.170488 0.0248153
260 -0.507311 -0.118324 0.100794
261 -0.472432 -0.130854 0.0999785
262 -0.493411 -0.115808 0.0657952
263 -0.480316 -0.103143 0.0995386
264 -0.407747 -0.0372368 -0.0309581
265 -0.424924 -0.0360074 0.000533315
266 -0.427545 -0.058861 -0.033901
267 -0.410974 -0.0673133 -0.00495304
268 -0.46933 -0.151645 0.0648357
269 -0.477353 -0.114368 0.0378987
270 -0.453138 -0.117722 0.0690597
271 -0.543801 -0.156924 -0.0377183
272 -0.531414 -0.163106 -0.0138431
273 -0.475677 -0.00387563 0.0351093
274 -0.462587 -0.0157434 0.0677059
275 -0.487126 -0.186922 -0.0186591
276 -0.459041 -0.202148 -0.0273547
277 -0.44382 -0.169355 -0.0187101
278 -0.468614 -0.197054 0.00971399
279 -0.435669 -0.0236756 -0.0494331
280 -0.437815 -0.0201617 -0.0180536
281 -0.538816 -0.158971 0.0403178
282 -0.453801 -0.145319 0.034588
283 -0.488208 -0.148386 0.0298328
284 -0.511256 -0.171905 0.102174
285 -0.485102 -0.186112 0.101301
286 -0.502879 -0.1772 0.080661
287 -0.495023 -0.154529 0.101211
288 -0.451417 -0.0924569 -0.00681956
289 -0.431302 -0.0696395 0.014897
290 -0.483678 -0.0389065 0.0603858
291 -0.512977 -0.141388 -0.0374556
292 -0.475604 -0.0772053 -0.0428003
293 -0.494293 -0.0940934 -0.0109188
294 -0.478043 -0.0681231 -0.0121038
295 -0.40375 -0.0059091 0.0155405
296 -0.429158 0.00763256 -0.0016877
297 -0.444253 -0.0147401 0.0158873
298 -0.498864 -0.151522 0.0732537
299 -0.526075 -0.164866 0.075404
300 -0.419912 -0.0427716 0.0701622
301 -0.473774 -0.0602282 0.0680781
302 -0.504192 -0.104423 0.0210478
303 -0.514623 -0.137832 0.0424159
304 -0.483859 -0.0806508 0.0151904
305 -0.470627 -0.103883 -0.0689192
306 -0.502906 -0.0972173 -0.0714145
307 -0.506477 -0.106507 -0.0444533
308 -0.493613 -0.141226 -0.068102
309 -0.519661 -0.138135 -0.0755087
310 -0.488293 -0.039279 -0.0205308
311 -0.464923 -0.00874726 -0.0393791
312 -0.376528 -0.0567584 -0.0291656
313 -0.370812 -0.023513 -0.0338904
314 -0.379145 -0.0476664 -0.0649008
315 -0.449385 -0.0496714 -0.0239468
316 -0.445789 -0.0573585 -0.0663368
317 -0.390395 -0.0489106 0.0532973
318 -0.409 -0.00250782 0.0483796
319 -0.387359 -0.0137777 0.0685761
320 -0.480877 -0.151434 -0.0246516
321 -0.475069 -0.165627 0.00650097
322 -0.408522 -0.0522551 -0.0607251
323 -0.457475 -0.165929 0.100255
324 -0.424316 -0.163228 0.0995161
325 -0.450721 -0.167066 0.0750265
326 -0.439375 -0.135572 0.0992299
327 -0.513001 -0.136438 -0.102314
328 -0.528007 -0.164706 -0.0725809
329 -0.512436 -0.171793 -0.102907
330 -0.493328 -0.0790837 0.0475611
331 -0.453676 0.0202358 -0.0217836
332 -0.508741 -0.0625766 0.000692893
333 -0.510367 -0.0762101 -0.0319606
334 -0.511012 -0.17374 -0.0422889
335 -0.501996 -0.17794 -0.0776729
336 -0.477739 -0.167659 -0.0803034
337 -0.399543 -0.0811499 -0.0332988
338 -0.481819 -0.015704 0.0103074
339 -0.43438 -0.131681 0.00980826
340 -0.414616 -0.147485 0.032527
341 -0.440707 -0.171107 0.013923
342 -0.506539 -0.175716 0.0513794
343 -0.481751 -0.18858 0.0738491
344 -0.490521 -0.0247457 0.0973832
345 -0.485434 -0.0549398 0.0980243
346 -0.429354 -0.021213 0.0963406
347 -0.420077 -0.0512606 0.0970721
348 -0.40139 -0.0315461 0.0962859
349 -0.399174 -0.0874709 0.0291195
350 -0.411444 -0.10251 0.070193
351 -0.392214 -0.0772378 0.0680232
352 -0.420506 -0.0709964 0.0467979
353 -0.469026 -0.0760524 -0.10003
354 -0.488261 -0.109977 -0.101262
355 -0.452246 -0.113115 -0.100898
356 -0.460245 -0.136334 -0.073695
357 -0.42786 -0.145955 -0.101141
358 -0.436296 -0.128183 -0.0735844
359 -0.442965 -0.162628 -0.0781359
360 -0.474766 -0.0339753 -0.0569083
361 -0.462942 -0.163089 -0.0502822
362 -0.446863 -0.208587 -0.0647826
363 -0.478652 -0.191104 -0.0634283
364 -0.43611 -0.0844921 -0.0998645
365 -0.415261 -0.0824759 -0.0674146
366 -0.44506 -0.0927821 -0.069913
367 -0.422457 -0.109037 -0.100471
368 -0.464798 0.0261681 0.0444783
369 -0.439932 0.0140843 0.0653758
370 -0.435092 -0.0110332 0.048444
371 -0.456947 -0.0437602 0.0971826
372 -0.396293 -0.00951096 -0.0480044
373 -0.400153 -0.00779149 -0.0168981
374 -0.523016 -0.128864 0.0754293
375 -0.474946 -0.120252 -0.0331127
376 -0.449076 -0.127301 -0.0414845
377 -0.485974 -0.0162761 -0.0756856
378 -0.466029 -0.00071012 -0.0652119
379 -0.523554 -0.0997292 -0.101838
380 -0.413425 0.000430567 0.0745588
381 -0.409907 -0.0407267 0.0304528
382 -0.537154 -0.157931 0.103071
383 -0.430827 -0.148676 -0.0503207
384 -0.423641 0.00498992 -0.0341141
385 -0.415508 0.00110515 -0.0670177
386 -0.462278 -0.00526888 0.0951207
387 -0.486144 -0.18595 -0.102962
388 -0.475188 -0.148376 -0.101934
389 -0.503202 -0.0563238 -0.0616646
390 -0.493498 -0.0552248 -0.0999706
391 -0.453711 -0.105659 0.0989526
392 -0.439019 -0.0782712 0.0731963
393 -0.475547 -0.0938735 0.0740061
394 -0.477867 -0.0606476 -0.075356
395 -0.383 -0.0407726 -9.88285e-05
396 -0.444874 0.0160638 -0.0558972
397 -0.452085 -0.0227659 -0.0739896
398 -0.540163 -0.129676 -0.102727
399 -0.404205 -0.079629 0.0975158
400 -0.425164 -0.135149 -0.0171217
401 -0.458899 -0.200831 0.100892
402 -0.459863 -0.138508 -0.00284192
403 -0.470511 -0.115109 0.0108993
404 -0.400352 -0.0061214 0.0955329
405 -0.399389 -0.0783405 -0.0995471
406 -0.400835 -0.0371838 -0.0984461
407 -0.468121 0.0288024 -0.0754714
408 -0.49952 -0.0796219 -0.100571
409 -0.414826 -0.115679 -0.0529511
410 -0.416362 -0.103431 -0.0044718
411 -0.440427 -0.0897537 -0.0356743
412 -0.476594 -0.192157 0.0431363
413 -0.432864 -0.108304 0.0340451
414 -0.425823 -0.145278 0.0647519
415 -0.437088 -0.181694 0.0455181
416 -0.372611 -0.0224738 -0.00139384
417 -0.372456 -0.0606628 0.0313642
418 -0.421283 -0.106779 0.0983821
419 -0.497344 -0.0813115 0.0995334
420 -0.370723 -0.0220505 0.0959382
421 -0.438925 -0.0446547 -0.0990199
422 -0.454613 -0.172955 -0.10197
423 -0.456134 -0.203035 0.06925
424 -0.437597 -0.0770145 0.0978671
425 -0.468663 -0.0776871 0.0983379
426 -0.374592 -0.049796 -0.0989496
427 -0.3759 -0.0826719 -0.0648249
428 -0.470087 -0.0130644 -0.0977168
429 -0.417153 -0.0272141 -0.0727707
430 -0.434197 0.0102589 0.0310177
431 -0.460235 -0.200593 -0.102232
432 -0.371698 -0.0218273 -0.0980264
433 -0.474513 -0.0426293 -0.09944
434 -0.538786 -0.158471 -0.103846
435 -0.377224 -0.019707 0.0347268
436 -0.400906 -0.0056742 -0.0967844
437 -0.391382 -0.0118157 -0.0745698
438 -0.401956 -0.127041 0.0162423
439 -0.460914 0.0260797 -0.09589
440 -0.429852 0.0101547 0.0942143
441 -0.470355 0.0298653 0.0710883
442 -0.422284 -0.0178661 -0.0975527
443 -0.443671 -0.00806341 -0.0971101
444 -0.37743 -0.0482239 0.0765227
445 -0.386632 -0.0554421 0.0968202
446 -0.369309 -0.0240788 -0.0639367
447 -0.460654 0.0259555 0.0936063
448 -0.450322 -0.206801 0.0372126
449 -0.494445 -0.182569 0.0184717
450 -0.430487 0.0100551 -0.0965777
451 -0.351988 -0.0332318 0.0626965
452 -0.387843 -0.107886 0.0980305
453 -0.318284 -0.131927 0.0076594
454 -0.305594 -0.159646 0.0403676
455 -0.289563 -0.126222 0.0304134
456 -0.316915 -0.11241 0.0398929
457 -0.350659 -0.194716 0.0988377
458 -0.335799 -0.174521 0.0709732
459 -0.350597 -0.215892 0.0603982
460 -0.371776 -0.181262 0.0680413
461 -0.340123 -0.0402359 -0.050354
462 -0.342067 -0.0387036 -0.0794883
463 -0.344247 -0.0628012 -0.0764884
464 -0.335605 -0.227227 -0.00452231
465 -0.372257 -0.251043 -0.00258232
466 -0.3477 -0.232952 -0.034994
467 -0.346795 -0.265364 -0.0249306
468 -0.303431 -0.15388 -0.066627
469 -0.318015 -0.144029 -0.0321884
470 -0.340276 -0.148711 -0.064294
471 -0.319729 -0.174372 -0.0365639
472 -0.3255 -0.197979 0.021023
473 -0.312239 -0.192113 0.0584986
474 -0.330341 -0.233643 0.0401548
475 -0.384951 -0.214505 0.0750757
476 -0.3795 -0.215096 -0.101454
477 -0.390337 -0.240624 -0.0693987
478 -0.380267 -0.246105 -0.101545
479 -0.383548 -0.2137 -0.0754681
480 -0.318782 -0.19049 -0.073615
481 -0.342811 -0.198134 -0.0418844
482 -0.359407 -0.190828 -0.0739298
483 -0.317122 -0.0528687 0.0496415
484 -0.31907 -0.0821786 0.0600937
485 -0.323783 -0.0487028 0.0758748
486 -0.334966 -0.0743367 0.043779
487 -0.313672 -0.0541742 0.0971057
488 -0.317532 -0.0886656 0.0975184
489 -0.290939 -0.0674212 0.0748904
490 -0.340714 -0.04019 -0.0181764
491 -0.340183 -0.04032 0.0204141
492 -0.352894 -0.0698169 -0.00851476
493 -0.342498 -0.151394 0.0266745
494 -0.357164 -0.143533 0.0708315
495 -0.32776 -0.129383 0.0618324
496 -0.314537 -0.173418 -0.10102
497 -0.300228 -0.13376 -0.100787
498 -0.285299 -0.163453 -0.101112
499 -0.34923 -0.176698 0.0446185
500 -0.386277 -0.125519 -0.0217168
501 -0.387241 -0.0997561 0.000997919
502 -0.383367 -0.167474 0.0297052
503 -0.413512 -0.193057 0.0178691
504 -0.383731 -0.207339 0.033868
505 -0.411137 -0.175503 0.03675
506 -0.360825 -0.159374 -0.0369715
507 -0.382387 -0.188963 -0.0429547
508 -0.400772 -0.149405 -0.0501742
509 -0.376819 -0.16662 -0.0723944
510 -0.420779 -0.193452 -0.0112106
511 -0.417712 -0.195666 -0.0372146
512 -0.406299 -0.189199 0.0599956
513 -0.392148 -0.14723 0.0697168
514 -0.374884 -0.127976 0.0159898
515 -0.370885 -0.137832 0.0445398
516 -0.365775 -0.140995 -0.100681
517 -0.378944 -0.178537 -0.101229
518 -0.395016 -0.15106 -0.101105
519 -0.372704 -0.222069 -0.0375958
520 -0.398276 -0.236341 -0.0333466
521 -0.37431 -0.220741 -0.00346949
522 -0.396299 -0.20954 -0.0330751
523 -0.404042 -0.169312 -0.0265558
524 -0.423832 -0.17796 -0.0570612
525 -0.310237 -0.165072 -0.00222046
526 -0.281323 -0.152163 0.0076089
527 -0.406107 -0.199531 -0.101575
528 -0.407135 -0.230661 -0.101821
529 -0.406567 -0.159726 0.00394989
530 -0.355534 -0.0724235 0.0615233
531 -0.33566 -0.271562 0.0147547
532 -0.356476 -0.228434 0.0219341
533 -0.389792 -0.108856 -0.079491
534 -0.434374 -0.215411 0.0621008
535 -0.425175 -0.193485 0.0784961
536 -0.370947 -0.251738 -0.0434322
537 -0.440611 -0.212569 0.0052966
538 -0.370524 -0.165971 -0.00546368
539 -0.353604 -0.196761 0.0180951
540 -0.358918 -0.224712 -0.0660256
541 -0.343388 -0.142464 -0.015612
542 -0.371298 -0.0895264 -0.026059
543 -0.32466 -0.0831485 -0.0219505
544 -0.350516 -0.108887 -0.0400376
545 -0.345938 -0.0707765 -0.0453991
546 -0.294383 -0.0941507 0.0318706
547 -0.290113 -0.10117 0.0671817
548 -0.254729 -0.12355 0.054249
549 -0.249772 -0.090997 0.0305004
550 -0.417951 -0.224779 -0.065142
551 -0.43384 -0.215473 -0.102069
552 -0.279723 -0.0741162 0.00511521
553 -0.269907 -0.112885 0.00828479
554 -0.356615 -0.201391 -0.0134732
555 -0.403492 -0.189147 -0.0715129
556 -0.430072 -0.183691 -0.10144
557 -0.282068 -0.166718 -0.0278377
558 -0.396205 -0.121712 -0.100415
559 -0.408846 -0.145028 -0.0773572
560 -0.376489 -0.0781745 0.00177278
561 -0.286192 -0.0705502 -0.0632814
562 -0.288944 -0.098911 -0.0248857
563 -0.266695 -0.0815126 -0.0347808
564 -0.306629 -0.0591874 -0.0368437
565 -0.306678 -0.0589797 0.0231378
566 -0.259933 -0.1172 -0.0512886
567 -0.269036 -0.115238 -0.100764
568 -0.287271 -0.0972122 -0.0748802
569 -0.259806 -0.0853124 -0.0759812
570 -0.342702 -0.107502 0.0369998
571 -0.322016 -0.115766 -0.0289944
572 -0.38146 -0.245463 0.0583663
573 -0.377619 -0.126442 -0.0689649
574 -0.345946 -0.149773 0.0984612
575 -0.316678 -0.128354 0.0980827
576 -0.315685 -0.168972 0.0984145
577 -0.306352 -0.16376 0.0767219
578 -0.387962 -0.105858 -0.0507577
579 -0.349179 -0.100089 -0.0740582
580 -0.347094 -0.167365 -0.101057
581 -0.309597 -0.0978885 0.00516229
582 -0.291146 -0.0678989 -0.0173035
583 -0.283613 -0.133818 0.0674691
584 -0.283183 -0.109468 0.0978389
585 -0.29855 -0.0912086 -0.100235
586 -0.312484 -0.0555499 -0.0709863
587 -0.286502 -0.0700717 -0.100048
588 -0.375163 -0.0828411 0.0975921
589 -0.295549 -0.130678 -0.0118369
590 -0.311099 -0.207217 0.0985565
591 -0.314208 -0.218367 0.0743491
592 -0.351908 -0.108136 0.0977495
593 -0.364726 -0.255143 -0.074742
594 -0.358744 -0.232299 -0.101485
595 -0.33408 -0.249648 -0.0800019
596 -0.389905 -0.192728 -0.00490137
597 -0.346116 -0.202348 -0.101243
598 -0.334134 -0.237533 -0.101434
599 -0.332916 -0.222028 -0.0748406
600 -0.35084 -0.106232 -0.000606881
601 -0.369107 -0.110696 0.0684465
602 -0.372519 -0.133737 0.0983575
603 -0.318015 -0.0886452 -0.0600456
604 -0.350341 -0.0644981 0.097081
605 -0.333401 -0.140367 -0.10075
606 -0.34864 -0.122346 -0.100457
607 -0.314617 -0.0539326 -0.0994087
608 -0.329293 -0.0722321 -0.099563
609 -0.339426 -0.10103 0.0694134
610 -0.361185 -0.257066 0.0376531
611 -0.37723 -0.21756 0.0992377
612 -0.358703 -0.230936 0.0992048
613 -0.297478 -0.112365 -0.0470069
614 -0.407266 -0.170576 -0.101283
615 -0.280857 -0.140356 -0.0429024
616 -0.395763 -0.116757 0.0495498
617 -0.318425 -0.119602 -0.0710649
618 -0.261573 -0.136151 -0.0173416
619 -0.311207 -0.0566404 -0.00371724
620 -0.336344 -0.0805908 0.0167175
621 -0.337063 -0.178873 -0.00992483
622 -0.423702 -0.221743 0.0361146
623 -0.408342 -0.230093 0.0707181
624 -0.367605 -0.0952642 0.0366253
625 -0.33399 -0.235293 0.0988804
626 -0.352329 -0.261555 0.0991051
627 -0.357905 -0.258621 0.0720311
628 -0.311078 -0.21226 -0.101262
629 -0.350513 -0.263285 -0.0542788
630 -0.37252 -0.161495 0.0988572
631 -0.313277 -0.222219 -0.0442083
632 -0.428919 -0.219002 -0.0289047
633 -0.407138 -0.231294 0.00570498
634 -0.357711 -0.0740763 -0.0995126
635 -0.366778 -0.106342 -0.100168
636 -0.332647 -0.105028 -0.100243
637 -0.342895 -0.0378162 -0.0987886
638 -0.384207 -0.244131 0.0272927
639 -0.402244 -0.140879 0.0988097
640 -0.393795 -0.185722 0.0992907
641 -0.281024 -0.132189 -0.0761341
642 -0.37923 -0.246279 0.0994024
643 -0.283533 -0.0719322 0.0420719
644 -0.304207 -0.206191 -0.0168456
645 -0.427978 -0.192929 0.0999086
646 -0.250895 -0.0904377 -0.00418366
647 -0.353297 -0.2615 -0.101517
648 -0.400688 -0.23484 0.0395054
649 -0.258041 -0.0857954 0.0975742
650 -0.257365 -0.0864812 0.0671017
651 -0.341975 -0.0381775 0.0965572
652 -0.285703 -0.0701288 0.0972867
653 -0.252441 -0.11416 0.0978479
654 -0.286576 -0.148761 0.0981217
655 -0.331943 -0.249447 -0.0577563
656 -0.405905 -0.231011 0.0999038
657 -0.432538 -0.215537 0.100174
658 -0.258648 -0.0857981 -0.100591
659 -0.336428 -0.270987 0.0533203
660 -0.307172 -0.2591 0.0421282
661 -0.244237 -0.322525 -0.10171
662 -0.23212 -0.300735 -0.0700748
663 -0.271621 -0.307453 -0.101578
664 -0.268546 -0.309158 -0.0710472
665 -0.189637 -0.222693 -0.0680925
666 -0.184518 -0.212679 -0.101792
667 -0.219641 -0.214652 -0.101627
668 -0.19858 -0.191864 -0.10167
669 -0.229508 -0.13453 -0.0436738
670 -0.239303 -0.124698 -0.0122328
671 -0.215094 -0.184152 0.00839859
672 -0.179741 -0.204809 -0.0143591
673 -0.205607 -0.18812 -0.0232754
674 -0.187164 -0.158324 -0.000858495
675 -0.221668 -0.218584 0.02058
676 -0.189729 -0.223773 0.0422211
677 -0.187543 -0.219484 0.0123946
678 -0.206369 -0.197944 0.0420362
679 -0.28607 -0.266011 0.0593003
680 -0.275491 -0.305109 0.0650553
681 -0.292532 -0.295745 0.041974
682 -0.261426 -0.282469 0.0317797
683 -0.231741 -0.101102 -0.0585468
684 -0.229747 -0.102237 -0.0229118
685 -0.307736 -0.242142 -0.101447
686 -0.277887 -0.21904 0.0984065
687 -0.279233 -0.196791 0.0603663
688 -0.269789 -0.235675 0.0730932
689 -0.298067 -0.226452 0.0537175
690 -0.311401 -0.285065 0.0688745
691 -0.187525 -0.16041 0.035735
692 -0.171814 -0.190482 0.0168293
693 -0.226798 -0.24292 -0.0137557
694 -0.202283 -0.246836 0.0208329
695 -0.211122 -0.262785 -0.0107086
696 -0.195118 -0.233299 -0.00957137
697 -0.242319 -0.199892 0.0581769
698 -0.268978 -0.23547 0.0340145
699 -0.263244 -0.220792 -0.0301594
700 -0.225358 -0.217729 -0.0388536
701 -0.262272 -0.214367 -0.0694402
702 -0.246387 -0.190707 -0.03681
703 -0.239894 -0.183263 0.0344269
704 -0.209653 -0.170649 0.0626237
705 -0.220407 -0.158345 0.0298831
706 -0.249791 -0.268813 -0.0287212
707 -0.24983 -0.230722 -0.00687254
708 -0.246464 -0.242469 -0.0500571
709 -0.296325 -0.29379 -0.0254354
710 -0.253532 -0.265237 0.00477925
711 -0.269165 -0.308823 -0.00946214
712 -0.282981 -0.253226 -0.0201319
713 -0.326216 -0.276962 -0.101458
714 -0.33939 -0.269536 -0.0765743
715 -0.269085 -0.308877 -0.0394443
716 -0.263999 -0.277131 -0.0559254
717 -0.233395 -0.303232 -0.0424775
718 -0.283125 -0.184541 0.0982769
719 -0.273758 -0.167064 0.0682461
720 -0.252136 -0.284558 0.0729589
721 -0.31835 -0.250381 0.0693181
722 -0.302992 -0.246391 0.0986568
723 -0.269671 -0.254518 0.098456
724 -0.314535 -0.250245 -0.0242887
725 -0.213097 -0.111274 0.0713164
726 -0.227674 -0.139378 0.097991
727 -0.283543 -0.194044 -0.0539119
728 -0.199002 -0.119284 -0.0387435
729 -0.210093 -0.143658 -0.0218702
730 -0.229819 -0.102187 0.00715359
731 -0.251583 -0.205742 0.0181509
732 -0.251569 -0.171713 0.0034441
733 -0.189981 -0.163799 -0.101644
734 -0.178811 -0.130437 -0.0716676
735 -0.223315 -0.148156 -0.0720726
736 -0.191093 -0.15778 -0.0507398
737 -0.303866 -0.232749 0.0140543
738 -0.295313 -0.263698 0.013802
739 -0.238865 -0.187745 -0.0694579
740 -0.22439 -0.223998 -0.0741185
741 -0.236296 -0.2537 0.0982953
742 -0.209552 -0.260439 0.0621457
743 -0.225625 -0.232871 0.0626219
744 -0.207423 -0.256746 0.0981896
745 -0.163594 -0.174555 -0.0728062
746 -0.162044 -0.171999 -0.0502029
747 -0.221636 -0.167616 -0.0473516
748 -0.257172 -0.156053 -0.0590585
749 -0.242185 -0.163794 -0.0241123
750 -0.172634 -0.190727 -0.101797
751 -0.148697 -0.146957 -0.10184
752 -0.175378 -0.197286 0.0619863
753 -0.249953 -0.134246 -0.101138
754 -0.268159 -0.192527 -0.011575
755 -0.180313 -0.129473 0.0267654
756 -0.224748 -0.145747 0.00966074
757 -0.175325 -0.132308 -0.00517041
758 -0.169769 -0.135402 -0.0341964
759 -0.163703 -0.17526 -0.0249545
760 -0.283155 -0.19071 0.0222248
761 -0.278604 -0.171428 -0.0763109
762 -0.196378 -0.234663 -0.101777
763 -0.314206 -0.283618 0.0388966
764 -0.208181 -0.114172 -0.0741498
765 -0.211893 -0.209869 0.0764455
766 -0.250558 -0.19847 0.0982163
767 -0.223671 -0.178717 0.0981012
768 -0.244086 -0.322628 -0.0516995
769 -0.255474 -0.164982 0.0980493
770 -0.257958 -0.278463 -0.101567
771 -0.289135 -0.297744 -0.0804463
772 -0.214043 -0.110904 0.0365591
773 -0.232743 -0.100336 0.0604832
774 -0.221347 -0.138059 0.0503515
775 -0.243674 -0.322718 0.04837
776 -0.230008 -0.29773 0.0388797
777 -0.252451 -0.20252 -0.101407
778 -0.209923 -0.150227 0.0787027
779 -0.180648 -0.16037 0.0739522
780 -0.32531 -0.276956 0.0989062
781 -0.29823 -0.292639 0.0103994
782 -0.204776 -0.116091 -0.000567394
783 -0.249599 -0.132968 0.0191675
784 -0.258987 -0.158765 0.0384365
785 -0.243939 -0.322662 -0.00167549
786 -0.228843 -0.295121 -0.0139249
787 -0.233068 -0.303045 0.0128911
788 -0.203584 -0.116698 -0.101386
789 -0.218841 -0.142384 -0.101386
790 -0.266424 -0.310254 0.0257168
791 -0.174432 -0.19469 -0.0493982
792 -0.20187 -0.18542 -0.0766466
793 -0.250073 -0.228036 0.0982869
794 -0.219263 -0.277943 0.0191034
795 -0.236722 -0.260297 -0.0710389
796 -0.205533 -0.251953 -0.0721649
797 -0.201588 -0.245067 -0.0400312
798 -0.185852 -0.126324 0.0644148
799 -0.202933 -0.116775 0.0979783
800 -0.200463 -0.137588 0.098034
801 -0.175449 -0.131871 0.0979689
802 -0.14817 -0.147059 0.0230498
803 -0.148237 -0.147123 -0.00192965
804 -0.158892 -0.166791 0.0361425
805 -0.19061 -0.225589 0.0726994
806 -0.195505 -0.234754 0.0981437
807 -0.271005 -0.250429 -0.0767778
808 -0.298113 -0.292301 0.0987149
809 -0.24174 -0.160083 0.0684038
810 -0.220212 -0.278642 -0.101731
811 -0.32447 -0.277981 -0.0472647
812 -0.27513 -0.225587 0.00199619
813 -0.219003 -0.276915 -0.0500227
814 -0.246511 -0.263603 0.0547607
815 -0.236378 -0.24427 0.0261668
816 -0.206765 -0.196251 -0.0534711
817 -0.300384 -0.228183 -0.076148
818 -0.217972 -0.218359 0.0981907
819 -0.293636 -0.29522 -0.0556562
820 -0.299654 -0.259196 -0.0601811
821 -0.26136 -0.135721 0.0980117
822 -0.283487 -0.191795 -0.101245
823 -0.148441 -0.147069 -0.051842
824 -0.252948 -0.238196 -0.101506
825 -0.230209 -0.25072 -0.101628
826 -0.17617 -0.131903 -0.101634
827 -0.284171 -0.23254 -0.0488397
828 -0.232398 -0.206035 -0.00968146
829 -0.24354 -0.322695 0.0733711
830 -0.270821 -0.307541 0.0985164
831 -0.252893 -0.287232 0.0983917
832 -0.321038 -0.279888 -0.0143499
833 -0.219383 -0.278757 0.0982488
834 -0.286743 -0.258729 -0.10147
835 -0.31244 -0.284688 -0.0767609
836 -0.33695 -0.27052 0.079377
837 -0.176921 -0.198944 -0.0787495
838 -0.230425 -0.101437 0.0978168
839 -0.231005 -0.101398 -0.101053
840 -0.194139 -0.162278 0.0980693
841 -0.255754 -0.166335 -0.101239
842 -0.148086 -0.147045 0.0480153
843 -0.160523 -0.169918 0.0688231
844 -0.161981 -0.139347 0.0759653
845 -0.171833 -0.190791 0.098083
846 -0.19838 -0.191806 0.0981111
847 -0.147973 -0.146892 0.0979766
848 -0.159897 -0.168856 0.098029
849 -0.281519 -0.224888 -0.10141
850 -0.18804 -0.220043 -0.0355662
851 -0.229608 -0.297257 0.0695318
852 -0.24382 -0.322698 0.0233534
853 -0.244016 -0.322656 -0.0266891
854 -0.272463 -0.143578 -0.100978
855 -0.298953 -0.292213 -0.101504
856 -0.223089 -0.179845 -0.10149
857 -0.148023 -0.146962 0.0729876
858 -0.231371 -0.300725 0.0983028
859 -0.183668 -0.212752 0.0981071
860 -0.243412 -0.322654 0.0983646
861 -0.209964 -0.21281 0.00138121
862 -0.209977 -0.225075 0.00727577
863 -0.214556 -0.244908 0.00354925
864 -0.221277 -0.255342 0.00413081
865 -0.200334 -0.21071 -0.0164241
866 -0.203464 -0.199077 0.0100965
867 -0.216623 -0.130079 0.0338601
868 -0.209748 -0.135644 0.0436727
869 -0.199906 -0.118588 0.0504749
870 -0.274213 -0.288289 0.0853058
871 -0.241887 -0.152292 0.0240454
872 -0.250333 -0.147341 0.0132975
873 -0.243154 -0.141044 -0.00385464
874 -0.244483 -0.128811 0.00346005
875 -0.234391 -0.155676 -0.00897666
876 -0.208254 -0.256667 -0.10176
877 -0.217866 -0.251347 -0.0869098
878 -0.316873 -0.254421 -0.0700833
879 -0.169391 -0.163694 0.0544005
880 -0.154301 -0.158483 0.0584122
881 -0.155001 -0.143209 0.0619208
882 -0.184683 -0.160387 0.0515129
883 -0.189507 -0.176085 0.0860325
884 -0.17583 -0.176997 0.0871322
885 -0.250371 -0.108236 -0.0796941
886 -0.259881 -0.101247 -0.0636228
887 -0.249205 -0.091379 -0.0466196
888 -0.244849 -0.109708 -0.0370906
889 -0.251856 -0.306343 -0.0574723
890 -0.238104 -0.311682 -0.0608909
891 -0.249762 -0.240307 -0.0757904
892 -0.254174 -0.255295 -0.0739643
893 -0.255984 -0.112087 -0.0104166
894 -0.229053 -0.124285 -0.0876105
895 -0.232772 -0.112793 0.0845866
896 -0.231228 -0.101059 0.0848153
897 -0.241957 -0.106845 0.0779393
898 -0.255241 -0.0983627 0.0802492
899 -0.270365 -0.108017 0.0831918
900 -0.273429 -0.100722 0.0860541
901 -0.273797 -0.0933516 0.0826455
902 -0.267917 -0.123885 0.0828271
903 -0.274931 -0.279499 -0.0103323
904 -0.193743 -0.208508 -0.0835566
905 -0.332445 -0.0604833 0.0543935
906 -0.340271 -0.0612256 0.0499251
907 -0.405068 -0.204035 0.07682
908 -0.400057 -0.187453 0.0796478
909 -0.442753 -0.197168 0.0899096
910 -0.439397 -0.180061 0.0874786
911 -0.443592 -0.178787 0.100127
912 -0.443843 -0.20967 0.085585
913 -0.331916 -0.133662 -0.0481617
914 -0.334018 -0.114375 -0.0560289
915 -0.345547 -0.119206 -0.0703566
916 -0.33351 -0.121044 -0.0858182
917 -0.344293 -0.135695 -0.0822612
918 -0.363132 -0.124387 -0.0847178
919 -0.36622 -0.124113 -0.100488
920 -0.381998 -0.125931 -0.0453612
921 -0.392881 -0.122234 -0.0505687
922 -0.417915 -0.200583 0.0363977
923 -0.410624 -0.191641 0.0343453
924 -0.370087 -0.238187 0.0787814
925 -0.415547 -0.174277 -0.0791759
926 -0.40541 -0.172259 -0.0738086
927 -0.363919 -0.216749 0.0798214
928 -0.374538 -0.039114 -0.0148226
929 -0.378215 -0.0338064 -0.0134944
930 -0.441453 -0.190002 -0.0421707
931 -0.453596 -0.189448 -0.0586151
932 -0.464638 -0.179865 -0.0692272
933 -0.470337 -0.165349 -0.0652988
934 -0.312858 -0.0706217 0.0416082
935 -0.299343 -0.076546 0.0500838
936 -0.304612 -0.0892329 0.0435579
937 -0.362791 -0.0405063 -0.00870723
938 -0.363138 -0.0406031 0.0093862
939 -0.367029 -0.0561359 -0.00452284
940 -0.380032 -0.0302851 0.0172455
941 -0.39291 -0.0234806 0.00792656
942 -0.396759 -0.0408165 0.0154495
943 -0.404508 -0.038439 0.000277557
944 -0.397792 -0.0547322 -0.00262201
945 -0.316353 -0.0682184 0.0786334
946 -0.310191 -0.0565143 0.0755212
947 -0.322049 -0.0608603 0.0701439
948 -0.333325 -0.0741753 0.0770227
949 -0.448826 0.0189844 -0.086202
950 -0.456186 0.0108781 -0.0858188
951 -0.448422 0.00483529 -0.0807147
952 -0.444222 0.00211676 -0.0796266
953 -0.452148 -0.00529388 -0.0851275
954 -0.455281 0.0149018 -0.0962358
955 -0.463098 0.0155769 -0.0838112
956 -0.518425 -0.0729691 0.0555017
957 -0.536738 -0.0728238 0.0480914
958 -0.518125 -0.0644091 0.0428245
959 -0.526337 -0.0455927 0.0411
960 -0.541377 -0.0899442 0.0386353
961 -0.503739 -0.0781163 0.0624516
962 -0.470138 -0.0413067 0.079362
963 -0.476997 -0.0200595 0.0821415
964 -0.484761 -0.0481485 0.0819288
965 -0.477031 0.0163297 0.078291
966 -0.481919 -0.0531227 0.0472351
967 -0.485534 -0.0707566 0.083803
968 -0.488413 -0.171623 0.0875835
969 -0.495046 -0.18097 0.0899133
970 -0.509061 -0.141675 0.088357
971 -0.521959 -0.138332 0.10188
972 -0.512097 -0.160177 0.0870404
973 -0.505419 -0.162343 0.0886659
974 -0.555012 -0.133913 -0.0388625
975 -0.558969 -0.132797 -0.0244462
976 -0.540905 -0.133752 -0.0515129
977 -0.47333 -0.00569594 0.0154347
978 -0.47108 -0.0153901 0.0117677
979 -0.464623 -0.0275102 -0.000232116
980 -0.461159 -0.0256572 -0.013279
981 -0.447167 -0.0322597 -0.00793974
982 -0.479936 -0.023379 -0.0132384
983 -0.490057 -0.0132329 -0.0044542
984 -0.487023 -0.00781071 -0.00239129
985 -0.47232 -0.0579064 0.049636
986 -0.502328 -0.122464 -0.0897531
987 -0.503217 -0.138816 -0.0852525
988 -0.447097 -0.0510755 0.0691251
989 -0.620677 -0.0884151 -0.0020452
990 -0.624 -0.0862634 -0.00489315
991 -0.572009 -0.0669386 0.0893717
992 -0.565737 -0.0592566 0.0906377
993 -0.573033 0.0551083 0.033313
994 -0.578514 0.0749417 0.0359214
995 -0.56083 0.0519488 0.0470237
996 -0.590079 -0.0529551 0.0799772
997 -0.625447 -0.0586003 0.0728086
998 -0.633784 -0.0427986 0.0897143
999 -0.624487 -0.0543349 0.103026
1000 -0.632661 -0.0353495 0.0860135
1001 -0.621082 -0.0696113 0.0726972
1002 -0.639675 -0.0588435 -0.0833366
1003 -0.646235 -0.0514991 -0.0710455
1004 -0.628845 -0.00406419 -0.0621852
1005 -0.634881 -0.0116811 -0.0613915
1006 -0.629861 0.0050831 -0.0474442
1007 -0.646235 0.0212917 -0.0452575
1008 -0.633353 -0.0249295 -0.087157
1009 -0.586629 -0.112234 0.0937841
1010 -0.577852 -0.114189 0.087779
1011 -0.567406 -0.119199 0.103076
1012 -0.583265 -0.0593477 -0.0491826
1013 -0.324054 -0.155537 0.0335317
1014 -0.542401 -0.00373795 0.0354048
1015 -0.62489 0.0300559 0.0860875
1016 -0.562023 -0.0552057 0.0504015
1017 -0.599961 0.066135 -0.0792908
1018 -0.574343 -0.0279926 0.0524288
1019 -0.273495 -0.265179 -0.0380303
1020 -0.500007 -0.0272457 0.0322778
1021 -0.404156 -0.0652561 -0.0801163
1022 -0.589263 0.0329213 0.0477922
1023 -0.646235 -0.0010511 0.0787283
1024 -0.557523 -0.00281003 0.0416341
1025 -0.254927 -0.125716 -0.0762092
1026 -0.301332 -0.19217 -0.0637797
1027 -0.29378 -0.198368 0.00266456
1028 -0.300964 -0.229582 0.0339017
