1 -0.541717 -0.0790767 -0.0408222
2 -0.565126 -0.111753 -0.0397031
3 -0.558392 -0.0717862 -0.00917972
4 -0.577378 -0.0775795 -0.0439781
5 -0.601118 -0.129814 0.0360425
6 -0.59985 -0.0895275 0.0135614
7 -0.615515 -0.123381 0.00432737
8 -0.609615 -0.0999297 0.0451529
9 -0.614082 -0.067167 0.0563528
10 -0.614516 -0.042353 0.0306808
11 -0.585776 -0.0742304 0.0455396
12 -0.523276 -0.000754083 -0.0694554
13 -0.497927 0.00778788 -0.0553591
14 -0.506731 0.0140286 -0.0971639
15 -0.504863 0.0439447 -0.0694217
16 -0.535104 -0.0495967 0.0992817
17 -0.515075 -0.0499132 0.061309
18 -0.547103 -0.0426292 0.0725095
19 -0.518138 -0.0369053 0.0811461
20 -0.598427 0.0454342 0.0322243
21 -0.646235 0.0407607 0.00518143
22 -0.615721 0.0237686 0.0396967
23 -0.646235 0.0730172 0.0271599
24 -0.550637 0.0323322 -0.0690598
25 -0.544179 0.0237546 -0.0970829
26 -0.56022 0.0679487 -0.0946401
27 -0.540708 0.0591835 -0.06229
28 -0.56868 0.0486355 -0.0958271
29 -0.614772 -0.0242578 -0.0432795
30 -0.589565 -0.0371578 -0.0569252
31 -0.598227 -0.0569941 -0.0447326
32 -0.613348 -0.0349466 -0.0753706
33 -0.582473 -0.100365 -0.0108328
34 -0.557932 -0.0846041 0.0274381
35 -0.577028 -0.110951 0.032024
36 -0.561296 -0.113092 0.00196284
37 -0.614933 0.00959816 -0.013255
38 -0.646235 0.0020105 0.000880758
39 -0.646235 0.0175192 -0.0293126
40 -0.570031 -0.0406661 0.0337933
41 -0.582844 -0.0465812 0.0634824
42 -0.607927 -0.00919439 0.0454034
43 -0.646235 0.1 -0.025
44 -0.646235 0.1 0
45 -0.646235 0.0734273 -0.0112679
46 -0.600096 0.0807546 -0.0243736
47 -0.537942 -0.0427985 0.023726
48 -0.562539 -0.0281123 -0.00466054
49 -0.646235 0.0473314 0.0508233
50 -0.601163 0.0515277 0.0666551
51 -0.628626 -0.0754134 0.103906
52 -0.638677 -0.111405 0.0766281
53 -0.639808 -0.11086 0.104509
54 -0.634494 -0.0820577 0.0690443
55 -0.577505 0.000955103 0.0226674
56 -0.617664 0.000153193 0.0152357
57 -0.512573 -0.00831115 0.037275
58 -0.513063 -0.0209681 -0.0033712
59 -0.546522 2.7013e-05 0.0107246
60 -0.646235 -0.0492512 -0.0296903
61 -0.618116 -0.0512931 -0.013727
62 -0.623697 -0.0682892 -0.0630151
63 -0.60988 -0.0914594 -0.0287796
64 -0.632396 -0.0814946 0.0165304
65 -0.63716 -0.0868874 -0.0182644
66 -0.586468 -0.0674582 -0.0754316
67 -0.646235 -0.032644 -0.00155263
68 -0.646235 -0.0459375 0.024835
69 -0.646235 -0.0165666 0.0283487
70 -0.589523 -0.0566059 -0.0198109
71 -0.585336 -0.0577758 0.00792562
72 -0.534936 0.0308947 -0.0401094
73 -0.515824 0.0196874 0.00630922
74 -0.550039 0.0318257 0.0379492
75 -0.558566 0.0290762 -0.00541006
76 -0.535057 0.056384 -0.0262573
77 -0.571428 0.0264361 -0.0355744
78 -0.585593 -0.0213711 0.0997119
79 -0.586696 0.016018 0.0973316
80 -0.576897 -0.0166182 0.0711012
81 -0.611481 0.0124564 0.0749534
82 -0.536357 -0.00393417 -0.0313405
83 -0.548012 -0.11459 0.0653921
84 -0.551294 -0.0713922 0.0670943
85 -0.582272 -0.101435 0.0625067
86 -0.589857 -0.0263481 -0.0166169
87 -0.59228 -0.00324078 -0.0301449
88 -0.56501 -0.00666524 -0.0215389
89 -0.563496 -0.0421624 -0.0430378
90 -0.64164 -0.110954 -0.0766118
91 -0.646235 -0.0667146 -0.0503956
92 -0.646235 -0.1 -0.05
93 -0.64402 -0.110111 -0.0404343
94 -0.555715 -0.0328162 0.0986994
95 -0.572534 -0.0541277 0.100839
96 -0.527129 0.0547183 -0.0953392
97 -0.573692 -0.0220609 -0.0995564
98 -0.57767 0.013907 -0.0981312
99 -0.608444 -0.00517762 -0.0729648
100 -0.584409 -0.00661405 -0.0571768
101 -0.604228 -0.0217838 0.00669094
102 -0.535936 -0.121376 0.0212417
103 -0.603568 0.0507196 -0.0961093
104 -0.646235 0.0668459 -0.0654286
105 -0.600202 0.0309199 -0.0652548
106 -0.584961 0.0544812 -0.0558139
107 -0.570638 -0.144169 0.0374338
108 -0.58229 0.0200569 0.0642093
109 -0.570205 -0.0960289 0.102491
110 -0.585496 -0.0680208 0.0803225
111 -0.607153 -0.0941961 0.0797738
112 -0.600211 -0.128718 0.0852543
113 -0.559851 0.0682148 0.0936096
114 -0.566785 0.0418199 0.0949
115 -0.551204 0.0373917 0.0688878
116 -0.526358 0.055713 0.0930919
117 -0.646235 -0.0156538 -0.0295892
118 -0.646235 -0.000828139 -0.0523479
119 -0.646235 -0.0319327 -0.0645593
120 -0.549075 -0.0909521 0.101435
121 -0.501088 0.0153164 0.0949892
122 -0.494293 0.0412237 0.0937033
123 -0.520872 0.0199867 0.0694934
124 -0.558266 -0.00178947 -0.0643109
125 -0.646235 -0.00138515 -0.0714992
126 -0.596769 -0.061063 0.102163
127 -0.560216 0.00292507 0.0971061
128 -0.540836 -0.00705778 0.0606423
129 -0.589238 0.0144687 -9.31041e-05
130 -0.600687 0.0560791 0.00116293
131 -0.566152 0.0435532 0.0165844
132 -0.622022 -0.0105342 -0.0184447
133 -0.613965 -0.0345651 0.0752437
134 -0.588524 -0.0483451 -0.101313
135 -0.568502 -0.0350507 -0.0769286
136 -0.593092 -0.0952618 -0.0554002
137 -0.601249 -0.130003 -0.0246721
138 -0.612825 0.013384 -0.0414119
139 -0.646235 0.0232858 0.0686351
140 -0.646235 -0.00210221 0.0574566
141 -0.541326 -0.116844 0.101646
142 -0.53085 -0.0455381 -0.026479
143 -0.52789 -0.0830533 0.100239
144 -0.533163 0.055607 0.00859322
145 -0.563353 0.0672337 -0.0129773
146 -0.645465 -0.110106 -0.00364555
147 -0.646235 -0.0685292 0.00314744
148 -0.646235 0.0776621 -0.0377538
149 -0.600744 0.0432096 -0.0260371
150 -0.540565 -0.013845 -0.0994472
151 -0.535399 -0.0366924 -0.0647291
152 -0.536442 0.0205384 0.0953572
153 -0.526856 -0.016 0.0976434
154 -0.612424 0.0181164 -0.0990198
155 -0.612707 -0.123873 0.0667388
156 -0.646235 0.0502716 -0.0347161
157 -0.620857 -0.0452489 -0.102298
158 -0.646235 0 -0.1
159 -0.646235 -0.0371008 0.0597063
160 -0.646235 -0.0711414 0.038456
161 -0.605579 -0.0988958 0.10352
162 -0.603519 -0.0796993 -0.103082
163 -0.635936 -0.0824296 -0.103674
164 -0.617147 -0.0953726 -0.0769256
165 -0.538633 0.0593833 0.0610078
166 -0.572314 0.0724954 -0.0708059
167 -0.646235 0.0261169 -0.0656522
168 -0.584388 -0.136555 0.0708349
169 -0.553355 -0.151615 0.0715251
170 -0.576711 0.0736782 0.0564859
171 -0.550246 0.0627956 0.0345772
172 -0.504769 -0.0125557 0.0644726
173 -0.494483 0.0384804 -0.0119114
174 -0.510357 0.0458973 -0.0424854
175 -0.646235 0.075 0.1
176 -0.605369 0.0441661 0.0970084
177 -0.646235 0.0744889 0.0709772
178 -0.504981 -0.0225577 -0.0461549
179 -0.506041 -0.0376852 -0.077453
180 -0.584001 0.0754561 0.0146416
181 -0.49519 0.0395567 0.0252417
182 -0.522057 0.0516206 0.0371713
183 -0.51307 0.0217513 0.0466776
184 -0.537171 -0.112634 -0.0642721
185 -0.56022 -0.110527 -0.102884
186 -0.582869 -0.107312 -0.0763502
187 -0.560116 -0.0818792 -0.0724462
188 -0.646235 0.1 -0.05
189 -0.646235 0.1 0.05
190 -0.625031 -0.118971 -0.024352
191 -0.615505 -0.123405 -0.0571496
192 -0.529178 -0.0698831 -0.0693363
193 -0.634487 -0.114269 0.0353242
194 -0.646235 -0.1 0.025
195 -0.646235 0.05 -0.1
196 -0.646235 -0.05 0.1
197 -0.619452 -0.0324584 0.100942
198 -0.646235 -0.1 -0.1
199 -0.646235 -0.0710655 -0.0775316
200 -0.646235 -0.08027 -0.0262146
201 -0.599331 0.081022 -0.0625519
202 -0.568693 0.0698582 -0.0419874
203 -0.562196 -0.145999 0.103474
204 -0.5882 -0.133664 0.103831
205 -0.497807 0.00666757 -0.0254422
206 -0.552372 -0.0673841 0.100924
207 -0.501515 0.0425109 0.0605359
208 -0.646235 0.0169698 0.0345753
209 -0.480112 0.0322353 -0.0456242
210 -0.557048 -0.0498341 -0.101149
211 -0.59391 0.0801839 0.0940706
212 -0.59463 0.0815356 -0.0946334
213 -0.531269 -0.11675 -0.0172014
214 -0.530509 -0.0829028 -0.000861851
215 -0.588078 -0.136001 -0.0512524
216 -0.603108 -0.0147907 -0.099947
217 -0.646235 -0.0718804 0.0698327
218 -0.586682 -0.137005 0.00535601
219 -0.646235 -0.05 -0.1
220 -0.646235 0 0.1
221 -0.646235 0.05 0.1
222 -0.612946 0.00782002 0.0992393
223 -0.522861 -0.0565207 -0.100701
224 -0.495347 0.0405565 -0.0959952
225 -0.615819 -0.121981 -0.104516
226 -0.589811 -0.13412 -0.104138
227 -0.589043 -0.104663 -0.103765
228 -0.589005 -0.135109 -0.0809978
229 -0.646235 -0.1 -0.025
230 -0.646235 0.1 -0.1
231 -0.572818 -0.143645 -0.028206
232 -0.560426 -0.149039 -0.0680046
233 -0.563594 -0.146426 -0.103676
234 -0.49048 0.00967511 0.0677733
235 -0.646235 0.1 0.1
236 -0.519785 -0.0763055 0.029324
237 -0.646235 -0.1 0.05
238 -0.554259 -0.152598 0.0025695
239 -0.546789 -0.0786573 -0.101823
240 -0.575017 -0.0783896 -0.10239
241 -0.646235 -0.1 0.1
242 -0.502539 -0.026664 -0.0990922
243 -0.64171 -0.110336 -0.104432
244 -0.521346 -0.0976695 0.0496341
245 -0.614176 -0.12242 0.104479
246 -0.646235 -0.1 0
247 -0.646235 -0.075 -0.1
248 -0.513301 -0.0785639 0.0774381
249 -0.511725 -0.0508798 0.098617
250 -0.451322 -0.0412169 0.0378809
251 -0.490135 -0.0465547 0.0271652
252 -0.459813 -0.0475474 0.00507776
253 -0.46084 -0.0783316 0.0377991
254 -0.472867 -0.0070047 -0.00565221
255 -0.463193 0.0238854 0.0115381
256 -0.510466 -0.174441 -0.0030276
257 -0.499116 -0.136296 0.00111815
258 -0.530641 -0.164249 0.0113145
259 -0.515622 -0.171525 0.024935
260 -0.506119 -0.119559 0.100762
261 -0.470838 -0.131579 0.10016
262 -0.491785 -0.116745 0.0657731
263 -0.479741 -0.103708 0.0995743
264 -0.409541 -0.0359403 -0.0311582
265 -0.426787 -0.0348475 0.000531633
266 -0.429245 -0.0576394 -0.0338943
267 -0.412432 -0.0659987 -0.00506666
268 -0.467725 -0.152307 0.064992
269 -0.476773 -0.114607 0.0379286
270 -0.452761 -0.1175 0.0692881
271 -0.542646 -0.158221 -0.0374021
272 -0.530091 -0.164588 -0.0136935
273 -0.477898 -0.00351057 0.0351012
274 -0.464197 -0.0151785 0.0675303
275 -0.485232 -0.187808 -0.0184514
276 -0.456748 -0.202681 -0.0271541
277 -0.441961 -0.169726 -0.0186022
278 -0.466378 -0.197588 0.00981043
279 -0.437643 -0.0228317 -0.0497547
280 -0.440307 -0.018909 -0.0178641
281 -0.537636 -0.160141 0.0402489
282 -0.451939 -0.14587 0.0347074
283 -0.486763 -0.14933 0.029964
284 -0.509858 -0.172605 0.102133
285 -0.483429 -0.18655 0.101403
286 -0.501319 -0.177762 0.080707
287 -0.493681 -0.155213 0.101245
288 -0.450637 -0.0928409 -0.00681114
289 -0.432698 -0.0688666 0.015007
290 -0.484441 -0.0388325 0.0605538
291 -0.511636 -0.142786 -0.0372708
292 -0.474829 -0.0779613 -0.0429251
293 -0.49396 -0.0949947 -0.0107155
294 -0.478841 -0.0683958 -0.0121713
295 -0.406408 -0.00419894 0.0152368
296 -0.432064 0.00868036 -0.00192307
297 -0.447145 -0.0137217 0.0156926
298 -0.497426 -0.152142 0.0733202
299 -0.524802 -0.165722 0.0753153
300 -0.421283 -0.0416275 0.0701606
301 -0.474238 -0.0599868 0.06821
302 -0.50406 -0.105222 0.0212308
303 -0.513293 -0.138978 0.0424116
304 -0.484417 -0.0807707 0.0152479
305 -0.470321 -0.104415 -0.0689779
306 -0.502685 -0.0982613 -0.0713917
307 -0.50529 -0.107862 -0.044561
308 -0.492233 -0.142438 -0.0679286
309 -0.518414 -0.139454 -0.0752576
310 -0.488985 -0.039752 -0.020724
311 -0.466736 -0.0085186 -0.0396252
312 -0.378116 -0.0547784 -0.0295423
313 -0.373471 -0.0213788 -0.0341524
314 -0.381308 -0.0459322 -0.0651911
315 -0.450414 -0.0493514 -0.0239787
316 -0.446058 -0.0575401 -0.0664663
317 -0.3921 -0.0473681 0.0531515
318 -0.411808 -0.000738511 0.0482071
319 -0.390049 -0.011711 0.0684183
320 -0.479189 -0.152317 -0.0245128
321 -0.473437 -0.166382 0.00663065
322 -0.410359 -0.0509736 -0.0608719
323 -0.455806 -0.166178 0.100478
324 -0.422451 -0.163154 0.0997123
325 -0.449039 -0.167219 0.0751711
326 -0.438551 -0.135241 0.0993725
327 -0.511791 -0.137777 -0.102195
328 -0.526681 -0.165882 -0.0721759
329 -0.511131 -0.173002 -0.102569
330 -0.492454 -0.0797344 0.0478184
331 -0.456551 0.0207232 -0.0221794
332 -0.509452 -0.062905 0.000581747
333 -0.50971 -0.0770815 -0.0321789
334 -0.509378 -0.174968 -0.0420186
335 -0.500518 -0.179055 -0.077326
336 -0.476224 -0.168719 -0.0799769
337 -0.399974 -0.0802356 -0.0334438
338 -0.483934 -0.0157184 0.0101565
339 -0.433807 -0.131428 0.0098219
340 -0.413789 -0.146683 0.0326616
341 -0.439037 -0.17115 0.0141071
342 -0.504971 -0.176507 0.0515676
343 -0.480015 -0.189185 0.0740144
344 -0.492734 -0.0241153 0.0968405
345 -0.486286 -0.0548271 0.0981897
346 -0.431176 -0.0198595 0.0962337
347 -0.421315 -0.0499875 0.0971116
348 -0.403796 -0.0296314 0.09616
349 -0.399638 -0.0863821 0.0289672
350 -0.411608 -0.10146 0.0702949
351 -0.393966 -0.0756439 0.0680701
352 -0.421014 -0.0702628 0.046912
353 -0.469791 -0.0760793 -0.0999887
354 -0.487993 -0.110739 -0.10128
355 -0.451923 -0.113636 -0.100971
356 -0.458633 -0.137333 -0.0736308
357 -0.427017 -0.146111 -0.101029
358 -0.435785 -0.128305 -0.0736445
359 -0.441219 -0.163137 -0.0779821
360 -0.475996 -0.0334551 -0.057591
361 -0.46126 -0.163848 -0.0500909
362 -0.444308 -0.209053 -0.0645055
363 -0.476582 -0.192026 -0.0631358
364 -0.436782 -0.0845886 -0.100287
365 -0.41573 -0.0819636 -0.0676162
366 -0.445703 -0.0925453 -0.0700284
367 -0.422094 -0.10871 -0.100539
368 -0.467481 0.0269471 0.0442513
369 -0.442641 0.0152671 0.0653165
370 -0.437935 -0.00959371 0.0482236
371 -0.457921 -0.0432438 0.0972353
372 -0.398951 -0.00804093 -0.0484141
373 -0.402989 -0.00624361 -0.0171625
374 -0.521923 -0.129959 0.0753434
375 -0.474515 -0.120962 -0.0331951
376 -0.448495 -0.12742 -0.0414444
377 -0.487988 -0.0166101 -0.0758077
378 -0.468762 -0.000256961 -0.0657266
379 -0.5224 -0.101481 -0.101881
380 -0.416068 0.00210989 0.0745142
381 -0.41155 -0.0394783 0.030338
382 -0.536169 -0.158903 0.102864
383 -0.429799 -0.148458 -0.0502935
384 -0.426479 0.00595459 -0.0345556
385 -0.418221 0.00213063 -0.0676748
386 -0.464591 -0.00449546 0.0953805
387 -0.484511 -0.187049 -0.102443
388 -0.473877 -0.149602 -0.10174
389 -0.504222 -0.0566932 -0.0617169
390 -0.494584 -0.0556566 -0.10011
391 -0.45292 -0.10549 0.0989174
392 -0.439474 -0.0778321 0.0733861
393 -0.474565 -0.094684 0.0739417
394 -0.478757 -0.0607439 -0.0754043
395 -0.385418 -0.0388638 -0.000233643
396 -0.447766 0.0166732 -0.0564087
397 -0.454201 -0.0223134 -0.0742397
398 -0.539166 -0.131071 -0.102456
399 -0.405007 -0.078344 0.0975259
400 -0.424509 -0.134652 -0.0170644
401 -0.456748 -0.200828 0.100963
402 -0.45843 -0.139116 -0.00276983
403 -0.469798 -0.115793 0.0110739
404 -0.402842 -0.00421354 0.0954737
405 -0.400057 -0.0776049 -0.0999553
406 -0.403002 -0.0360268 -0.0988691
407 -0.471026 0.0288821 -0.0759836
408 -0.498921 -0.0808256 -0.100812
409 -0.413725 -0.115404 -0.0530538
410 -0.416827 -0.102471 -0.0045115
411 -0.440939 -0.0894004 -0.0357636
412 -0.474741 -0.192655 0.0432684
413 -0.431657 -0.108344 0.0340213
414 -0.424404 -0.145125 0.0647732
415 -0.435048 -0.181661 0.0456456
416 -0.375397 -0.0203069 -0.0015769
417 -0.374001 -0.0586489 0.0312101
418 -0.420485 -0.106578 0.098654
419 -0.496858 -0.0821521 0.0995494
420 -0.373224 -0.0195959 0.0958544
421 -0.441096 -0.0440044 -0.0989685
422 -0.452888 -0.173646 -0.101643
423 -0.453927 -0.203029 0.0693463
424 -0.438342 -0.0764172 0.098147
425 -0.469184 -0.0773544 0.0985107
426 -0.376638 -0.0479726 -0.0993506
427 -0.377601 -0.0806897 -0.0650762
428 -0.472513 -0.0127807 -0.0979978
429 -0.419515 -0.0260123 -0.0732082
430 -0.436992 0.0115047 0.0306459
431 -0.458014 -0.201264 -0.101858
432 -0.374457 -0.02002 -0.0985725
433 -0.476181 -0.0421039 -0.0993538
434 -0.537623 -0.159645 -0.10332
435 -0.380035 -0.0176254 0.0344541
436 -0.403773 -0.00449004 -0.0975024
437 -0.394018 -0.0102321 -0.0751149
438 -0.401914 -0.125764 0.0161002
439 -0.463979 0.0262095 -0.0964844
440 -0.432466 0.0114117 0.09429
441 -0.472818 0.0304506 0.0711152
442 -0.425156 -0.0170082 -0.097949
443 -0.44673 -0.007507 -0.0974837
444 -0.379344 -0.0462057 0.0763894
445 -0.388252 -0.0537279 0.0968362
446 -0.371884 -0.0219423 -0.064324
447 -0.46313 0.026671 0.0938467
448 -0.44792 -0.206861 0.0375018
449 -0.492855 -0.183453 0.0186787
450 -0.433491 0.0107402 -0.0970992
451 -0.354575 -0.030444 0.062548
452 -0.387892 -0.106362 0.0980658
453 -0.318212 -0.128602 0.00762011
454 -0.304685 -0.155962 0.040371
455 -0.289907 -0.121952 0.0303403
456 -0.317465 -0.109023 0.0398203
457 -0.348245 -0.192514 0.098856
458 -0.334315 -0.171675 0.070974
459 -0.347572 -0.213771 0.0605248
460 -0.369463 -0.179789 0.068055
461 -0.34258 -0.037438 -0.0507169
462 -0.344466 -0.0361142 -0.0799162
463 -0.346085 -0.0601876 -0.0768101
464 -0.332336 -0.224755 -0.00433052
465 -0.368396 -0.249509 -0.00238515
466 -0.344353 -0.230873 -0.0348084
467 -0.342566 -0.263181 -0.0247016
468 -0.30271 -0.150362 -0.0666532
469 -0.317508 -0.140902 -0.0321855
470 -0.338829 -0.146599 -0.0643244
471 -0.317864 -0.171486 -0.0364935
472 -0.323398 -0.194872 0.021116
473 -0.310243 -0.188716 0.0585853
474 -0.326894 -0.230914 0.040323
475 -0.382061 -0.213187 0.0752048
476 -0.376677 -0.214065 -0.101202
477 -0.386892 -0.239714 -0.069116
478 -0.376676 -0.24504 -0.101232
479 -0.380762 -0.212686 -0.0752367
480 -0.316938 -0.187529 -0.0736174
481 -0.340615 -0.195858 -0.0417646
482 -0.357468 -0.189115 -0.0738042
483 -0.319412 -0.0492622 0.0495146
484 -0.320546 -0.0785631 0.0600772
485 -0.326133 -0.0452827 0.0757205
486 -0.336521 -0.0711752 0.0436813
487 -0.315918 -0.0504081 0.0969939
488 -0.318665 -0.0850857 0.0975082
489 -0.292912 -0.0631256 0.0747786
490 -0.343136 -0.0372643 -0.0184069
491 -0.342677 -0.0373622 0.0202552
492 -0.354564 -0.0672526 -0.00878159
493 -0.341033 -0.149038 0.0266097
494 -0.356029 -0.141547 0.0706972
495 -0.327562 -0.126295 0.0617333
496 -0.313054 -0.170405 -0.101097
497 -0.300236 -0.13011 -0.100858
498 -0.284453 -0.159361 -0.10106
499 -0.347631 -0.17427 0.044713
500 -0.385192 -0.124703 -0.0217453
501 -0.387658 -0.0982162 0.00101487
502 -0.382096 -0.165905 0.0297865
503 -0.41108 -0.192542 0.0179993
504 -0.380978 -0.206065 0.0340251
505 -0.409024 -0.174951 0.0368014
506 -0.359656 -0.15763 -0.0368799
507 -0.379995 -0.187964 -0.042791
508 -0.39978 -0.148593 -0.0501302
509 -0.375461 -0.165305 -0.0723243
510 -0.418462 -0.19318 -0.011025
511 -0.415338 -0.195431 -0.0370188
512 -0.404037 -0.188472 0.0600769
513 -0.39136 -0.145795 0.0698699
514 -0.374686 -0.12614 0.0159877
515 -0.369672 -0.136334 0.0442834
516 -0.365112 -0.139715 -0.100635
517 -0.377074 -0.177424 -0.101184
518 -0.394048 -0.15029 -0.100959
519 -0.369671 -0.220674 -0.0373851
520 -0.39491 -0.23552 -0.033062
521 -0.371269 -0.21934 -0.00324773
522 -0.393613 -0.208763 -0.0328634
523 -0.402029 -0.168839 -0.0263895
524 -0.42179 -0.178022 -0.0569571
525 -0.309218 -0.161564 -0.00219449
526 -0.280748 -0.14771 0.00757189
527 -0.403695 -0.199312 -0.101361
528 -0.404001 -0.230395 -0.101426
529 -0.405017 -0.159106 0.00397768
530 -0.357021 -0.0699206 0.0614751
531 -0.331221 -0.269012 0.0149851
532 -0.353199 -0.226452 0.0221014
533 -0.389925 -0.107714 -0.0795719
534 -0.431705 -0.215142 0.0623404
535 -0.422962 -0.193129 0.0786324
536 -0.367149 -0.250263 -0.0432109
537 -0.437981 -0.212588 0.00555815
538 -0.369168 -0.164325 -0.00545399
539 -0.351423 -0.194488 0.0182422
540 -0.355815 -0.223051 -0.0658167
541 -0.342978 -0.139932 -0.0156286
542 -0.372673 -0.0872944 -0.0261117
543 -0.325975 -0.0798571 -0.0221292
544 -0.35064 -0.106678 -0.0400782
545 -0.347517 -0.0680538 -0.0455512
546 -0.295742 -0.089832 0.0318327
547 -0.291061 -0.0967845 0.0670601
548 -0.255134 -0.118143 0.0541416
549 -0.251251 -0.0855697 0.0303338
550 -0.415017 -0.224671 -0.0647942
551 -0.431123 -0.215762 -0.101701
552 -0.281655 -0.0696423 0.00497982
553 -0.270727 -0.108022 0.0081376
554 -0.353948 -0.199643 -0.0133033
555 -0.401229 -0.188782 -0.0713364
556 -0.428068 -0.184017 -0.101322
557 -0.280992 -0.162501 -0.0278581
558 -0.396309 -0.120839 -0.100474
559 -0.407906 -0.144541 -0.0773544
560 -0.377957 -0.0761425 0.00154731
561 -0.288146 -0.0663298 -0.063537
562 -0.290003 -0.0947028 -0.0249854
563 -0.268409 -0.0767426 -0.0349997
564 -0.308801 -0.055466 -0.0370682
565 -0.308883 -0.0551295 0.0229832
566 -0.260609 -0.11222 -0.0514392
567 -0.269762 -0.110618 -0.100964
568 -0.288461 -0.0930788 -0.0750509
569 -0.26152 -0.0803158 -0.0762257
570 -0.343017 -0.104868 0.0369488
571 -0.32273 -0.112596 -0.0291415
572 -0.377813 -0.24401 0.0585701
573 -0.377562 -0.124866 -0.0689256
574 -0.345096 -0.146998 0.0986373
575 -0.316574 -0.124871 0.0981326
576 -0.314434 -0.165445 0.0984584
577 -0.305355 -0.159949 0.0767416
578 -0.388084 -0.104507 -0.0508793
579 -0.350262 -0.0975956 -0.0742112
580 -0.345686 -0.165427 -0.100964
581 -0.310619 -0.0942236 0.00508262
582 -0.293175 -0.0637752 -0.0174928
583 -0.283722 -0.129259 0.0674843
584 -0.283889 -0.104825 0.0977201
585 -0.299846 -0.0875323 -0.100504
586 -0.31472 -0.0521506 -0.0713049
587 -0.288532 -0.0659555 -0.10037
588 -0.376598 -0.0807348 0.0974859
589 -0.295784 -0.126613 -0.0119938
590 -0.308606 -0.203654 0.0986936
591 -0.31105 -0.215066 0.0745262
592 -0.351953 -0.10565 0.0977202
593 -0.360818 -0.253594 -0.0744761
594 -0.355471 -0.230726 -0.101217
595 -0.330242 -0.247226 -0.0797772
596 -0.38746 -0.191768 -0.00471798
597 -0.343535 -0.200472 -0.101107
598 -0.33067 -0.235191 -0.101226
599 -0.329822 -0.219621 -0.0747081
600 -0.351328 -0.1038 -0.000785299
601 -0.369139 -0.108665 0.0683815
602 -0.372181 -0.131732 0.0983399
603 -0.319177 -0.085288 -0.0601559
604 -0.351919 -0.0618049 0.0971511
605 -0.333106 -0.137797 -0.100741
606 -0.348839 -0.120195 -0.100492
607 -0.316894 -0.0506766 -0.0997984
608 -0.331045 -0.0695107 -0.0999365
609 -0.340351 -0.0980994 0.0694367
610 -0.357226 -0.255121 0.0379018
611 -0.374262 -0.215993 0.0993711
612 -0.355351 -0.228871 0.0993182
613 -0.298223 -0.108529 -0.047086
614 -0.405906 -0.170189 -0.10112
615 -0.281028 -0.135904 -0.0430455
616 -0.39571 -0.115771 0.0495829
617 -0.318893 -0.116487 -0.0711272
618 -0.261688 -0.131172 -0.0174228
619 -0.313386 -0.0529749 -0.00385944
620 -0.338197 -0.0773495 0.0167189
621 -0.335392 -0.176273 -0.00985793
622 -0.420845 -0.221268 0.036355
623 -0.405169 -0.22924 0.0708328
624 -0.368293 -0.0928473 0.036617
625 -0.330467 -0.23257 0.0990552
626 -0.348149 -0.259262 0.0993257
627 -0.353847 -0.256568 0.0722711
628 -0.30856 -0.209109 -0.101194
629 -0.346338 -0.261239 -0.0540259
630 -0.371379 -0.159877 0.0989693
631 -0.310124 -0.219181 -0.0440695
632 -0.426169 -0.218867 -0.0286055
633 -0.403966 -0.230575 0.00590521
634 -0.359349 -0.0720271 -0.0998347
635 -0.367143 -0.104437 -0.100171
636 -0.333533 -0.102325 -0.100385
637 -0.345361 -0.0353498 -0.0992625
638 -0.380616 -0.242812 0.0275295
639 -0.401199 -0.140061 0.0988368
640 -0.391536 -0.184784 0.0994001
641 -0.281306 -0.127889 -0.0762464
642 -0.375549 -0.24462 0.0995953
643 -0.285481 -0.0674622 0.0418962
644 -0.301795 -0.202655 -0.0167296
645 -0.425787 -0.192734 0.100063
646 -0.252406 -0.0851056 -0.00432642
647 -0.34915 -0.259697 -0.101207
648 -0.397372 -0.233849 0.0396862
649 -0.259647 -0.080479 0.0974935
650 -0.258976 -0.0812176 0.0669481
651 -0.344371 -0.0351105 0.0964473
652 -0.287679 -0.0656462 0.0972362
653 -0.253275 -0.108608 0.097792
654 -0.285967 -0.144297 0.0980636
655 -0.328115 -0.246893 -0.0575458
656 -0.402816 -0.230058 0.0999576
657 -0.429923 -0.215274 0.100252
658 -0.260376 -0.0808341 -0.100865
659 -0.331995 -0.268293 0.0536086
660 -0.303015 -0.255582 0.0423543
661 -0.238161 -0.317236 -0.101362
662 -0.226729 -0.295026 -0.0697927
663 -0.266027 -0.303047 -0.101264
664 -0.262925 -0.304585 -0.0707391
665 -0.186964 -0.21533 -0.0680012
666 -0.182222 -0.205215 -0.10177
667 -0.217208 -0.208431 -0.101564
668 -0.19697 -0.184956 -0.101667
669 -0.229717 -0.128531 -0.0437186
670 -0.239877 -0.118962 -0.0123802
671 -0.21371 -0.177567 0.0084089
672 -0.177669 -0.19699 -0.0143253
673 -0.20407 -0.18123 -0.0232819
674 -0.186671 -0.150793 -0.000943487
675 -0.219083 -0.212138 0.0206705
676 -0.186994 -0.216192 0.042315
677 -0.18498 -0.211897 0.0124688
678 -0.204483 -0.190953 0.0420941
679 -0.281663 -0.261715 0.0595174
680 -0.269923 -0.300445 0.0653355
681 -0.287255 -0.291663 0.0422712
682 -0.256541 -0.277456 0.0320209
683 -0.233084 -0.0952962 -0.0587609
684 -0.231006 -0.0962917 -0.0230887
685 -0.304095 -0.238978 -0.101264
686 -0.275004 -0.214413 0.098546
687 -0.276897 -0.192363 0.0604677
688 -0.266426 -0.230821 0.0732128
689 -0.294872 -0.222627 0.0538858
690 -0.306466 -0.281532 0.06913
691 -0.186988 -0.152809 0.0356868
692 -0.170315 -0.182411 0.0168869
693 -0.223295 -0.236798 -0.0136203
694 -0.198694 -0.239784 0.0209655
695 -0.206982 -0.256115 -0.0105457
696 -0.192039 -0.226009 -0.00946295
697 -0.240353 -0.194112 0.058262
698 -0.26557 -0.230728 0.0341419
699 -0.260417 -0.215987 -0.0300471
700 -0.222819 -0.211571 -0.0387411
701 -0.259592 -0.209653 -0.0693832
702 -0.244693 -0.185288 -0.0367634
703 -0.238386 -0.177477 0.0344351
704 -0.208746 -0.163843 0.06264
705 -0.219887 -0.151894 0.0298217
706 -0.245347 -0.263608 -0.0285015
707 -0.246712 -0.225376 -0.00671962
708 -0.242948 -0.237143 -0.0499045
709 -0.291128 -0.289993 -0.0251484
710 -0.249191 -0.260047 0.00498921
711 -0.263499 -0.304134 -0.00914997
712 -0.279001 -0.249056 -0.0199347
713 -0.321579 -0.274312 -0.10116
714 -0.335001 -0.267213 -0.0762849
715 -0.263438 -0.30425 -0.0391352
716 -0.259306 -0.272432 -0.0556955
717 -0.227919 -0.297511 -0.0421895
718 -0.28156 -0.179996 0.098338
719 -0.272677 -0.162327 0.0682803
720 -0.247202 -0.279149 0.0732049
721 -0.314418 -0.247162 0.0695366
722 -0.299142 -0.242645 0.0988655
723 -0.265563 -0.249656 0.098648
724 -0.310698 -0.247137 -0.0240747
725 -0.214057 -0.104536 0.0711454
726 -0.227639 -0.132947 0.0979033
727 -0.281306 -0.190045 -0.0538782
728 -0.199796 -0.112346 -0.0389014
729 -0.210109 -0.136974 -0.0219016
730 -0.231019 -0.0961473 0.00702306
731 -0.249406 -0.20033 0.0182705
732 -0.250512 -0.166322 0.00342512
733 -0.189361 -0.156613 -0.101687
734 -0.179307 -0.122903 -0.0718314
735 -0.223124 -0.142032 -0.0721593
736 -0.190672 -0.150488 -0.0507816
737 -0.300529 -0.229234 0.0142016
738 -0.291032 -0.259835 0.0140077
739 -0.237241 -0.18215 -0.0694102
740 -0.221492 -0.217916 -0.0739896
741 -0.232428 -0.247662 0.0984815
742 -0.205431 -0.253597 0.0623233
743 -0.2224 -0.226596 0.0627239
744 -0.203476 -0.249705 0.0983677
745 -0.162636 -0.166388 -0.0728363
746 -0.161237 -0.163801 -0.0502568
747 -0.220825 -0.161407 -0.0473852
748 -0.256446 -0.151041 -0.0591112
749 -0.241508 -0.158085 -0.0240984
750 -0.171103 -0.182921 -0.10178
751 -0.148681 -0.138463 -0.101978
752 -0.173651 -0.189228 0.0620408
753 -0.250163 -0.129077 -0.101228
754 -0.26638 -0.187788 -0.0114921
755 -0.180726 -0.121803 0.0265948
756 -0.224641 -0.139466 0.00959267
757 -0.175685 -0.124516 -0.00528647
758 -0.170077 -0.127486 -0.0343217
759 -0.162669 -0.166982 -0.0249991
760 -0.280949 -0.186514 0.0222464
761 -0.277424 -0.167186 -0.0763454
762 -0.193259 -0.227606 -0.101671
763 -0.309332 -0.280266 0.0391811
764 -0.209182 -0.107619 -0.0743368
765 -0.209614 -0.202992 0.0765326
766 -0.248604 -0.192857 0.0983059
767 -0.222391 -0.172183 0.0981297
768 -0.238017 -0.317235 -0.0513749
769 -0.254614 -0.159477 0.0981162
770 -0.25325 -0.273674 -0.101338
771 -0.283874 -0.293858 -0.0801371
772 -0.214986 -0.104272 0.0363783
773 -0.233995 -0.0942677 0.0603345
774 -0.22142 -0.131581 0.050238
775 -0.237554 -0.317058 0.0487137
776 -0.22466 -0.291669 0.0391516
777 -0.25036 -0.19748 -0.101352
778 -0.209647 -0.143307 0.0786268
779 -0.180109 -0.152479 0.0739034
780 -0.320617 -0.273885 0.0991429
781 -0.293072 -0.28883 0.0106601
782 -0.205619 -0.109266 -0.000690265
783 -0.249801 -0.127412 0.0190976
784 -0.258176 -0.153653 0.0384124
785 -0.237823 -0.317144 -0.00134796
786 -0.223589 -0.28917 -0.0136464
787 -0.227547 -0.297167 0.013167
788 -0.204494 -0.110047 -0.101551
789 -0.218888 -0.136173 -0.101498
790 -0.26069 -0.305391 0.0260341
791 -0.172747 -0.186829 -0.0493893
792 -0.200389 -0.178535 -0.0766113
793 -0.246944 -0.222494 0.0984378
794 -0.214548 -0.2716 0.0193265
795 -0.232641 -0.254709 -0.0708422
796 -0.201777 -0.245225 -0.0719821
797 -0.198079 -0.23814 -0.0398745
798 -0.18637 -0.118726 0.064266
799 -0.203711 -0.109642 0.097823
800 -0.200623 -0.13035 0.0979155
801 -0.175794 -0.123836 0.0978515
802 -0.148044 -0.138336 0.0229185
803 -0.14813 -0.138449 -0.00204748
804 -0.158185 -0.158332 0.036102
805 -0.187825 -0.217972 0.072811
806 -0.192412 -0.227255 0.0982845
807 -0.267095 -0.246044 -0.0765837
808 -0.292946 -0.288323 0.0989474
809 -0.240996 -0.154147 0.0683327
810 -0.215516 -0.272509 -0.101489
811 -0.319822 -0.275139 -0.0469766
812 -0.272158 -0.221071 0.00214025
813 -0.214374 -0.270734 -0.0497925
814 -0.242211 -0.25807 0.0549664
815 -0.232797 -0.238388 0.0263073
816 -0.20493 -0.189461 -0.0534023
817 -0.297097 -0.224768 -0.0760147
818 -0.215421 -0.211642 0.0982982
819 -0.288426 -0.291434 -0.0553525
820 -0.295531 -0.255682 -0.0599596
821 -0.261334 -0.130432 0.09798
822 -0.281281 -0.187875 -0.101196
823 -0.148412 -0.138496 -0.0519674
824 -0.249599 -0.233235 -0.101395
825 -0.226419 -0.244923 -0.101475
826 -0.17663 -0.12434 -0.101786
827 -0.280896 -0.228546 -0.0487157
828 -0.230233 -0.200069 -0.00960024
829 -0.237425 -0.316974 0.0737115
830 -0.265157 -0.30264 0.0988066
831 -0.24787 -0.281775 0.0986524
832 -0.316301 -0.276895 -0.01408
833 -0.214686 -0.272172 0.0984476
834 -0.282632 -0.254918 -0.10125
835 -0.307595 -0.281563 -0.0764495
836 -0.332487 -0.267797 0.0796292
837 -0.175101 -0.19125 -0.0787227
838 -0.231645 -0.0951786 0.0976967
839 -0.232347 -0.0956318 -0.101281
840 -0.193504 -0.154785 0.0980364
841 -0.254896 -0.161357 -0.101266
842 -0.147975 -0.138239 0.0478889
843 -0.15969 -0.161422 0.0687732
844 -0.162118 -0.130931 0.0758374
845 -0.170281 -0.182533 0.0981322
846 -0.196766 -0.18442 0.0981776
847 -0.147858 -0.13794 0.0978575
848 -0.159099 -0.160255 0.0979827
849 -0.278566 -0.220795 -0.101272
850 -0.185454 -0.212554 -0.0354976
851 -0.224286 -0.291112 0.0698055
852 -0.2377 -0.317106 0.0237076
853 -0.237932 -0.317183 -0.0263496
854 -0.272464 -0.139102 -0.101036
855 -0.293859 -0.288719 -0.1012
856 -0.221869 -0.173729 -0.101514
857 -0.147917 -0.138095 0.072874
858 -0.225941 -0.294549 0.0985855
859 -0.181341 -0.204846 0.0981951
860 -0.237286 -0.316869 0.0987049
861 -0.207605 -0.206 0.00144194
862 -0.207166 -0.21827 0.00737471
863 -0.211039 -0.238269 0.00368444
864 -0.217376 -0.248979 0.00429005
865 -0.198039 -0.203621 -0.0163729
866 -0.201576 -0.19207 0.0101377
867 -0.21704 -0.123498 0.0337439
868 -0.209988 -0.128807 0.043558
869 -0.200638 -0.111465 0.0503163
870 -0.269163 -0.283565 0.0855511
871 -0.241526 -0.146514 0.0240019
872 -0.250117 -0.141831 0.0132557
873 -0.24317 -0.135388 -0.00391338
874 -0.244953 -0.123203 0.00334379
875 -0.233973 -0.149772 -0.00901417
876 -0.204342 -0.250047 -0.101563
877 -0.214097 -0.245068 -0.0867275
878 -0.31289 -0.251448 -0.0698613
879 -0.168769 -0.155529 0.054344
880 -0.153834 -0.149833 0.0583332
881 -0.155011 -0.134601 0.0617942
882 -0.184149 -0.152664 0.0514617
883 -0.188435 -0.168455 0.0860372
884 -0.174742 -0.168906 0.0871363
885 -0.251525 -0.102965 -0.07989
886 -0.261193 -0.0962444 -0.0638395
887 -0.250734 -0.0860503 -0.0468527
888 -0.245902 -0.104236 -0.0372577
889 -0.246295 -0.30123 -0.0571774
890 -0.232384 -0.306133 -0.0605966
891 -0.246294 -0.235182 -0.075651
892 -0.250276 -0.250256 -0.0737828
893 -0.25693 -0.106872 -0.0105447
894 -0.229758 -0.118412 -0.0877934
895 -0.233663 -0.106641 0.0844844
896 -0.232461 -0.0948706 0.0846845
897 -0.243019 -0.101017 0.0778385
898 -0.256526 -0.0929669 0.0801468
899 -0.271397 -0.103012 0.08312
900 -0.274647 -0.0958229 0.0859697
901 -0.275218 -0.0884987 0.0825425
902 -0.268252 -0.118828 0.0827548
903 -0.270153 -0.275024 -0.0100812
904 -0.191611 -0.201335 -0.0835026
905 -0.334586 -0.0572695 0.0542825
906 -0.342412 -0.0581709 0.0498311
907 -0.402519 -0.203167 0.076905
908 -0.397768 -0.186611 0.0797443
909 -0.440549 -0.197064 0.0900417
910 -0.437447 -0.179995 0.0876264
911 -0.441638 -0.178799 0.100288
912 -0.441376 -0.209492 0.0856591
913 -0.332335 -0.130645 -0.0481797
914 -0.334845 -0.111486 -0.0560721
915 -0.345745 -0.11679 -0.0704145
916 -0.334054 -0.118183 -0.0858122
917 -0.344145 -0.13336 -0.0822605
918 -0.3632 -0.122531 -0.0847108
919 -0.366282 -0.122277 -0.100489
920 -0.381954 -0.124437 -0.0453415
921 -0.392912 -0.120911 -0.0505608
922 -0.41542 -0.200067 0.036554
923 -0.408246 -0.191006 0.0344569
924 -0.36657 -0.236442 0.0789344
925 -0.413652 -0.174211 -0.0790398
926 -0.403957 -0.171711 -0.0736686
927 -0.360935 -0.214893 0.0799373
928 -0.376999 -0.0369686 -0.0149932
929 -0.380776 -0.0318008 -0.0137031
930 -0.439277 -0.190306 -0.0420165
931 -0.451441 -0.190029 -0.0583987
932 -0.462698 -0.180626 -0.0689768
933 -0.468727 -0.166276 -0.0650412
934 -0.31481 -0.0669 0.0414994
935 -0.301167 -0.0724531 0.0499684
936 -0.30615 -0.0852657 0.0434679
937 -0.365227 -0.0381136 -0.00891164
938 -0.365704 -0.0381453 0.0092264
939 -0.369168 -0.0538131 -0.00469037
940 -0.382712 -0.0283143 0.0171168
941 -0.395513 -0.0218262 0.00785316
942 -0.39883 -0.0388709 0.0152648
943 -0.406957 -0.0369899 0.00013117
944 -0.399749 -0.0531644 -0.00271254
945 -0.318326 -0.0645273 0.0785385
946 -0.312379 -0.0526942 0.0753953
947 -0.324166 -0.0573833 0.0700272
948 -0.335222 -0.0708741 0.0769504
949 -0.451784 0.0194621 -0.0867515
950 -0.459185 0.0112676 -0.0863203
951 -0.451397 0.00534155 -0.0811999
952 -0.447186 0.00271696 -0.0800619
953 -0.455182 -0.00477529 -0.0854668
954 -0.458326 0.0151727 -0.0967857
955 -0.466091 0.015803 -0.0843167
956 -0.517754 -0.0739499 0.0555446
957 -0.535781 -0.0738684 0.0480345
958 -0.518766 -0.0647748 0.0428535
959 -0.526993 -0.0460362 0.0410802
960 -0.541053 -0.0905399 0.0385179
961 -0.503045 -0.0789996 0.0625541
962 -0.471916 -0.0405577 0.0792213
963 -0.478709 -0.0195265 0.0819312
964 -0.485695 -0.0480596 0.081945
965 -0.479486 0.0168632 0.0783771
966 -0.48261 -0.0531309 0.0472864
967 -0.486045 -0.070553 0.0838747
968 -0.486836 -0.172234 0.0876668
969 -0.49345 -0.181547 0.0899632
970 -0.507843 -0.142567 0.0883378
971 -0.520938 -0.139396 0.10183
972 -0.510796 -0.160967 0.0870145
973 -0.504031 -0.163032 0.0886443
974 -0.55388 -0.135059 -0.0385314
975 -0.557798 -0.13365 -0.0242274
976 -0.539803 -0.135168 -0.0511797
977 -0.476096 -0.00514931 0.0152407
978 -0.473121 -0.0150914 0.0116881
979 -0.466603 -0.0271857 -0.000406353
980 -0.463342 -0.0252394 -0.0134595
981 -0.449196 -0.0316848 -0.00814052
982 -0.48203 -0.0233567 -0.0132913
983 -0.492206 -0.0131953 -0.00444765
984 -0.489059 -0.00764554 -0.002362
985 -0.47334 -0.057361 0.0496524
986 -0.502003 -0.123648 -0.0896807
987 -0.501986 -0.140069 -0.0850613
988 -0.4486 -0.0501903 0.0690996
989 -0.618701 -0.0880372 -0.00208389
990 -0.622002 -0.0858433 -0.0048931
991 -0.572093 -0.067495 0.0890681
992 -0.565796 -0.0598281 0.090243
993 -0.575165 0.0548596 0.0333628
994 -0.580147 0.0748231 0.0361623
995 -0.563053 0.0518858 0.0470198
996 -0.589318 -0.0531062 0.0796115
997 -0.625004 -0.0582901 0.0723118
998 -0.633238 -0.0425559 0.0889128
999 -0.624009 -0.0540019 0.102334
1000 -0.631465 -0.0350542 0.0851136
1001 -0.620112 -0.0693611 0.0721514
1002 -0.637903 -0.0583995 -0.0826866
1003 -0.646235 -0.0514991 -0.0710455
1004 -0.628971 -0.00458929 -0.0619539
1005 -0.635277 -0.0121586 -0.0610049
1006 -0.629943 0.00459003 -0.0472801
1007 -0.646235 0.0212917 -0.0452575
1008 -0.632341 -0.0239489 -0.0870242
1009 -0.585468 -0.112712 0.0936048
1010 -0.576719 -0.114894 0.0876729
1011 -0.566309 -0.120061 0.102923
1012 -0.582558 -0.0607642 -0.0492721
1013 -0.323263 -0.152339 0.0335222
1014 -0.544851 -0.00372562 0.0353359
1015 -0.625466 0.0291429 0.0862676
1016 -0.560632 -0.0559084 0.0505408
1017 -0.601975 0.0661503 -0.0796449
1018 -0.574933 -0.0284355 0.0525247
1019 -0.269167 -0.26075 -0.0378146
1020 -0.501518 -0.0276738 0.0321081
1021 -0.40575 -0.0640651 -0.0802684
1022 -0.59023 0.03261 0.0480801
1023 -0.646235 -0.0010511 0.0787283
1024 -0.557749 -0.0034857 0.0418677
1025 -0.255399 -0.12063 -0.0763409
1026 -0.29913 -0.188741 -0.0637127
1027 -0.291852 -0.19435 0.00276411
1028 -0.297862 -0.225815 0.0340498
