1 -0.540064 -0.0742635 -0.0406122
2 -0.563215 -0.10764 -0.0397142
3 -0.557141 -0.0677874 -0.00900847
4 -0.57707 -0.0742888 -0.0435871
5 -0.598359 -0.127449 0.0361505
6 -0.599575 -0.0874885 0.0137424
7 -0.613452 -0.12184 0.00421403
8 -0.608739 -0.0981546 0.0451436
9 -0.615584 -0.0657287 0.0566644
10 -0.615157 -0.0412895 0.0308076
11 -0.586457 -0.0713722 0.0455988
12 -0.521637 0.00412322 -0.0696241
13 -0.496438 0.0133618 -0.0552696
14 -0.505178 0.0193929 -0.0972524
15 -0.504041 0.0494412 -0.0692139
16 -0.53417 -0.0448212 0.0993873
17 -0.513396 -0.0446768 0.0616375
18 -0.545587 -0.038783 0.0729033
19 -0.517503 -0.0315651 0.0810881
20 -0.598439 0.0474541 0.0321833
21 -0.646235 0.0407607 0.00518143
22 -0.615131 0.024857 0.0397263
23 -0.646235 0.0730172 0.0271599
24 -0.550107 0.0358968 -0.0687012
25 -0.543414 0.0278238 -0.0968284
26 -0.559774 0.07115 -0.0947688
27 -0.540097 0.063131 -0.062139
28 -0.567307 0.0514328 -0.0956128
29 -0.616368 -0.0230045 -0.0431893
30 -0.5897 -0.0342979 -0.0568818
31 -0.597523 -0.0545236 -0.0444693
32 -0.613785 -0.0333971 -0.0750811
33 -0.581395 -0.0969957 -0.0107214
34 -0.558152 -0.0797964 0.0274774
35 -0.575054 -0.107506 0.0321231
36 -0.559326 -0.108976 0.00211357
37 -0.615735 0.0113896 -0.0131545
38 -0.646235 0.0020105 0.000880758
39 -0.646235 0.0175192 -0.0293126
40 -0.570685 -0.0370688 0.0341928
41 -0.583015 -0.0439199 0.0638164
42 -0.607779 -0.00698206 0.0458263
43 -0.646235 0.1 -0.025
44 -0.646235 0.1 0
45 -0.646235 0.0734273 -0.0112679
46 -0.600078 0.0823181 -0.024013
47 -0.536328 -0.0379928 0.0239967
48 -0.561735 -0.025074 -0.00411536
49 -0.646235 0.0473314 0.0508233
50 -0.602185 0.0534032 0.0663254
51 -0.628887 -0.0745771 0.10387
52 -0.637175 -0.111294 0.076893
53 -0.638215 -0.110626 0.104562
54 -0.634716 -0.0819492 0.0694304
55 -0.57646 0.00321736 0.0224838
56 -0.618195 0.00165186 0.0154599
57 -0.510704 -0.00350088 0.0379158
58 -0.512812 -0.015351 -0.00298944
59 -0.544619 0.00362324 0.0110311
60 -0.646235 -0.0492512 -0.0296903
61 -0.620085 -0.0509383 -0.0132159
62 -0.625674 -0.0675434 -0.0628492
63 -0.609715 -0.0897176 -0.0287717
64 -0.633134 -0.0813703 0.0165162
65 -0.637554 -0.0869243 -0.0184911
66 -0.587023 -0.0647782 -0.0751776
67 -0.646235 -0.032644 -0.00155263
68 -0.646235 -0.0459375 0.024835
69 -0.646235 -0.0165666 0.0283487
70 -0.588988 -0.0537055 -0.0194816
71 -0.584543 -0.054929 0.00810002
72 -0.534048 0.0349139 -0.0399503
73 -0.514952 0.0245154 0.0068786
74 -0.549748 0.0353917 0.0382802
75 -0.558339 0.0321723 -0.00509476
76 -0.534234 0.0606727 -0.0258971
77 -0.570744 0.0297262 -0.0354511
78 -0.586124 -0.0188709 0.0998069
79 -0.586618 0.0176058 0.0973477
80 -0.576022 -0.013275 0.0713051
81 -0.61286 0.0140961 0.0744457
82 -0.535939 0.000645996 -0.0314082
83 -0.546042 -0.109488 0.0654077
84 -0.550099 -0.0670996 0.0672556
85 -0.581172 -0.0982833 0.0624753
86 -0.590776 -0.0234166 -0.0167568
87 -0.592542 -0.000540802 -0.0298366
88 -0.565057 -0.00360287 -0.0212607
89 -0.563685 -0.0381967 -0.0427197
90 -0.63998 -0.111181 -0.0769867
91 -0.646235 -0.0667146 -0.0503956
92 -0.646235 -0.1 -0.05
93 -0.642795 -0.110513 -0.0407894
94 -0.554615 -0.0288511 0.0992033
95 -0.571985 -0.0508771 0.100788
96 -0.526571 0.0591677 -0.0954866
97 -0.573056 -0.0186699 -0.0995788
98 -0.577605 0.0162236 -0.0974719
99 -0.60861 -0.0031285 -0.0732444
100 -0.584908 -0.00365906 -0.0566258
101 -0.604635 -0.0204821 0.00691262
102 -0.533603 -0.115704 0.0212564
103 -0.602861 0.0522345 -0.0958329
104 -0.646235 0.0668459 -0.0654286
105 -0.599888 0.0332071 -0.0649653
106 -0.583366 0.0569569 -0.055785
107 -0.567192 -0.140415 0.0375904
108 -0.58167 0.0226988 0.064587
109 -0.569253 -0.0923347 0.102489
110 -0.584794 -0.0651615 0.0808216
111 -0.606261 -0.0922948 0.0797893
112 -0.597784 -0.126462 0.0852332
113 -0.559841 0.0715839 0.0940335
114 -0.566826 0.0445145 0.0951977
115 -0.55115 0.0411604 0.0689816
116 -0.525933 0.0602021 0.0938427
117 -0.646235 -0.0156538 -0.0295892
118 -0.646235 -0.000828139 -0.0523479
119 -0.646235 -0.0319327 -0.0645593
120 -0.546868 -0.0866551 0.1016
121 -0.500297 0.0203026 0.0953422
122 -0.493841 0.0468141 0.094459
123 -0.520341 0.0244431 0.0696924
124 -0.558716 0.00212803 -0.0637398
125 -0.646235 -0.00138515 -0.0714992
126 -0.596645 -0.0599043 0.102349
127 -0.559522 0.00537991 0.0971864
128 -0.541375 -0.0029477 0.0604629
129 -0.589695 0.0168781 0.000290871
130 -0.600535 0.0579695 0.00123601
131 -0.565552 0.0465136 0.016832
132 -0.621715 -0.0101305 -0.0186311
133 -0.6149 -0.0335926 0.0758874
134 -0.588265 -0.0454329 -0.10075
135 -0.568605 -0.0316418 -0.0762569
136 -0.59213 -0.0924572 -0.0551099
137 -0.598527 -0.127433 -0.0246411
138 -0.613752 0.0153226 -0.0413391
139 -0.646235 0.0232858 0.0686351
140 -0.646235 -0.00210221 0.0574566
141 -0.539285 -0.111647 0.10168
142 -0.529261 -0.0412718 -0.0261535
143 -0.525991 -0.077874 0.100566
144 -0.532516 0.0597801 0.00937454
145 -0.562738 0.0703261 -0.0125709
146 -0.644488 -0.110536 -0.00408289
147 -0.646235 -0.0685292 0.00314744
148 -0.646235 0.0776621 -0.0377538
149 -0.600963 0.0454568 -0.026113
150 -0.540113 -0.00886329 -0.0986786
151 -0.533714 -0.0320506 -0.0644417
152 -0.536009 0.024668 0.0956449
153 -0.526375 -0.0110941 0.0973627
154 -0.613219 0.0194525 -0.0987045
155 -0.610562 -0.122174 0.0666907
156 -0.646235 0.0502716 -0.0347161
157 -0.620798 -0.0442648 -0.102048
158 -0.646235 0 -0.1
159 -0.646235 -0.0371008 0.0597063
160 -0.646235 -0.0711414 0.038456
161 -0.604599 -0.0969092 0.103501
162 -0.603571 -0.0773738 -0.103157
163 -0.63575 -0.0823163 -0.103933
164 -0.616504 -0.0939059 -0.0768777
165 -0.537994 0.0632545 0.0616529
166 -0.571773 0.075494 -0.0707972
167 -0.646235 0.0261169 -0.0656522
168 -0.581444 -0.133428 0.0708986
169 -0.549564 -0.146753 0.0716168
170 -0.576473 0.0758475 0.0566827
171 -0.549784 0.0663026 0.0348942
172 -0.502801 -0.00756016 0.0649962
173 -0.493412 0.0441893 -0.0116391
174 -0.509482 0.0509775 -0.0422147
175 -0.646235 0.075 0.1
176 -0.605529 0.0458233 0.0965657
177 -0.646235 0.0744889 0.0709772
178 -0.504688 -0.0165395 -0.046116
179 -0.504931 -0.0315996 -0.0773259
180 -0.583676 0.0776299 0.0149214
181 -0.494203 0.0449903 0.0257145
182 -0.521337 0.0563061 0.0376783
183 -0.512492 0.0265192 0.0474615
184 -0.535134 -0.10679 -0.0643589
185 -0.557991 -0.105589 -0.102656
186 -0.580978 -0.103551 -0.0761604
187 -0.559927 -0.0769341 -0.0716216
188 -0.646235 0.1 -0.05
189 -0.646235 0.1 0.05
190 -0.623196 -0.118071 -0.0245363
191 -0.612939 -0.121682 -0.0572557
192 -0.528625 -0.0640284 -0.0692039
193 -0.633202 -0.113859 0.0355735
194 -0.646235 -0.1 0.025
195 -0.646235 0.05 -0.1
196 -0.646235 -0.05 0.1
197 -0.619644 -0.0315387 0.101506
198 -0.646235 -0.1 -0.1
199 -0.646235 -0.0710655 -0.0775316
200 -0.646235 -0.08027 -0.0262146
201 -0.599246 0.0828656 -0.0624197
202 -0.568074 0.0731897 -0.041789
203 -0.558735 -0.141716 0.103493
204 -0.585496 -0.130787 0.103782
205 -0.496778 0.0125311 -0.0251814
206 -0.550916 -0.0632048 0.10111
207 -0.500749 0.0477201 0.0609801
208 -0.646235 0.0169698 0.0345753
209 -0.478706 0.0387137 -0.0453798
210 -0.556478 -0.0452402 -0.100586
211 -0.594215 0.0823672 0.0943969
212 -0.594289 0.08371 -0.0946049
213 -0.529303 -0.11069 -0.0170981
214 -0.528646 -0.077901 -0.000673433
215 -0.584916 -0.132845 -0.0513239
216 -0.602644 -0.0124449 -0.100056
217 -0.646235 -0.0718804 0.0698327
218 -0.583563 -0.133685 0.0054517
219 -0.646235 -0.05 -0.1
220 -0.646235 0 0.1
221 -0.646235 0.05 0.1
222 -0.614152 0.00979959 0.0986267
223 -0.521148 -0.0516776 -0.100118
224 -0.494248 0.0464664 -0.0958412
225 -0.612782 -0.120278 -0.104487
226 -0.586221 -0.130854 -0.10415
227 -0.587133 -0.1013 -0.10357
228 -0.585501 -0.131774 -0.080999
229 -0.646235 -0.1 -0.025
230 -0.646235 0.1 -0.1
231 -0.569289 -0.139592 -0.0281405
232 -0.556439 -0.14444 -0.0680839
233 -0.559717 -0.141882 -0.103657
234 -0.489253 0.0152303 0.0682085
235 -0.646235 0.1 0.1
236 -0.518668 -0.0705696 0.029449
237 -0.646235 -0.1 0.05
238 -0.550428 -0.148074 0.00278436
239 -0.545405 -0.0738258 -0.101714
240 -0.573386 -0.0744493 -0.10227
241 -0.646235 -0.1 0.1
242 -0.500962 -0.0209307 -0.0987293
243 -0.639639 -0.110511 -0.104827
244 -0.520052 -0.0916365 0.04965
245 -0.612094 -0.120907 0.104378
246 -0.646235 -0.1 0
247 -0.646235 -0.075 -0.1
248 -0.511852 -0.0726414 0.0775549
249 -0.510224 -0.0455416 0.098338
250 -0.448927 -0.0341266 0.0382635
251 -0.489363 -0.0400583 0.0274908
252 -0.457757 -0.0402918 0.00521416
253 -0.457965 -0.0714394 0.037963
254 -0.470661 -0.00060106 -0.0052516
255 -0.461839 0.030486 0.0121637
256 -0.505828 -0.167702 -0.00296268
257 -0.495951 -0.129013 0.00100347
258 -0.526158 -0.158364 0.0113464
259 -0.511017 -0.165093 0.0249383
260 -0.503995 -0.112987 0.100828
261 -0.468315 -0.123763 0.100185
262 -0.490097 -0.109447 0.0659161
263 -0.47752 -0.0968018 0.0997417
264 -0.407211 -0.0272972 -0.0307899
265 -0.424288 -0.0268191 0.000906196
266 -0.426078 -0.0497103 -0.0337129
267 -0.409192 -0.0574241 -0.00464272
268 -0.464271 -0.144189 0.065017
269 -0.473995 -0.107409 0.0381296
270 -0.449938 -0.109444 0.0694197
271 -0.538426 -0.152682 -0.0374745
272 -0.525725 -0.158317 -0.0136714
273 -0.476261 0.00260475 0.035529
274 -0.462664 -0.00862402 0.0681205
275 -0.480091 -0.180095 -0.0183747
276 -0.45118 -0.194094 -0.0270134
277 -0.437564 -0.160654 -0.0184142
278 -0.461057 -0.18945 0.00992228
279 -0.435514 -0.0151149 -0.0494012
280 -0.437717 -0.011698 -0.0178466
281 -0.533504 -0.154578 0.0403352
282 -0.448931 -0.13714 0.034858
283 -0.483222 -0.141854 0.03
284 -0.505353 -0.166373 0.10207
285 -0.478374 -0.179371 0.101294
286 -0.496586 -0.171133 0.0806318
287 -0.489918 -0.148343 0.101271
288 -0.448456 -0.084499 -0.00651926
289 -0.429447 -0.0608793 0.0153139
290 -0.483339 -0.0326819 0.0607754
291 -0.508307 -0.135785 -0.037305
292 -0.473067 -0.0704573 -0.0427084
293 -0.491748 -0.0878224 -0.0107306
294 -0.476117 -0.0616194 -0.0119193
295 -0.404497 0.004246 0.0159043
296 -0.430251 0.0164817 -0.00137005
297 -0.444512 -0.00668021 0.0161747
298 -0.493831 -0.145321 0.0733253
299 -0.520494 -0.159909 0.0753006
300 -0.419045 -0.033574 0.0705998
301 -0.472357 -0.0535369 0.0684062
302 -0.501274 -0.0988254 0.0213325
303 -0.510228 -0.132441 0.042549
304 -0.481298 -0.0740766 0.0153906
305 -0.467716 -0.0966068 -0.0687133
306 -0.500562 -0.0914224 -0.0711562
307 -0.503575 -0.100573 -0.0443926
308 -0.488905 -0.134918 -0.0677838
309 -0.515169 -0.133308 -0.0752268
310 -0.488075 -0.0330592 -0.0204685
311 -0.465112 -0.00169586 -0.039285
312 -0.375168 -0.0451657 -0.0289175
313 -0.371044 -0.0116758 -0.0337082
314 -0.378239 -0.0363695 -0.0647691
315 -0.448548 -0.0416981 -0.0237563
316 -0.444655 -0.0491163 -0.0660917
317 -0.389402 -0.0381959 0.0537538
318 -0.409885 0.00736381 0.048873
319 -0.387904 -0.00288365 0.0691282
320 -0.475616 -0.144387 -0.0244384
321 -0.469137 -0.158353 0.00668434
322 -0.407317 -0.0424366 -0.0606045
323 -0.451657 -0.157951 0.100367
324 -0.418725 -0.153652 0.0997828
325 -0.44484 -0.158683 0.0751481
326 -0.435052 -0.12671 0.0994838
327 -0.508516 -0.131212 -0.101893
328 -0.522237 -0.160201 -0.0722182
329 -0.506186 -0.166491 -0.102395
330 -0.490937 -0.0730677 0.0478436
331 -0.454998 0.0278604 -0.0216543
332 -0.507236 -0.0574067 0.000707537
333 -0.508352 -0.0705109 -0.032051
334 -0.504707 -0.168049 -0.0419586
335 -0.49543 -0.172031 -0.0772049
336 -0.47164 -0.160606 -0.079861
337 -0.397326 -0.0706861 -0.0330588
338 -0.481839 -0.00942224 0.0105465
339 -0.430134 -0.122708 0.00998483
340 -0.409684 -0.137285 0.0328594
341 -0.434298 -0.162342 0.0142235
342 -0.500267 -0.169885 0.051451
343 -0.474824 -0.181628 0.0739225
344 -0.49058 -0.0189313 0.0976509
345 -0.484757 -0.0487385 0.0983137
346 -0.429408 -0.0125105 0.0968731
347 -0.418702 -0.0420639 0.0975683
348 -0.401147 -0.021479 0.0968682
349 -0.396772 -0.0769362 0.0294256
350 -0.407859 -0.0926188 0.0705873
351 -0.390505 -0.0664046 0.0685106
352 -0.419 -0.061566 0.0472173
353 -0.46679 -0.0691367 -0.0999593
354 -0.485047 -0.103542 -0.100845
355 -0.448756 -0.105149 -0.100647
356 -0.455686 -0.128615 -0.0733774
357 -0.42275 -0.136713 -0.100874
358 -0.432183 -0.11932 -0.0733617
359 -0.437007 -0.154003 -0.0777975
360 -0.474728 -0.027135 -0.0569542
361 -0.457003 -0.155299 -0.0499213
362 -0.438645 -0.200025 -0.0643645
363 -0.471358 -0.183988 -0.0629843
364 -0.433734 -0.0758913 -0.0998649
365 -0.413094 -0.0727123 -0.0672778
366 -0.442011 -0.0846547 -0.0698974
367 -0.418837 -0.0996141 -0.100344
368 -0.466419 0.033165 0.0450706
369 -0.441272 0.0223357 0.0660717
370 -0.435465 -0.0025209 0.0488874
371 -0.456222 -0.0363988 0.0976119
372 -0.396932 0.000956204 -0.0479826
373 -0.400828 0.00256927 -0.0167167
374 -0.519196 -0.123885 0.0754399
375 -0.471332 -0.113024 -0.0329744
376 -0.444945 -0.118955 -0.0412442
377 -0.485873 -0.0105829 -0.0756491
378 -0.466657 0.00613976 -0.0652778
379 -0.521037 -0.0950197 -0.101382
380 -0.414403 0.00997641 0.0751602
381 -0.409105 -0.0309029 0.0308255
382 -0.532101 -0.153597 0.102842
383 -0.425569 -0.139467 -0.0500549
384 -0.424632 0.0141562 -0.0340795
385 -0.416449 0.0105721 -0.0671792
386 -0.462888 0.00167836 0.0957426
387 -0.479137 -0.179329 -0.102445
388 -0.470086 -0.141303 -0.101509
389 -0.50151 -0.0510366 -0.0616204
390 -0.492447 -0.0492256 -0.099972
391 -0.450534 -0.097725 0.0990954
392 -0.43636 -0.0702052 0.073564
393 -0.472753 -0.087405 0.074188
394 -0.475994 -0.0542108 -0.0753518
395 -0.382421 -0.0295781 0.00016153
396 -0.446207 0.0240968 -0.0560224
397 -0.451961 -0.0152074 -0.0740075
398 -0.536139 -0.125724 -0.102352
399 -0.402196 -0.069536 0.0980169
400 -0.420764 -0.125519 -0.0168337
401 -0.451336 -0.192823 0.100917
402 -0.455204 -0.130641 -0.00262444
403 -0.466923 -0.107943 0.0111939
404 -0.401174 0.00402639 0.096199
405 -0.397423 -0.0679878 -0.0995443
406 -0.400291 -0.0271184 -0.0984172
407 -0.469713 0.035609 -0.075697
408 -0.497282 -0.0739907 -0.100435
409 -0.410795 -0.105856 -0.052668
410 -0.413106 -0.0938238 -0.00427226
411 -0.43776 -0.0812274 -0.0356092
412 -0.469372 -0.184946 0.0432879
413 -0.429112 -0.0994853 0.0342375
414 -0.42107 -0.135745 0.0650633
415 -0.430317 -0.172639 0.0457035
416 -0.372877 -0.0106894 -0.00109417
417 -0.371009 -0.0489503 0.0317273
418 -0.417844 -0.0976674 0.0988342
419 -0.495365 -0.0756439 0.0997368
420 -0.37107 -0.0104277 0.0965745
421 -0.43818 -0.0363491 -0.0988095
422 -0.448213 -0.164862 -0.10153
423 -0.448357 -0.194814 0.0693582
424 -0.435764 -0.0684368 0.0982772
425 -0.466835 -0.0708416 0.0986679
426 -0.373575 -0.0382905 -0.0989342
427 -0.373755 -0.0708928 -0.064726
428 -0.470324 -0.00626545 -0.0978869
429 -0.416936 -0.0178474 -0.0727531
430 -0.43545 0.0188491 0.0314897
431 -0.45245 -0.192702 -0.10174
432 -0.371934 -0.0102059 -0.098082
433 -0.473942 -0.0359849 -0.0992739
434 -0.533341 -0.154445 -0.103349
435 -0.377553 -0.00823977 0.0351655
436 -0.401647 0.00438799 -0.0969873
437 -0.391928 -0.00114914 -0.074622
438 -0.397619 -0.116397 0.0164536
439 -0.462469 0.0331912 -0.0962255
440 -0.431192 0.0187552 0.0950386
441 -0.472124 0.0365426 0.0718652
442 -0.422455 -0.00888091 -0.0976389
443 -0.444177 -0.000183661 -0.0972652
444 -0.376612 -0.0369193 0.0770453
445 -0.385481 -0.0446656 0.0973681
446 -0.369481 -0.0122458 -0.0638456
447 -0.462398 0.032982 0.0944704
448 -0.442285 -0.198331 0.0374137
449 -0.487717 -0.176163 0.0186167
450 -0.431746 0.0186225 -0.0968397
451 -0.351934 -0.0204658 0.0632375
452 -0.384323 -0.0968388 0.0985221
453 -0.313676 -0.117143 0.00799455
454 -0.299596 -0.144152 0.0407257
455 -0.285349 -0.109919 0.0307447
456 -0.313192 -0.0977148 0.0402496
457 -0.343278 -0.181332 0.0991257
458 -0.329575 -0.160393 0.0712967
459 -0.342074 -0.202403 0.0606923
460 -0.365123 -0.168862 0.0683281
461 -0.339705 -0.0267274 -0.0501626
462 -0.341704 -0.0253249 -0.0794024
463 -0.342749 -0.049481 -0.0763594
464 -0.326373 -0.212998 -0.00414333
465 -0.361798 -0.2386 -0.00223832
466 -0.338163 -0.219333 -0.0346094
467 -0.335601 -0.251639 -0.0245485
468 -0.297635 -0.138292 -0.0663308
469 -0.312896 -0.129252 -0.031891
470 -0.334662 -0.135127 -0.0640002
471 -0.312981 -0.159551 -0.0362464
472 -0.317846 -0.183302 0.021349
473 -0.304988 -0.17679 0.0588973
474 -0.320849 -0.219127 0.0405003
475 -0.376512 -0.202729 0.0752961
476 -0.370866 -0.203266 -0.10107
477 -0.380407 -0.22925 -0.0690012
478 -0.370029 -0.234223 -0.101133
479 -0.375001 -0.202068 -0.0750987
480 -0.31158 -0.175486 -0.0733451
481 -0.335098 -0.184336 -0.0415324
482 -0.352091 -0.177984 -0.0735615
483 -0.31634 -0.0381663 0.0500748
484 -0.316868 -0.0675237 0.0605342
485 -0.323168 -0.034408 0.0763908
486 -0.333094 -0.060582 0.0441576
487 -0.312824 -0.0393384 0.0976473
488 -0.315004 -0.0739938 0.0980062
489 -0.28953 -0.051285 0.0753545
490 -0.340312 -0.0267071 -0.0178633
491 -0.339822 -0.0268281 0.0207539
492 -0.351126 -0.0570354 -0.00824669
493 -0.336864 -0.137799 0.0269303
494 -0.35193 -0.130841 0.0711341
495 -0.323475 -0.115122 0.0621325
496 -0.307802 -0.158437 -0.100736
497 -0.295611 -0.118057 -0.100523
498 -0.279281 -0.146902 -0.10078
499 -0.342783 -0.163164 0.0450041
500 -0.38178 -0.114353 -0.0215061
501 -0.384266 -0.0885338 0.00126701
502 -0.377392 -0.155674 0.0300459
503 -0.406078 -0.182765 0.0181151
504 -0.375577 -0.195511 0.0341293
505 -0.404694 -0.165089 0.0370074
506 -0.355179 -0.146551 -0.0366132
507 -0.375177 -0.177185 -0.0426254
508 -0.395588 -0.138616 -0.0498734
509 -0.370696 -0.154619 -0.072061
510 -0.413285 -0.183599 -0.0109192
511 -0.410115 -0.185664 -0.0368765
512 -0.399156 -0.178523 0.0602391
513 -0.387367 -0.135894 0.0701091
514 -0.370414 -0.116185 0.016304
515 -0.365902 -0.125798 0.0447699
516 -0.360624 -0.128829 -0.100338
517 -0.372215 -0.166722 -0.100853
518 -0.389507 -0.140191 -0.100707
519 -0.363728 -0.209724 -0.0372403
520 -0.388572 -0.225259 -0.0329837
521 -0.365406 -0.208456 -0.00314256
522 -0.387986 -0.198422 -0.0327382
523 -0.397827 -0.158611 -0.0262296
524 -0.417112 -0.168362 -0.0567438
525 -0.303992 -0.149706 -0.00186493
526 -0.275811 -0.135396 0.00798014
527 -0.398276 -0.189085 -0.101183
528 -0.397728 -0.220197 -0.101375
529 -0.400868 -0.149231 0.00424205
530 -0.353697 -0.0598482 0.0619151
531 -0.324188 -0.257258 0.0151276
532 -0.347214 -0.215251 0.0222509
533 -0.386045 -0.0980418 -0.0792508
534 -0.425899 -0.206134 0.0622615
535 -0.417876 -0.183803 0.0786685
536 -0.360447 -0.239267 -0.043037
537 -0.432185 -0.203603 0.00558737
538 -0.364471 -0.153604 -0.00520083
539 -0.346014 -0.183467 0.0184187
540 -0.349797 -0.211752 -0.0656334
541 -0.338246 -0.128834 -0.0153223
542 -0.368694 -0.0774692 -0.0257786
543 -0.32231 -0.0687429 -0.021658
544 -0.347203 -0.095813 -0.0398173
545 -0.344029 -0.0575146 -0.0451522
546 -0.291664 -0.0781532 0.032269
547 -0.287061 -0.0849274 0.0676196
548 -0.25064 -0.105387 0.0546329
549 -0.247306 -0.0726353 0.030867
550 -0.408869 -0.214763 -0.0647248
551 -0.425229 -0.206323 -0.101593
552 -0.277996 -0.057388 0.00544656
553 -0.2663 -0.095559 0.00861972
554 -0.348703 -0.188265 -0.0131515
555 -0.396176 -0.178515 -0.0711743
556 -0.423098 -0.174459 -0.101071
557 -0.275729 -0.149954 -0.0274835
558 -0.392095 -0.111053 -0.10018
559 -0.403758 -0.134731 -0.0771139
560 -0.374289 -0.0666009 0.00202228
561 -0.284551 -0.0541719 -0.0630601
562 -0.286004 -0.0826449 -0.0245982
563 -0.264642 -0.064106 -0.0345034
564 -0.30543 -0.043846 -0.0365814
565 -0.305626 -0.0437154 0.0235289
566 -0.256141 -0.0993913 -0.050993
567 -0.265269 -0.0979647 -0.100513
568 -0.284351 -0.0808938 -0.0746358
569 -0.257543 -0.0675495 -0.0757343
570 -0.339388 -0.0941699 0.0372635
571 -0.31819 -0.101292 -0.0287626
572 -0.371385 -0.233466 0.0586072
573 -0.373011 -0.114873 -0.0687552
574 -0.340528 -0.136449 0.0988027
575 -0.312371 -0.113567 0.0984497
576 -0.309333 -0.153918 0.0987916
577 -0.300221 -0.148197 0.0771224
578 -0.384686 -0.0946078 -0.0506085
579 -0.346135 -0.087028 -0.073934
580 -0.340729 -0.154132 -0.100724
581 -0.306642 -0.0826749 0.0054968
582 -0.289655 -0.0517479 -0.0170016
583 -0.278943 -0.117216 0.0678889
584 -0.279708 -0.0928456 0.0982709
585 -0.295861 -0.0755267 -0.100051
586 -0.311453 -0.0405773 -0.0708269
587 -0.284855 -0.0537691 -0.0998805
588 -0.37299 -0.0712885 0.098001
589 -0.290983 -0.114717 -0.011565
590 -0.303062 -0.191801 0.0989238
591 -0.305559 -0.203049 0.0747259
592 -0.348554 -0.0952342 0.0982678
593 -0.354037 -0.242414 -0.0743386
594 -0.349205 -0.219343 -0.101082
595 -0.323669 -0.235361 -0.0795846
596 -0.38244 -0.181287 -0.00460202
597 -0.338168 -0.188813 -0.100865
598 -0.324343 -0.223299 -0.101031
599 -0.323938 -0.207735 -0.0744413
600 -0.347564 -0.0932375 -0.00035543
601 -0.365667 -0.0985551 0.0688873
602 -0.367858 -0.121833 0.0985731
603 -0.315412 -0.0739095 -0.059818
604 -0.348896 -0.0517091 0.0975887
605 -0.328501 -0.12644 -0.100494
606 -0.344439 -0.109208 -0.100271
607 -0.313612 -0.0391733 -0.0993335
608 -0.327383 -0.0582175 -0.0994395
609 -0.336305 -0.0875744 0.0698871
610 -0.350468 -0.244063 0.037958
611 -0.368643 -0.205466 0.0994378
612 -0.349452 -0.217902 0.0994512
613 -0.293847 -0.0965587 -0.0467299
614 -0.40096 -0.160249 -0.100928
615 -0.276 -0.12357 -0.0426226
616 -0.391635 -0.106097 0.0497858
617 -0.314422 -0.104889 -0.0708609
618 -0.256794 -0.118412 -0.0169998
619 -0.310199 -0.0415648 -0.00335992
620 -0.334138 -0.0669245 0.0170423
621 -0.330378 -0.164776 -0.00964209
622 -0.414811 -0.211875 0.0363312
623 -0.399086 -0.219454 0.0708932
624 -0.364825 -0.0830033 0.0371069
625 -0.324516 -0.220968 0.0991855
626 -0.341503 -0.248117 0.0993786
627 -0.347167 -0.245431 0.0722979
628 -0.302629 -0.196923 -0.100914
629 -0.339415 -0.249782 -0.0538693
630 -0.366913 -0.149412 0.0990868
631 -0.304304 -0.206863 -0.043833
632 -0.420179 -0.209495 -0.0285607
633 -0.397715 -0.220657 0.00600005
634 -0.355597 -0.0615616 -0.0994565
635 -0.363371 -0.0941376 -0.0999875
636 -0.329197 -0.0911643 -0.100063
637 -0.342546 -0.0245525 -0.0987698
638 -0.374136 -0.232281 0.0275571
639 -0.397524 -0.130542 0.09911
640 -0.386946 -0.174615 0.0995388
641 -0.276438 -0.115489 -0.0758339
642 -0.369204 -0.234247 0.0995729
643 -0.28192 -0.0553901 0.0424771
644 -0.296102 -0.190401 -0.0164766
645 -0.420786 -0.183453 0.100055
646 -0.24845 -0.072174 -0.00387689
647 -0.342267 -0.248202 -0.101087
648 -0.391119 -0.223808 0.0397225
649 -0.255797 -0.0678764 0.0980239
650 -0.255108 -0.0685227 0.0675102
651 -0.341716 -0.0249261 0.0971487
652 -0.284165 -0.0536975 0.0977792
653 -0.248799 -0.0959013 0.0982644
654 -0.281176 -0.132276 0.098568
655 -0.321555 -0.235025 -0.0573438
656 -0.396659 -0.220362 0.100062
657 -0.424141 -0.206229 0.100262
658 -0.256348 -0.0680141 -0.100371
659 -0.325015 -0.25671 0.0536567
660 -0.296378 -0.243343 0.042489
661 -0.230214 -0.303582 -0.101231
662 -0.219215 -0.281198 -0.0696031
663 -0.258323 -0.289902 -0.101123
664 -0.255175 -0.291434 -0.0705908
665 -0.180715 -0.201117 -0.0676782
666 -0.175999 -0.190942 -0.101401
667 -0.211042 -0.194621 -0.101219
668 -0.191066 -0.170867 -0.101322
669 -0.224898 -0.115102 -0.0433402
670 -0.235166 -0.105776 -0.0119023
671 -0.208015 -0.163911 0.00881449
672 -0.171688 -0.182779 -0.0139401
673 -0.198352 -0.167396 -0.0228805
674 -0.181441 -0.136687 -0.000479652
675 -0.212924 -0.198575 0.0209917
676 -0.180782 -0.202178 0.0426507
677 -0.178773 -0.197802 0.0128156
678 -0.198675 -0.177223 0.0424582
679 -0.274957 -0.249147 0.0596925
680 -0.26241 -0.287653 0.0654763
681 -0.279882 -0.27918 0.0423786
682 -0.24948 -0.264344 0.0322014
683 -0.22879 -0.081862 -0.0582474
684 -0.226756 -0.082858 -0.0225922
685 -0.297726 -0.226532 -0.101034
686 -0.269155 -0.201874 0.0988466
687 -0.271496 -0.179776 0.0607876
688 -0.260232 -0.218038 0.0734921
689 -0.288975 -0.210298 0.0540894
690 -0.299304 -0.269444 0.0692476
691 -0.181715 -0.138774 0.0361279
692 -0.164514 -0.168031 0.0172358
693 -0.216824 -0.223167 -0.0133386
694 -0.1922 -0.225839 0.0212733
695 -0.200182 -0.24222 -0.0102672
696 -0.18568 -0.211954 -0.00914681
697 -0.234475 -0.180974 0.0585838
698 -0.259414 -0.217804 0.0344202
699 -0.254393 -0.202912 -0.0297477
700 -0.216605 -0.197938 -0.0384317
701 -0.253691 -0.196513 -0.0690772
702 -0.238941 -0.17203 -0.0364448
703 -0.232908 -0.164246 0.0348103
704 -0.203257 -0.150169 0.0630497
705 -0.214632 -0.138372 0.0302692
706 -0.238496 -0.25018 -0.0282847
707 -0.240482 -0.212139 -0.00646145
708 -0.236501 -0.223721 -0.0496346
709 -0.283721 -0.277459 -0.02501
710 -0.24244 -0.246773 0.00520569
711 -0.255839 -0.291094 -0.00901813
712 -0.272453 -0.236277 -0.0197217
713 -0.314415 -0.262233 -0.101024
714 -0.327965 -0.255476 -0.0761421
715 -0.255745 -0.291168 -0.0389955
716 -0.252254 -0.259213 -0.0554866
717 -0.220377 -0.283737 -0.0420063
718 -0.276032 -0.167725 0.0986465
719 -0.267557 -0.149815 0.0686722
720 -0.24013 -0.265948 0.0733844
721 -0.308046 -0.235191 0.0696644
722 -0.292906 -0.2304 0.0990056
723 -0.259196 -0.23683 0.0988551
724 -0.30413 -0.234897 -0.023896
725 -0.209681 -0.0909712 0.0716999
726 -0.222822 -0.119764 0.0983993
727 -0.275874 -0.177325 -0.0535804
728 -0.195203 -0.0983203 -0.0384037
729 -0.205052 -0.123201 -0.0215093
730 -0.226824 -0.0827921 0.00749059
731 -0.243418 -0.187288 0.0185582
732 -0.245124 -0.153361 0.00379528
733 -0.183931 -0.142374 -0.101281
734 -0.174472 -0.108462 -0.0713218
735 -0.218017 -0.128408 -0.0717375
736 -0.185384 -0.13637 -0.0503762
737 -0.294374 -0.216872 0.0144454
738 -0.284267 -0.247342 0.0141962
739 -0.231643 -0.168734 -0.06912
740 -0.21533 -0.204168 -0.0737011
741 -0.225879 -0.234355 0.0987252
742 -0.198769 -0.239761 0.062592
743 -0.216222 -0.213051 0.06304
744 -0.196838 -0.235989 0.0986371
745 -0.157067 -0.151752 -0.0724141
746 -0.155663 -0.149102 -0.0498115
747 -0.215341 -0.14779 -0.0469986
748 -0.251499 -0.138044 -0.0587505
749 -0.236135 -0.144981 -0.0237719
750 -0.165258 -0.168401 -0.101391
751 -0.143554 -0.123473 -0.101463
752 -0.167758 -0.175016 0.0624192
753 -0.245289 -0.115933 -0.100832
754 -0.260558 -0.174962 -0.011206
755 -0.176048 -0.107513 0.0271459
756 -0.219584 -0.126022 0.0100292
757 -0.170923 -0.110111 -0.00480069
758 -0.16521 -0.11294 -0.0338357
759 -0.157167 -0.152429 -0.0245607
760 -0.27568 -0.173912 0.0225917
761 -0.272034 -0.1545 -0.0759806
762 -0.186844 -0.213451 -0.101362
763 -0.302151 -0.268185 0.0392669
764 -0.204605 -0.0937074 -0.073834
765 -0.203625 -0.189379 0.0768493
766 -0.242799 -0.179963 0.0986314
767 -0.216926 -0.158955 0.0985219
768 -0.230077 -0.303651 -0.0512228
769 -0.249314 -0.146843 0.0984984
770 -0.246131 -0.260267 -0.10112
771 -0.276312 -0.281077 -0.0800012
772 -0.210647 -0.0906737 0.0369308
773 -0.229847 -0.0810715 0.0608572
774 -0.216581 -0.11815 0.0507449
775 -0.229729 -0.303643 0.0488222
776 -0.217332 -0.278011 0.0393293
777 -0.24435 -0.18424 -0.101032
778 -0.204565 -0.129716 0.0791067
779 -0.174845 -0.138367 0.0743496
780 -0.313652 -0.262049 0.0992303
781 -0.285709 -0.276389 0.0108125
782 -0.201136 -0.0953881 -0.000211031
783 -0.245046 -0.11452 0.0195328
784 -0.253168 -0.1408 0.0388229
785 -0.229956 -0.303648 -0.00120516
786 -0.216253 -0.275395 -0.0134607
787 -0.220099 -0.28349 0.0133508
788 -0.199869 -0.0960209 -0.101072
789 -0.213817 -0.122445 -0.101059
790 -0.253061 -0.292353 0.0261529
791 -0.166859 -0.172416 -0.0490051
792 -0.194718 -0.164556 -0.0762893
793 -0.24089 -0.209456 0.0987449
794 -0.207572 -0.257731 0.0195521
795 -0.225851 -0.241047 -0.0706059
796 -0.195122 -0.231161 -0.0717278
797 -0.191552 -0.224063 -0.0395948
798 -0.181734 -0.104626 0.0647998
799 -0.199254 -0.0959333 0.0983725
800 -0.195753 -0.116594 0.0984323
801 -0.17106 -0.109641 0.0983616
802 -0.143086 -0.12347 0.02344
803 -0.143139 -0.123545 -0.00153929
804 -0.152811 -0.14371 0.0365402
805 -0.181598 -0.204025 0.0731325
806 -0.186043 -0.213411 0.098581
807 -0.26061 -0.232933 -0.0763625
808 -0.285689 -0.275991 0.0991043
809 -0.235887 -0.141233 0.068766
810 -0.208407 -0.258586 -0.101262
811 -0.312631 -0.263127 -0.0468432
812 -0.266024 -0.208296 0.00239517
813 -0.207323 -0.256741 -0.0495685
814 -0.23554 -0.244757 0.0551844
815 -0.226375 -0.224963 0.0265988
816 -0.199111 -0.175582 -0.053095
817 -0.291099 -0.212187 -0.0757505
818 -0.209272 -0.19815 0.098596
819 -0.280947 -0.278768 -0.0552197
820 -0.288789 -0.243103 -0.0597633
821 -0.256601 -0.117923 0.098424
822 -0.275877 -0.175117 -0.100915
823 -0.143322 -0.123526 -0.0514622
824 -0.243171 -0.219855 -0.101116
825 -0.219788 -0.231216 -0.101219
826 -0.171741 -0.10982 -0.101291
827 -0.274679 -0.215707 -0.0484405
828 -0.224218 -0.186603 -0.00926745
829 -0.229619 -0.303601 0.0738231
830 -0.257654 -0.28983 0.0989416
831 -0.240775 -0.268645 0.0988195
832 -0.30913 -0.264825 -0.0139506
833 -0.207714 -0.258517 0.0986938
834 -0.275906 -0.242016 -0.101047
835 -0.300261 -0.269222 -0.0763217
836 -0.32562 -0.256238 0.0796961
837 -0.169124 -0.17682 -0.0783564
838 -0.227473 -0.082035 0.0982183
839 -0.228015 -0.0821496 -0.100781
840 -0.188225 -0.140945 0.0984669
841 -0.249505 -0.148246 -0.100943
842 -0.143004 -0.123439 0.0484073
843 -0.154278 -0.146899 0.0692253
844 -0.157248 -0.116437 0.0763563
845 -0.16454 -0.168323 0.0984986
846 -0.190952 -0.170687 0.0985232
847 -0.142885 -0.123284 0.0983692
848 -0.15371 -0.145812 0.0984315
849 -0.272394 -0.20798 -0.101015
850 -0.179236 -0.198371 -0.0351533
851 -0.216982 -0.277508 0.0699785
852 -0.229852 -0.303653 0.0238103
853 -0.230016 -0.303665 -0.0262182
854 -0.267384 -0.126439 -0.100688
855 -0.286398 -0.276066 -0.101058
856 -0.216169 -0.160111 -0.101142
857 -0.142933 -0.12335 0.0733806
858 -0.218597 -0.281042 0.09875
859 -0.175254 -0.190879 0.0985322
860 -0.229516 -0.303543 0.0988179
861 -0.201497 -0.192256 0.00179931
862 -0.200924 -0.204477 0.00769786
863 -0.204527 -0.224519 0.0039787
864 -0.210719 -0.235285 0.00456515
865 -0.19198 -0.189685 -0.0160165
866 -0.195672 -0.178222 0.0105066
867 -0.212266 -0.109953 0.0342392
868 -0.205126 -0.115157 0.0440599
869 -0.196148 -0.0976186 0.0508539
870 -0.262005 -0.270784 0.0857149
871 -0.236366 -0.133426 0.0244166
872 -0.245042 -0.128912 0.0136562
873 -0.238187 -0.122286 -0.00350097
874 -0.240129 -0.110132 0.00380944
875 -0.228697 -0.136461 -0.00860411
876 -0.197615 -0.23602 -0.101316
877 -0.207456 -0.231182 -0.0864701
878 -0.306235 -0.239226 -0.0696648
879 -0.163445 -0.141135 0.054799
880 -0.148638 -0.135171 0.0588092
881 -0.150093 -0.119949 0.0623123
882 -0.178876 -0.1386 0.0519078
883 -0.182909 -0.154515 0.086442
884 -0.169212 -0.154738 0.0875415
885 -0.247011 -0.0899647 -0.0794147
886 -0.256849 -0.0834623 -0.0633515
887 -0.2467 -0.0730445 -0.0463326
888 -0.241456 -0.091116 -0.0367859
889 -0.238652 -0.287779 -0.0570092
890 -0.224647 -0.292425 -0.0604148
891 -0.239849 -0.221769 -0.075375
892 -0.243542 -0.236931 -0.073533
893 -0.252448 -0.094058 -0.0100966
894 -0.224932 -0.104885 -0.0873065
895 -0.229243 -0.0934964 0.0849782
896 -0.228296 -0.0817026 0.0852078
897 -0.238714 -0.0880433 0.0783359
898 -0.252393 -0.0802729 0.0806634
899 -0.267004 -0.0907177 0.0836148
900 -0.270414 -0.0835914 0.0864837
901 -0.271149 -0.0762521 0.0830807
902 -0.263747 -0.106441 0.0832471
903 -0.263084 -0.262102 -0.00990531
904 -0.185458 -0.187204 -0.0831693
905 -0.331238 -0.0466276 0.054821
906 -0.338984 -0.0477732 0.0503389
907 -0.397197 -0.19331 0.077024
908 -0.393083 -0.176517 0.0799041
909 -0.435315 -0.188382 0.0900146
910 -0.43286 -0.17115 0.0876108
911 -0.437143 -0.170125 0.10026
912 -0.435723 -0.200892 0.0856614
913 -0.327323 -0.119565 -0.0478983
914 -0.330327 -0.100523 -0.0557882
915 -0.341603 -0.105864 -0.0701332
916 -0.329424 -0.107077 -0.0855756
917 -0.339557 -0.122245 -0.0820202
918 -0.358912 -0.111936 -0.0845381
919 -0.361999 -0.111852 -0.100233
920 -0.377675 -0.114441 -0.0452325
921 -0.388631 -0.111125 -0.0503569
922 -0.410127 -0.19047 0.0366268
923 -0.403304 -0.181183 0.034591
924 -0.360434 -0.225656 0.0790249
925 -0.409034 -0.164305 -0.078837
926 -0.398995 -0.161777 -0.0734808
927 -0.355366 -0.203946 0.0800663
928 -0.374027 -0.0274291 -0.0145434
929 -0.377939 -0.0223568 -0.0132496
930 -0.434173 -0.181165 -0.041836
931 -0.446339 -0.1812 -0.0582356
932 -0.457873 -0.172156 -0.0688164
933 -0.464322 -0.157941 -0.0648937
934 -0.311242 -0.0556658 0.0420225
935 -0.297466 -0.0608444 0.050505
936 -0.302109 -0.0737914 0.0439713
937 -0.362278 -0.0282037 -0.00839813
938 -0.362654 -0.0283356 0.00972794
939 -0.3658 -0.0440739 -0.00422183
940 -0.3799 -0.0189356 0.0175911
941 -0.392999 -0.0127523 0.00819556
942 -0.396071 -0.0303108 0.0157653
943 -0.403902 -0.0282784 0.000551401
944 -0.39659 -0.044258 -0.00238013
945 -0.314822 -0.0534716 0.0791199
946 -0.309242 -0.0414411 0.0760117
947 -0.32086 -0.0464339 0.0706287
948 -0.331468 -0.0603556 0.0774889
949 -0.450237 0.0267227 -0.0864493
950 -0.457282 0.0182406 -0.0860126
951 -0.449362 0.0125651 -0.0808697
952 -0.445083 0.0100622 -0.0797742
953 -0.452701 0.00222989 -0.0852618
954 -0.456509 0.0222708 -0.0965028
955 -0.4643 0.0226029 -0.084023
956 -0.516404 -0.0682126 0.0556443
957 -0.534577 -0.0688916 0.0482125
958 -0.516485 -0.0596059 0.0431044
959 -0.525453 -0.0410325 0.0416429
960 -0.539199 -0.0857725 0.0386958
961 -0.50154 -0.0727906 0.0626428
962 -0.469476 -0.0344718 0.0796999
963 -0.476951 -0.013673 0.0825792
964 -0.484012 -0.0418885 0.0822507
965 -0.478287 0.0226552 0.0790007
966 -0.481094 -0.0466943 0.0476227
967 -0.483937 -0.0647044 0.0840232
968 -0.482385 -0.165047 0.0876474
969 -0.488595 -0.17464 0.089897
970 -0.504616 -0.136137 0.0883704
971 -0.51781 -0.133462 0.101833
972 -0.50673 -0.154673 0.0870109
973 -0.499911 -0.156512 0.0886433
974 -0.550681 -0.130177 -0.0385665
975 -0.554737 -0.129131 -0.0241637
976 -0.536592 -0.129494 -0.051293
977 -0.47374 0.000896352 0.015783
978 -0.471083 -0.00868668 0.0120833
979 -0.464175 -0.020408 -2.90903e-05
980 -0.4607 -0.0183783 -0.0131092
981 -0.446557 -0.0243153 -0.00773485
982 -0.479501 -0.0170273 -0.0130388
983 -0.489976 -0.00727197 -0.00428302
984 -0.48712 -0.00173053 -0.00219352
985 -0.471298 -0.0509257 0.0499879
986 -0.498566 -0.116639 -0.0893842
987 -0.49863 -0.133022 -0.0848734
988 -0.445953 -0.0431398 0.0694816
989 -0.618773 -0.0871667 -0.00196616
990 -0.622294 -0.085172 -0.00477681
991 -0.570809 -0.0641677 0.0892566
992 -0.564718 -0.0561984 0.090413
993 -0.574314 0.0573827 0.0335794
994 -0.580051 0.0770879 0.0361567
995 -0.562073 0.0546782 0.0473828
996 -0.589062 -0.0506659 0.0799925
997 -0.624949 -0.057655 0.0727329
998 -0.633686 -0.0421677 0.0895376
999 -0.623816 -0.0531986 0.102702
1000 -0.63205 -0.0346396 0.0856965
1001 -0.620201 -0.068485 0.0726204
1002 -0.639063 -0.0588049 -0.0830121
1003 -0.646235 -0.0514991 -0.0710455
1004 -0.629341 -0.0030533 -0.0622049
1005 -0.634635 -0.0109142 -0.061203
1006 -0.630497 0.00600016 -0.0475271
1007 -0.646235 0.0212917 -0.0452575
1008 -0.633012 -0.0239616 -0.0868858
1009 -0.583768 -0.10975 0.0936012
1010 -0.574877 -0.111421 0.0876338
1011 -0.564193 -0.116073 0.102884
1012 -0.581818 -0.0576209 -0.0489709
1013 -0.318259 -0.141014 0.0338481
1014 -0.543104 1.82457e-05 0.0356139
1015 -0.625183 0.0303995 0.0864276
1016 -0.560348 -0.0521397 0.0506229
1017 -0.601025 0.0678953 -0.0795657
1018 -0.574 -0.0252701 0.0527915
1019 -0.262358 -0.247748 -0.0376044
1020 -0.499778 -0.0216683 0.0326069
1021 -0.402297 -0.0552617 -0.0800126
1022 -0.589927 0.0347086 0.0480612
1023 -0.646235 -0.0010511 0.0787283
1024 -0.558443 0.000246372 0.0417774
1025 -0.250708 -0.107656 -0.0759115
1026 -0.293733 -0.176417 -0.0634543
1027 -0.285935 -0.182089 0.00302329
1028 -0.291693 -0.213572 0.0342755
