1 -0.548695 -0.086956 -0.041205
2 -0.575628 -0.117407 -0.0404763
3 -0.56438 -0.0783346 -0.0093772
4 -0.584622 -0.082177 -0.0441372
5 -0.611853 -0.132987 0.0366525
6 -0.607861 -0.0929987 0.0137382
7 -0.625841 -0.125802 0.00421134
8 -0.617657 -0.102429 0.0456594
9 -0.62022 -0.0690556 0.0573544
10 -0.617492 -0.0447496 0.0309433
11 -0.592916 -0.0781232 0.0457841
12 -0.521554 -0.0111955 -0.0695935
13 -0.495431 -0.00598366 -0.0552872
14 -0.503343 0.00177193 -0.0966406
15 -0.499425 0.0306859 -0.0684683
16 -0.538475 -0.057681 0.098928
17 -0.518548 -0.0608637 0.060986
18 -0.549161 -0.0503292 0.0725165
19 -0.520904 -0.046884 0.0801406
20 -0.595463 0.0414971 0.0315648
21 -0.646235 0.0407607 0.00518143
22 -0.613567 0.0210376 0.0393605
23 -0.646235 0.0730172 0.0271599
24 -0.547204 0.0241151 -0.0680614
25 -0.541049 0.0156064 -0.0959795
26 -0.554137 0.0599974 -0.0931568
27 -0.534909 0.0492409 -0.0612752
28 -0.563324 0.0419187 -0.0942798
29 -0.617492 -0.0262787 -0.0435528
30 -0.59239 -0.0407426 -0.0573084
31 -0.602093 -0.0600212 -0.0448425
32 -0.615832 -0.0367777 -0.0756659
33 -0.591578 -0.104554 -0.0110504
34 -0.56678 -0.0900991 0.0272623
35 -0.586646 -0.11577 0.0322154
36 -0.571927 -0.119289 0.00180903
37 -0.614949 0.00786923 -0.013193
38 -0.646235 0.0020105 0.000880758
39 -0.646235 0.0175192 -0.0293126
40 -0.573729 -0.0456919 0.0339759
41 -0.586217 -0.0508993 0.0639221
42 -0.607802 -0.010999 0.0457554
43 -0.646235 0.1 -0.025
44 -0.646235 0.1 0
45 -0.646235 0.0734273 -0.0112679
46 -0.595148 0.0752091 -0.023899
47 -0.540644 -0.0511917 0.023602
48 -0.564101 -0.0349243 -0.00431778
49 -0.646235 0.0473314 0.0508233
50 -0.599036 0.0478471 0.0652201
51 -0.633711 -0.0763208 0.105365
52 -0.646101 -0.112355 0.0782226
53 -0.646917 -0.111482 0.106355
54 -0.64034 -0.0832733 0.0704761
55 -0.576659 -0.00493773 0.0217713
56 -0.617926 -0.00170892 0.0153375
57 -0.511388 -0.0205168 0.0371198
58 -0.515074 -0.0318797 -0.00352167
59 -0.544515 -0.00868591 0.0105427
60 -0.646235 -0.0492512 -0.0296903
61 -0.623555 -0.053988 -0.0132335
62 -0.630664 -0.069908 -0.0636592
63 -0.618067 -0.0939937 -0.0291607
64 -0.639486 -0.0832946 0.0167875
65 -0.644487 -0.0881965 -0.0187832
66 -0.593066 -0.0713374 -0.0759234
67 -0.646235 -0.032644 -0.00155263
68 -0.646235 -0.0459375 0.024835
69 -0.646235 -0.0165666 0.0283487
70 -0.593671 -0.0602275 -0.0196763
71 -0.589314 -0.0620941 0.0080932
72 -0.531131 0.0207792 -0.0398213
73 -0.512838 0.00769406 0.00614316
74 -0.546973 0.0235308 0.037264
75 -0.555983 0.0212589 -0.00546473
76 -0.52905 0.0458951 -0.0259194
77 -0.56872 0.0207194 -0.0354686
78 -0.586827 -0.0250694 0.0996675
79 -0.584824 0.0111131 0.0962416
80 -0.576496 -0.0208633 0.0708105
81 -0.611708 0.01033 0.073921
82 -0.536346 -0.0126305 -0.0317291
83 -0.558692 -0.121099 0.0656325
84 -0.556965 -0.0782095 0.0672419
85 -0.591105 -0.105627 0.0629611
86 -0.592467 -0.0297153 -0.0169478
87 -0.592468 -0.00643984 -0.0299444
88 -0.565604 -0.0131366 -0.0214304
89 -0.567265 -0.047683 -0.0429991
90 -0.649876 -0.112033 -0.0783315
91 -0.646235 -0.0667146 -0.0503956
92 -0.646235 -0.1 -0.05
93 -0.652621 -0.111161 -0.0415425
94 -0.556721 -0.0388632 0.0987196
95 -0.575912 -0.0586972 0.100976
96 -0.521241 0.0438056 -0.094147
97 -0.57469 -0.0263836 -0.0997345
98 -0.576427 0.00877194 -0.0968448
99 -0.608748 -0.00692545 -0.0734431
100 -0.585408 -0.0105123 -0.0566448
101 -0.605596 -0.0252237 0.00696909
102 -0.54794 -0.129267 0.02099
103 -0.599428 0.0472233 -0.0945559
104 -0.646235 0.0668459 -0.0654286
105 -0.597737 0.027984 -0.0645172
106 -0.579467 0.0492232 -0.0553088
107 -0.58402 -0.149589 0.037972
108 -0.579887 0.0153445 0.0637382
109 -0.578166 -0.100715 0.103315
110 -0.589978 -0.071836 0.0813444
111 -0.614087 -0.0965308 0.0807633
112 -0.610764 -0.131633 0.0865527
113 -0.55389 0.0605488 0.0916782
114 -0.562915 0.0351533 0.093247
115 -0.547616 0.0297051 0.0673981
116 -0.519941 0.0450752 0.091211
117 -0.646235 -0.0156538 -0.0295892
118 -0.646235 -0.000828139 -0.0523479
119 -0.646235 -0.0319327 -0.0645593
120 -0.555789 -0.0978478 0.102036
121 -0.498004 0.00202854 0.093193
122 -0.488684 0.0269225 0.0919526
123 -0.518086 0.0087509 0.0680634
124 -0.558906 -0.00797872 -0.0636327
125 -0.646235 -0.00138515 -0.0714992
126 -0.600798 -0.0651436 0.103193
127 -0.558633 -0.00436024 0.0959535
128 -0.541776 -0.0152817 0.0595594
129 -0.588571 0.0102998 8.9914e-06
130 -0.597059 0.0519695 0.000778048
131 -0.562203 0.0365732 0.0162716
132 -0.62191 -0.0130685 -0.0187568
133 -0.616427 -0.0369159 0.076305
134 -0.591942 -0.0514806 -0.101307
135 -0.57127 -0.0402762 -0.0765975
136 -0.601446 -0.0986127 -0.0558353
137 -0.612509 -0.13288 -0.0252207
138 -0.612667 0.0115366 -0.0412299
139 -0.646235 0.0232858 0.0686351
140 -0.646235 -0.00210221 0.0574566
141 -0.551967 -0.123861 0.102146
142 -0.534025 -0.0555484 -0.0265318
143 -0.53444 -0.0918754 0.100546
144 -0.527335 0.0446859 0.00879057
145 -0.557353 0.0589404 -0.0127042
146 -0.654125 -0.111305 -0.00419984
147 -0.646235 -0.0685292 0.00314744
148 -0.646235 0.0776621 -0.0377538
149 -0.598195 0.0399003 -0.0261678
150 -0.5413 -0.0208875 -0.0985486
151 -0.537306 -0.045449 -0.0647751
152 -0.533426 0.0116408 0.0937624
153 -0.527135 -0.0250997 0.0960686
154 -0.61189 0.0158641 -0.098463
155 -0.622517 -0.126208 0.0677672
156 -0.646235 0.0502716 -0.0347161
157 -0.623475 -0.046738 -0.103026
158 -0.646235 0 -0.1
159 -0.646235 -0.0371008 0.0597063
160 -0.646235 -0.0711414 0.038456
161 -0.612902 -0.101244 0.104795
162 -0.610348 -0.0818965 -0.104531
163 -0.641907 -0.0833364 -0.105514
164 -0.625127 -0.0971988 -0.0780315
165 -0.532461 0.0493482 0.0598409
166 -0.566165 0.0659528 -0.0697146
167 -0.646235 0.0261169 -0.0656522
168 -0.596197 -0.140609 0.0718931
169 -0.567571 -0.157784 0.0723355
170 -0.57129 0.0664435 0.0551774
171 -0.544556 0.0535267 0.0338441
172 -0.503696 -0.0255638 0.0638029
173 -0.48909 0.023562 -0.0121276
174 -0.504541 0.0326709 -0.0419619
175 -0.646235 0.075 0.1
176 -0.602222 0.0410243 0.0952578
177 -0.646235 0.0744889 0.0709772
178 -0.507233 -0.0343553 -0.0464413
179 -0.509123 -0.0490729 -0.0776383
180 -0.57886 0.0690016 0.014176
181 -0.489643 0.024558 0.0245235
182 -0.516087 0.0399282 0.0364263
183 -0.510174 0.00942839 0.046075
184 -0.548307 -0.11996 -0.0653013
185 -0.570188 -0.115374 -0.103964
186 -0.592209 -0.110752 -0.0772677
187 -0.568313 -0.0868185 -0.0723819
188 -0.646235 0.1 -0.05
189 -0.646235 0.1 0.05
190 -0.634889 -0.120862 -0.0249689
191 -0.625537 -0.12548 -0.0582982
192 -0.536257 -0.0780618 -0.0698523
193 -0.643251 -0.115605 0.0361698
194 -0.646235 -0.1 0.025
195 -0.646235 0.05 -0.1
196 -0.646235 -0.05 0.1
197 -0.620586 -0.0340566 0.102154
198 -0.646235 -0.1 -0.1
199 -0.646235 -0.0710655 -0.0775316
200 -0.646235 -0.08027 -0.0262146
201 -0.594395 0.0760213 -0.06172
202 -0.562675 0.0628513 -0.0414001
203 -0.575216 -0.151299 0.10476
204 -0.599339 -0.137202 0.10521
205 -0.495825 -0.00693894 -0.0256143
206 -0.55678 -0.0738628 0.101347
207 -0.496022 0.0282211 0.0590753
208 -0.646235 0.0169698 0.0345753
209 -0.474634 0.016012 -0.0452682
210 -0.561027 -0.0552608 -0.101151
211 -0.588553 0.0751075 0.0923033
212 -0.588751 0.0770351 -0.0928832
213 -0.543235 -0.124846 -0.0176243
214 -0.537935 -0.0923334 -0.0010768
215 -0.600225 -0.139827 -0.0523273
216 -0.603288 -0.0166443 -0.100329
217 -0.646235 -0.0718804 0.0698327
218 -0.598971 -0.140938 0.00541451
219 -0.646235 -0.05 -0.1
220 -0.646235 0 0.1
221 -0.646235 0.05 0.1
222 -0.613118 0.00665377 0.0980924
223 -0.527221 -0.0664502 -0.100574
224 -0.489677 0.0265852 -0.0946824
225 -0.624892 -0.123731 -0.106305
226 -0.600992 -0.137295 -0.105916
227 -0.597599 -0.107649 -0.105123
228 -0.600604 -0.138423 -0.082406
229 -0.646235 -0.1 -0.025
230 -0.646235 0.1 -0.1
231 -0.586256 -0.148519 -0.0287084
232 -0.574539 -0.154758 -0.0693414
233 -0.577257 -0.151411 -0.10534
234 -0.487747 -0.00521119 0.0664889
235 -0.646235 0.1 0.1
236 -0.527177 -0.0861822 0.029
237 -0.646235 -0.1 0.05
238 -0.569465 -0.159445 0.00267607
239 -0.553777 -0.0852563 -0.102703
240 -0.580902 -0.082354 -0.103397
241 -0.646235 -0.1 0.1
242 -0.503813 -0.0388724 -0.0987183
243 -0.649364 -0.111189 -0.106709
244 -0.531147 -0.106924 0.0493691
245 -0.623465 -0.124601 0.10606
246 -0.646235 -0.1 0
247 -0.646235 -0.075 -0.1
248 -0.520301 -0.0889189 0.0771742
249 -0.515125 -0.0618293 0.0973779
250 -0.453842 -0.0607361 0.0370993
251 -0.494725 -0.0600865 0.0268812
252 -0.463657 -0.0654977 0.00439948
253 -0.467809 -0.0965965 0.0371019
254 -0.471245 -0.0240806 -0.00588586
255 -0.458449 0.0047607 0.0110828
256 -0.529514 -0.185016 -0.00348042
257 -0.513582 -0.147999 0.000425198
258 -0.547531 -0.172791 0.0111482
259 -0.533867 -0.181604 0.0247462
260 -0.518134 -0.130232 0.100856
261 -0.485079 -0.146569 0.0998571
262 -0.504472 -0.129106 0.0656305
263 -0.490122 -0.11821 0.0992569
264 -0.411726 -0.0614827 -0.0315619
265 -0.428422 -0.0581704 -8.13826e-06
266 -0.433695 -0.0803852 -0.0344888
267 -0.418024 -0.0911908 -0.00566413
268 -0.484555 -0.167836 0.0645957
269 -0.488847 -0.1297 0.0375495
270 -0.465195 -0.135568 0.0686731
271 -0.558636 -0.165386 -0.0382855
272 -0.547319 -0.172671 -0.0141573
273 -0.476252 -0.01989 0.0344517
274 -0.463759 -0.0330719 0.0667346
275 -0.506633 -0.20131 -0.0191004
276 -0.481354 -0.220015 -0.0278343
277 -0.461845 -0.188864 -0.0191302
278 -0.490293 -0.213569 0.00956201
279 -0.438207 -0.044321 -0.0498205
280 -0.439806 -0.0407085 -0.0185026
281 -0.553703 -0.167946 0.0405818
282 -0.468895 -0.163467 0.0342048
283 -0.503081 -0.162643 0.0296013
284 -0.527767 -0.183336 0.102683
285 -0.503932 -0.200334 0.101583
286 -0.520293 -0.189582 0.0809229
287 -0.50984 -0.167628 0.101468
288 -0.460645 -0.111131 -0.00723563
289 -0.438587 -0.0910484 0.014216
290 -0.487464 -0.0535859 0.0597751
291 -0.526813 -0.152755 -0.0381078
292 -0.482688 -0.0930702 -0.0433804
293 -0.50341 -0.107426 -0.0113435
294 -0.48453 -0.0837983 -0.0125836
295 -0.403865 -0.0311464 0.0147418
296 -0.428254 -0.0143481 -0.00231905
297 -0.445769 -0.0347234 0.0151147
298 -0.513399 -0.164306 0.0733224
299 -0.541583 -0.174873 0.075932
300 -0.423762 -0.0652796 0.0690916
301 -0.479294 -0.076142 0.0674289
302 -0.514201 -0.117063 0.0209518
303 -0.52772 -0.149119 0.0424198
304 -0.491185 -0.0953443 0.0147149
305 -0.481248 -0.11994 -0.069488
306 -0.512561 -0.109519 -0.071873
307 -0.516786 -0.118317 -0.0451134
308 -0.507824 -0.154753 -0.0687205
309 -0.533033 -0.149335 -0.0763396
310 -0.492747 -0.0533582 -0.0209553
311 -0.465907 -0.026087 -0.0395701
312 -0.382631 -0.0853984 -0.0300635
313 -0.373197 -0.0527683 -0.034471
314 -0.384493 -0.0755202 -0.0652789
315 -0.454767 -0.068518 -0.0244696
316 -0.452058 -0.0763424 -0.066639
317 -0.394956 -0.0753562 0.0523116
318 -0.408785 -0.0268125 0.0473553
319 -0.388098 -0.0411029 0.067509
320 -0.496402 -0.166524 -0.025169
321 -0.492185 -0.181338 0.00613283
322 -0.414142 -0.0762679 -0.0613174
323 -0.474266 -0.183439 0.100054
324 -0.441773 -0.184892 0.0991123
325 -0.467891 -0.185489 0.0746089
326 -0.453203 -0.155132 0.0987576
327 -0.526243 -0.147951 -0.103089
328 -0.544317 -0.175191 -0.0734828
329 -0.529758 -0.183393 -0.103816
330 -0.500255 -0.0926856 0.0472671
331 -0.452053 0.00132746 -0.0219917
332 -0.514515 -0.0747531 0.000141351
333 -0.517306 -0.0876909 -0.032659
334 -0.52869 -0.185405 -0.0428303
335 -0.520289 -0.190704 -0.0784167
336 -0.495341 -0.182888 -0.0809669
337 -0.408324 -0.106281 -0.0341593
338 -0.483511 -0.0309126 0.00982061
339 -0.448485 -0.152195 0.00914543
340 -0.43067 -0.170393 0.0319657
341 -0.459149 -0.191037 0.0136395
342 -0.524127 -0.187802 0.0514973
343 -0.501051 -0.203266 0.0739182
344 -0.492529 -0.0384222 0.0963611
345 -0.49061 -0.0690261 0.0973042
346 -0.430837 -0.0425216 0.0951413
347 -0.424348 -0.0737438 0.0959983
348 -0.403931 -0.0567783 0.0949074
349 -0.408739 -0.112491 0.0282613
350 -0.421443 -0.125775 0.0694584
351 -0.400555 -0.103126 0.0669526
352 -0.428259 -0.0931537 0.0460189
353 -0.476393 -0.0924851 -0.100559
354 -0.499264 -0.123822 -0.101675
355 -0.464066 -0.131374 -0.101541
356 -0.474407 -0.153766 -0.0743132
357 -0.443686 -0.167185 -0.102061
358 -0.450015 -0.14842 -0.0742547
359 -0.460557 -0.182163 -0.0788595
360 -0.478845 -0.049534 -0.0572597
361 -0.480067 -0.180171 -0.0507858
362 -0.47059 -0.227744 -0.0655757
363 -0.499361 -0.206384 -0.0640357
364 -0.444936 -0.104813 -0.10052
365 -0.424367 -0.105328 -0.0680961
366 -0.454379 -0.112195 -0.0707125
367 -0.433953 -0.131094 -0.101162
368 -0.46268 0.00846967 0.0434422
369 -0.438489 -0.00637351 0.0640956
370 -0.435921 -0.0318544 0.0474688
371 -0.460671 -0.0614587 0.0962522
372 -0.397524 -0.0352236 -0.0482858
373 -0.400714 -0.0335369 -0.0174073
374 -0.534697 -0.139155 0.0755723
375 -0.487288 -0.135876 -0.0336791
376 -0.462429 -0.146061 -0.0420613
377 -0.487664 -0.0312334 -0.0757327
378 -0.466549 -0.0179038 -0.065192
379 -0.532903 -0.10983 -0.102312
380 -0.412918 -0.0232705 0.0732521
381 -0.413712 -0.0647178 0.0295765
382 -0.551457 -0.166645 0.103875
383 -0.446829 -0.169765 -0.050823
384 -0.423283 -0.0173591 -0.0342949
385 -0.415684 -0.0221585 -0.0670444
386 -0.46264 -0.0224817 0.0936427
387 -0.505906 -0.200241 -0.104007
388 -0.490489 -0.163773 -0.10267
389 -0.507929 -0.069235 -0.062147
390 -0.498852 -0.0683591 -0.100476
391 -0.463848 -0.123546 0.0982979
392 -0.445983 -0.0987362 0.072469
393 -0.484255 -0.109891 0.0735269
394 -0.483339 -0.0762211 -0.0759165
395 -0.386797 -0.0690703 -0.00122378
396 -0.443726 -0.00385065 -0.0558604
397 -0.454719 -0.0414271 -0.0741548
398 -0.552092 -0.138539 -0.10363
399 -0.412163 -0.104074 0.096442
400 -0.439639 -0.156475 -0.0177618
401 -0.480603 -0.218457 0.101017
402 -0.474124 -0.156049 -0.00340657
403 -0.482195 -0.13154 0.0105358
404 -0.400209 -0.0317046 0.0940159
405 -0.408032 -0.103148 -0.100148
406 -0.404831 -0.0620766 -0.0987437
407 -0.466109 0.0118621 -0.0750263
408 -0.506902 -0.0923625 -0.101079
409 -0.427081 -0.138483 -0.0536052
410 -0.427216 -0.126613 -0.00514543
411 -0.449819 -0.109584 -0.0364037
412 -0.496851 -0.207741 0.0430064
413 -0.44369 -0.129273 0.0332744
414 -0.441032 -0.166597 0.0642105
415 -0.456643 -0.20196 0.0450109
416 -0.374232 -0.0526379 -0.00223561
417 -0.378652 -0.0899912 0.0302816
418 -0.431898 -0.129101 0.097821
419 -0.504471 -0.0942251 0.0993015
420 -0.37189 -0.0523499 0.0943668
421 -0.443731 -0.0644502 -0.0990817
422 -0.473482 -0.190868 -0.102876
423 -0.478072 -0.221017 0.0691195
424 -0.445096 -0.0968989 0.0970553
425 -0.475903 -0.0940893 0.0977495
426 -0.379968 -0.0790232 -0.0991227
427 -0.385174 -0.111188 -0.0656102
428 -0.471606 -0.0291725 -0.0976557
429 -0.420235 -0.0500999 -0.0731634
430 -0.433137 -0.0111401 0.0300798
431 -0.482717 -0.217873 -0.103217
432 -0.373727 -0.0517216 -0.0980824
433 -0.47899 -0.0582113 -0.0995976
434 -0.554054 -0.167666 -0.105065
435 -0.378668 -0.0484708 0.0338096
436 -0.401514 -0.0307793 -0.0964154
437 -0.392613 -0.0383541 -0.074674
438 -0.415646 -0.15216 0.0153633
439 -0.458971 0.00857524 -0.0952865
440 -0.428495 -0.011294 0.0925074
441 -0.467998 0.0130374 0.0696183
442 -0.424303 -0.0399054 -0.097536
443 -0.444799 -0.0275171 -0.0968883
444 -0.381766 -0.077036 0.0753887
445 -0.391749 -0.0827556 0.0956691
446 -0.371526 -0.0545709 -0.0643273
447 -0.458403 0.0081406 0.0918169
448 -0.473447 -0.225585 0.0370621
449 -0.513282 -0.196147 0.0182007
450 -0.429906 -0.0112065 -0.096302
451 -0.354505 -0.0660141 0.0612618
452 -0.398845 -0.135129 0.0971945
453 -0.33349 -0.168674 0.00649268
454 -0.324258 -0.198052 0.0391483
455 -0.304245 -0.166945 0.0290541
456 -0.329291 -0.149587 0.0387076
457 -0.373384 -0.22635 0.0979286
458 -0.356339 -0.208344 0.0699465
459 -0.37643 -0.247439 0.0595153
460 -0.392665 -0.210006 0.0672501
461 -0.343515 -0.0744966 -0.0512134
462 -0.345492 -0.0725009 -0.0801949
463 -0.350586 -0.0962075 -0.0772889
464 -0.363425 -0.260914 -0.00543597
465 -0.402915 -0.279454 -0.0032979
466 -0.376306 -0.264917 -0.0358591
467 -0.379849 -0.297193 -0.025773
468 -0.321822 -0.192589 -0.0677789
469 -0.335086 -0.1808 -0.0333165
470 -0.357471 -0.18248 -0.0652666
471 -0.340591 -0.210713 -0.0376544
472 -0.349488 -0.233229 0.0199779
473 -0.33541 -0.229217 0.0574335
474 -0.358931 -0.267965 0.0392058
475 -0.410032 -0.241293 0.0743985
476 -0.405498 -0.242904 -0.102345
477 -0.419606 -0.26677 -0.0701585
478 -0.410519 -0.273544 -0.102377
479 -0.409222 -0.240998 -0.0763031
480 -0.342341 -0.226637 -0.0747524
481 -0.366828 -0.230989 -0.0428092
482 -0.382377 -0.221519 -0.0747932
483 -0.321974 -0.0902265 0.0482284
484 -0.327538 -0.119016 0.058772
485 -0.327971 -0.0850298 0.0743894
486 -0.342366 -0.109111 0.0425169
487 -0.318499 -0.0918305 0.0954908
488 -0.326602 -0.125602 0.0960658
489 -0.297699 -0.108206 0.0733049
490 -0.344169 -0.0744021 -0.0191009
491 -0.343384 -0.0746926 0.0190642
492 -0.359955 -0.102295 -0.00954109
493 -0.359697 -0.184721 0.0255763
494 -0.372928 -0.174958 0.0698405
495 -0.342368 -0.164787 0.0606316
496 -0.335588 -0.210454 -0.102122
497 -0.316449 -0.17285 -0.101855
498 -0.305683 -0.204454 -0.102264
499 -0.369942 -0.208608 0.0437534
500 -0.400003 -0.153136 -0.0225609
501 -0.397836 -0.127175 9.7649e-05
502 -0.402516 -0.194769 0.0289694
503 -0.435606 -0.216201 0.0173153
504 -0.408035 -0.23442 0.0331135
505 -0.430832 -0.198984 0.0362135
506 -0.379506 -0.189902 -0.0378051
507 -0.404667 -0.216443 -0.0437498
508 -0.417632 -0.174603 -0.0509382
509 -0.39627 -0.194977 -0.0732336
510 -0.442925 -0.215738 -0.0117906
511 -0.440314 -0.218325 -0.0378392
512 -0.427688 -0.213253 0.0594621
513 -0.408581 -0.173316 0.0690924
514 -0.388829 -0.157069 0.015146
515 -0.385898 -0.167394 0.0435839
516 -0.381857 -0.171298 -0.101508
517 -0.400012 -0.206581 -0.102086
518 -0.412108 -0.177095 -0.101898
519 -0.399528 -0.250685 -0.0383958
520 -0.426747 -0.261325 -0.0340408
521 -0.400727 -0.249101 -0.00425729
522 -0.421069 -0.234991 -0.0337779
523 -0.423315 -0.193891 -0.0272332
524 -0.443942 -0.199965 -0.0576527
525 -0.329865 -0.202677 -0.00335319
526 -0.299634 -0.193909 0.00631928
527 -0.429555 -0.223814 -0.102441
528 -0.43492 -0.254573 -0.102651
529 -0.424518 -0.184122 0.00331599
530 -0.36239 -0.104414 0.0603003
531 -0.369512 -0.304877 0.0138807
532 -0.384102 -0.259214 0.0210836
533 -0.401471 -0.136137 -0.0802242
534 -0.458864 -0.235579 0.0618687
535 -0.446735 -0.214893 0.0781855
536 -0.401909 -0.28037 -0.0441617
537 -0.464796 -0.232224 0.00495018
538 -0.389734 -0.195158 -0.00633904
539 -0.376999 -0.228093 0.0172036
540 -0.386389 -0.255265 -0.0668771
541 -0.359795 -0.175547 -0.0166226
542 -0.380796 -0.119139 -0.026948
543 -0.333517 -0.119269 -0.0230451
544 -0.362826 -0.141229 -0.0410681
545 -0.353055 -0.104082 -0.046287
546 -0.304728 -0.13442 0.0305418
547 -0.301233 -0.141904 0.0657647
548 -0.269216 -0.169116 0.0526799
549 -0.26013 -0.13756 0.028907
550 -0.444587 -0.247217 -0.0658439
551 -0.459099 -0.235932 -0.1029
552 -0.28769 -0.116655 0.0036705
553 -0.283071 -0.156485 0.00686443
554 -0.380714 -0.232306 -0.0143577
555 -0.42551 -0.213828 -0.0723283
556 -0.451019 -0.204836 -0.102159
557 -0.30235 -0.208315 -0.0290758
558 -0.409674 -0.147737 -0.101121
559 -0.424956 -0.169109 -0.0782178
560 -0.384439 -0.107265 0.000715222
561 -0.293996 -0.112149 -0.0644356
562 -0.30029 -0.139986 -0.0261842
563 -0.276025 -0.125803 -0.036154
564 -0.312653 -0.0979755 -0.0379745
565 -0.312478 -0.0978205 0.021837
566 -0.274083 -0.162173 -0.0526461
567 -0.283048 -0.158878 -0.101966
568 -0.298565 -0.138452 -0.076046
569 -0.26979 -0.130537 -0.0772671
570 -0.3544 -0.141171 0.0358551
571 -0.335261 -0.15217 -0.030182
572 -0.410904 -0.27257 0.0577411
573 -0.391382 -0.155286 -0.0698876
574 -0.362544 -0.182538 0.0974338
575 -0.330975 -0.165214 0.0967655
576 -0.335191 -0.20569 0.0972753
577 -0.325369 -0.201841 0.0755423
578 -0.399535 -0.133126 -0.0516335
579 -0.360458 -0.132604 -0.0750082
580 -0.366993 -0.200016 -0.102003
581 -0.320405 -0.136053 0.0038973
582 -0.298319 -0.108848 -0.0185966
583 -0.299042 -0.175335 0.0660821
584 -0.295242 -0.151024 0.0962938
585 -0.309109 -0.130851 -0.101263
586 -0.318167 -0.0935139 -0.0719862
587 -0.294432 -0.111592 -0.10107
588 -0.383187 -0.111915 0.0963749
589 -0.310883 -0.170645 -0.0131199
590 -0.336027 -0.244294 0.097467
591 -0.340738 -0.254965 0.073315
592 -0.363266 -0.140166 0.0966925
593 -0.396355 -0.28465 -0.0755522
594 -0.387362 -0.262792 -0.102392
595 -0.365358 -0.283398 -0.0809388
596 -0.412367 -0.219134 -0.00561775
597 -0.370878 -0.234758 -0.102177
598 -0.363811 -0.27137 -0.102421
599 -0.360396 -0.256142 -0.0757892
600 -0.362525 -0.138633 -0.00173842
601 -0.380781 -0.14049 0.0675217
602 -0.386755 -0.162895 0.0972594
603 -0.327815 -0.12568 -0.0611191
604 -0.356158 -0.0971162 0.0956813
605 -0.350201 -0.174859 -0.101716
606 -0.36279 -0.154691 -0.101351
607 -0.320254 -0.0915218 -0.100247
608 -0.337144 -0.107661 -0.10036
609 -0.350055 -0.13511 0.0683004
610 -0.392583 -0.286962 0.0368869
611 -0.402625 -0.245423 0.098523
612 -0.386233 -0.261268 0.0984508
613 -0.310588 -0.152164 -0.0482088
614 -0.426843 -0.194809 -0.102092
615 -0.297923 -0.18221 -0.0441942
616 -0.407911 -0.143193 0.0486149
617 -0.332394 -0.156368 -0.07218
618 -0.27802 -0.180812 -0.0187262
619 -0.316737 -0.0948313 -0.00500339
620 -0.344732 -0.115184 0.015496
621 -0.358443 -0.212612 -0.0109763
622 -0.449298 -0.243386 0.0357247
623 -0.43524 -0.253643 0.0703097
624 -0.377416 -0.125365 0.0357791
625 -0.362456 -0.268979 0.0979595
626 -0.384188 -0.292523 0.0983417
627 -0.389402 -0.288841 0.0712622
628 -0.33767 -0.24946 -0.102361
629 -0.383374 -0.294664 -0.055109
630 -0.390691 -0.190339 0.0979519
631 -0.340903 -0.259003 -0.0452616
632 -0.454537 -0.239979 -0.0294853
633 -0.434462 -0.255183 0.00514103
634 -0.365549 -0.105501 -0.10021
635 -0.37877 -0.136178 -0.10092
636 -0.344662 -0.139806 -0.101106
637 -0.346297 -0.0714879 -0.0993719
638 -0.413562 -0.27093 0.0266398
639 -0.417278 -0.165974 0.0981691
640 -0.414705 -0.211571 0.0987605
641 -0.297061 -0.174081 -0.0773203
642 -0.408618 -0.273714 0.0987532
643 -0.291051 -0.113878 0.0406243
644 -0.32966 -0.244362 -0.0179535
645 -0.44923 -0.213972 0.0997005
646 -0.261361 -0.136916 -0.00573063
647 -0.38607 -0.292498 -0.102404
648 -0.42847 -0.259473 0.0389813
649 -0.26726 -0.131031 0.0958043
650 -0.266853 -0.13193 0.0654592
651 -0.344823 -0.0720241 0.0949429
652 -0.292673 -0.111566 0.0955514
653 -0.265453 -0.159991 0.0961671
654 -0.303792 -0.189648 0.0967862
655 -0.36313 -0.28349 -0.0586798
656 -0.432717 -0.254917 0.0995286
657 -0.456734 -0.235982 0.100015
658 -0.26886 -0.131138 -0.101814
659 -0.369987 -0.304163 0.0524688
660 -0.339521 -0.296433 0.0410864
661 -0.286642 -0.368045 -0.102968
662 -0.271495 -0.348127 -0.0714052
663 -0.311689 -0.349345 -0.102725
664 -0.308728 -0.351462 -0.0722126
665 -0.218825 -0.276525 -0.0697629
666 -0.212504 -0.267359 -0.10351
667 -0.247598 -0.26443 -0.103116
668 -0.223618 -0.244797 -0.103354
669 -0.246249 -0.183617 -0.0452042
670 -0.254448 -0.17251 -0.0137654
671 -0.238361 -0.234885 0.00682238
672 -0.206284 -0.260218 -0.0160984
673 -0.229698 -0.240115 -0.0249009
674 -0.207301 -0.213075 -0.00263931
675 -0.249482 -0.268076 0.0190733
676 -0.21846 -0.277581 0.0405323
677 -0.21585 -0.273672 0.0106915
678 -0.23145 -0.24971 0.0404061
679 -0.319521 -0.306172 0.058175
680 -0.314402 -0.346377 0.0639486
681 -0.330094 -0.334783 0.0409283
682 -0.297544 -0.325931 0.0305559
683 -0.244021 -0.150169 -0.0600382
684 -0.242037 -0.151563 -0.0244825
685 -0.338404 -0.279572 -0.10252
686 -0.304731 -0.26065 0.0972162
687 -0.30317 -0.2385 0.0591178
688 -0.299172 -0.278318 0.0718392
689 -0.325999 -0.265283 0.0525959
690 -0.347127 -0.321521 0.0679364
691 -0.207757 -0.215056 0.0339334
692 -0.196339 -0.247032 0.015004
693 -0.25805 -0.29155 -0.0152169
694 -0.234179 -0.298753 0.0192552
695 -0.245236 -0.313389 -0.0122197
696 -0.225395 -0.286299 -0.0112081
697 -0.267135 -0.246675 0.0567139
698 -0.298558 -0.278269 0.0327777
699 -0.291221 -0.264557 -0.0314279
700 -0.253308 -0.266749 -0.040329
701 -0.289557 -0.258341 -0.0707482
702 -0.27041 -0.237028 -0.0382282
703 -0.262697 -0.230494 0.0329206
704 -0.230853 -0.222197 0.060959
705 -0.240024 -0.208488 0.0282448
706 -0.284431 -0.314065 -0.0300188
707 -0.279172 -0.276271 -0.00822128
708 -0.27766 -0.288401 -0.0513944
709 -0.333914 -0.332387 -0.0264798
710 -0.287487 -0.309986 0.00348966
711 -0.30903 -0.351028 -0.0106308
712 -0.315091 -0.294015 -0.0212809
713 -0.36149 -0.311565 -0.102412
714 -0.373343 -0.302391 -0.0774629
715 -0.309095 -0.351112 -0.0406091
716 -0.299769 -0.320353 -0.0571351
717 -0.272984 -0.350421 -0.0438094
718 -0.30516 -0.225644 0.0969284
719 -0.293813 -0.209653 0.0668914
720 -0.288415 -0.329237 0.0716836
721 -0.349231 -0.286158 0.0683368
722 -0.333305 -0.284262 0.0975802
723 -0.301499 -0.296982 0.0972173
724 -0.345874 -0.286668 -0.0252965
725 -0.226248 -0.162736 0.0695138
726 -0.244321 -0.188496 0.0962783
727 -0.307659 -0.235264 -0.0551601
728 -0.213949 -0.172747 -0.0404487
729 -0.228117 -0.195371 -0.0235323
730 -0.241971 -0.151476 0.00551347
731 -0.27731 -0.251244 0.0167666
732 -0.272861 -0.217484 0.0019877
733 -0.211376 -0.218098 -0.103338
734 -0.195625 -0.186596 -0.0734436
735 -0.242088 -0.197981 -0.0736035
736 -0.211398 -0.212014 -0.0524722
737 -0.332714 -0.270774 0.0129939
738 -0.328554 -0.302668 0.0127288
739 -0.26286 -0.235113 -0.0709292
740 -0.253405 -0.273078 -0.0755897
741 -0.268368 -0.300803 0.0968893
742 -0.242986 -0.311204 0.0606157
743 -0.255158 -0.281685 0.0611233
744 -0.240163 -0.307817 0.0966458
745 -0.186529 -0.232387 -0.0746436
746 -0.184531 -0.230088 -0.0520638
747 -0.242887 -0.217607 -0.0489202
748 -0.276626 -0.201128 -0.0604448
749 -0.262652 -0.210918 -0.0256007
750 -0.197824 -0.247176 -0.103552
751 -0.168201 -0.207088 -0.103759
752 -0.200569 -0.253265 0.0602012
753 -0.266728 -0.180426 -0.102469
754 -0.29198 -0.235842 -0.0128949
755 -0.196469 -0.185373 0.024896
756 -0.242747 -0.195396 0.00803734
757 -0.192078 -0.188918 -0.00702119
758 -0.187152 -0.192762 -0.0360603
759 -0.186488 -0.233083 -0.0268255
760 -0.306414 -0.231953 0.0209538
761 -0.299793 -0.213438 -0.0775348
762 -0.227324 -0.287464 -0.103399
763 -0.349871 -0.319783 0.0379362
764 -0.22251 -0.166388 -0.0757611
765 -0.238346 -0.260714 0.0748111
766 -0.274884 -0.244042 0.0967679
767 -0.245697 -0.22823 0.0964706
768 -0.286279 -0.368168 -0.0529578
769 -0.275252 -0.210119 0.0965527
770 -0.294179 -0.322499 -0.102792
771 -0.327584 -0.337298 -0.081536
772 -0.227338 -0.162307 0.0348167
773 -0.244318 -0.149151 0.0587518
774 -0.238122 -0.188188 0.0486922
775 -0.2854 -0.368234 0.0471103
776 -0.268485 -0.345368 0.0375157
777 -0.278307 -0.24794 -0.102733
778 -0.228298 -0.2018 0.0769848
779 -0.20072 -0.215886 0.0721007
780 -0.359576 -0.311476 0.0980194
781 -0.335453 -0.330965 0.00936904
782 -0.219035 -0.16875 -0.00230175
783 -0.265565 -0.179253 0.017658
784 -0.278231 -0.203549 0.0369889
785 -0.285912 -0.368193 -0.00292952
786 -0.267238 -0.343006 -0.0152918
787 -0.272383 -0.350233 0.011557
788 -0.218447 -0.169516 -0.103002
789 -0.237035 -0.192848 -0.102911
790 -0.306328 -0.352783 0.0245612
791 -0.199831 -0.250914 -0.0511893
792 -0.225899 -0.237951 -0.0783111
793 -0.278476 -0.273462 0.0969521
794 -0.255226 -0.327264 0.0176608
795 -0.270536 -0.30741 -0.0724069
796 -0.238544 -0.303402 -0.0737143
797 -0.233545 -0.297115 -0.0416121
798 -0.201328 -0.181437 0.0625199
799 -0.216777 -0.169535 0.0961164
800 -0.217128 -0.190512 0.0962142
801 -0.191586 -0.188305 0.0960062
802 -0.167042 -0.207207 0.021052
803 -0.167236 -0.207307 -0.00390496
804 -0.180266 -0.225289 0.0342105
805 -0.219436 -0.279219 0.0710119
806 -0.225388 -0.287593 0.0964956
807 -0.303139 -0.292911 -0.0779896
808 -0.334815 -0.33048 0.0977351
809 -0.261197 -0.207225 0.066809
810 -0.256828 -0.327893 -0.103134
811 -0.359647 -0.312824 -0.0481956
812 -0.303433 -0.267681 0.000773284
813 -0.255156 -0.326313 -0.0514634
814 -0.28007 -0.30927 0.0534279
815 -0.267542 -0.291538 0.0247726
816 -0.232117 -0.248005 -0.0551002
817 -0.329121 -0.26672 -0.0772431
818 -0.245378 -0.268261 0.0965924
819 -0.331577 -0.334155 -0.0567237
820 -0.332577 -0.297607 -0.0612467
821 -0.277112 -0.180202 0.0964562
822 -0.30748 -0.232993 -0.102469
823 -0.167683 -0.207243 -0.0537765
824 -0.283751 -0.283266 -0.102835
825 -0.262939 -0.29885 -0.103054
826 -0.193378 -0.188404 -0.103411
827 -0.31357 -0.273318 -0.0500044
828 -0.258515 -0.254175 -0.0111356
829 -0.285131 -0.368196 0.072112
830 -0.309936 -0.349384 0.0973912
831 -0.289393 -0.331746 0.0971222
832 -0.356365 -0.315164 -0.0152929
833 -0.255042 -0.327944 0.0967922
834 -0.319945 -0.298921 -0.102601
835 -0.348809 -0.321122 -0.0777553
836 -0.370331 -0.303542 0.0785428
837 -0.203028 -0.254784 -0.0805117
838 -0.24195 -0.150485 0.0959889
839 -0.243527 -0.150523 -0.102472
840 -0.214216 -0.215884 0.0962619
841 -0.27676 -0.211447 -0.102605
842 -0.166821 -0.207181 0.0459983
843 -0.182115 -0.228116 0.0668961
844 -0.179375 -0.197607 0.0739782
845 -0.196002 -0.247227 0.0962436
846 -0.22237 -0.244653 0.096384
847 -0.166421 -0.206973 0.0959342
848 -0.181205 -0.227118 0.0960854
849 -0.310158 -0.266055 -0.102596
850 -0.216684 -0.274132 -0.0372521
851 -0.267862 -0.344915 0.0681597
852 -0.285667 -0.368224 0.0220936
853 -0.2861 -0.368205 -0.0279504
854 -0.290314 -0.18655 -0.10219
855 -0.336632 -0.33044 -0.102548
856 -0.246277 -0.229497 -0.103005
857 -0.166599 -0.20706 0.070952
858 -0.269928 -0.348065 0.0969414
859 -0.210641 -0.267441 0.0963552
860 -0.284861 -0.368139 0.0971023
861 -0.237202 -0.263999 -0.000182245
862 -0.238876 -0.276113 0.00570832
863 -0.246141 -0.295168 0.00203704
864 -0.254213 -0.304608 0.00266455
865 -0.227497 -0.263232 -0.0180593
866 -0.228864 -0.251259 0.00845898
867 -0.232471 -0.18097 0.0321613
868 -0.22636 -0.18741 0.0419454
869 -0.214263 -0.171843 0.0486498
870 -0.310702 -0.32985 0.0841655
871 -0.260473 -0.199499 0.0225021
872 -0.268222 -0.193421 0.0117969
873 -0.260402 -0.188199 -0.00536233
874 -0.260037 -0.175848 0.00193368
875 -0.253703 -0.20394 -0.0105078
876 -0.242059 -0.307684 -0.103271
877 -0.250741 -0.301115 -0.0883786
878 -0.348975 -0.290493 -0.0710794
879 -0.190138 -0.220758 0.0525125
880 -0.174463 -0.217653 0.0564349
881 -0.173068 -0.202408 0.0599181
882 -0.204847 -0.21539 0.0496907
883 -0.211558 -0.230248 0.0842495
884 -0.198141 -0.233016 0.0852874
885 -0.263529 -0.154593 -0.081041
886 -0.271937 -0.146342 -0.0649362
887 -0.260017 -0.138083 -0.0480299
888 -0.258072 -0.156847 -0.0385531
889 -0.291761 -0.350966 -0.0587134
890 -0.278886 -0.358149 -0.0621828
891 -0.280718 -0.285802 -0.0771134
892 -0.287136 -0.300049 -0.0752445
893 -0.269303 -0.157674 -0.01189
894 -0.244618 -0.173497 -0.089071
895 -0.245874 -0.161445 0.0828316
896 -0.24277 -0.150026 0.0830195
897 -0.254215 -0.154268 0.0762191
898 -0.266239 -0.143984 0.078582
899 -0.282481 -0.151442 0.0816116
900 -0.284537 -0.14374 0.0844462
901 -0.283951 -0.136374 0.0810461
902 -0.282113 -0.167562 0.0813082
903 -0.310701 -0.321167 -0.0114995
904 -0.221004 -0.261944 -0.0852315
905 -0.33811 -0.0956451 0.0530478
906 -0.345954 -0.0953289 0.0486093
907 -0.428408 -0.22817 0.0763299
908 -0.421228 -0.212354 0.0791305
909 -0.464367 -0.216416 0.0897836
910 -0.458781 -0.20005 0.0872527
911 -0.462848 -0.198203 0.100144
912 -0.467196 -0.22868 0.0854034
913 -0.347581 -0.168428 -0.0492271
914 -0.347181 -0.149069 -0.0570852
915 -0.359224 -0.152135 -0.0713398
916 -0.34759 -0.155569 -0.0867793
917 -0.360142 -0.168638 -0.0832338
918 -0.377352 -0.154803 -0.0856392
919 -0.380404 -0.154028 -0.101295
920 -0.395956 -0.153995 -0.046329
921 -0.406139 -0.148739 -0.0514147
922 -0.440789 -0.223091 0.0359164
923 -0.432447 -0.215162 0.0337981
924 -0.398592 -0.266877 0.0780991
925 -0.435435 -0.197394 -0.0799332
926 -0.425179 -0.196742 -0.0746143
927 -0.389553 -0.246436 0.0790103
928 -0.378224 -0.0686788 -0.0155758
929 -0.381302 -0.0626188 -0.0143687
930 -0.4627 -0.209753 -0.0428134
931 -0.474621 -0.207758 -0.0592936
932 -0.48415 -0.19678 -0.0698982
933 -0.487726 -0.181527 -0.065869
934 -0.319992 -0.108495 0.0402857
935 -0.307296 -0.116232 0.0486861
936 -0.314193 -0.128098 0.0422313
937 -0.36635 -0.0717156 -0.00967718
938 -0.366735 -0.0718648 0.00814786
939 -0.372471 -0.0866039 -0.0055304
940 -0.382683 -0.0587637 0.0163111
941 -0.394846 -0.0503797 0.00687969
942 -0.400655 -0.0668291 0.0145388
943 -0.408164 -0.0635649 -0.000682954
944 -0.403314 -0.0807733 -0.00346753
945 -0.323004 -0.105482 0.0771765
946 -0.315463 -0.0947206 0.0739863
947 -0.327781 -0.0973734 0.0687177
948 -0.340571 -0.109097 0.0756819
949 -0.447541 -0.000238263 -0.0858045
950 -0.455674 -0.00731823 -0.0854324
951 -0.448431 -0.0142952 -0.0804467
952 -0.444436 -0.0175436 -0.0794857
953 -0.453072 -0.0238473 -0.0850128
954 -0.454373 -0.00322693 -0.0957183
955 -0.462207 -0.00176328 -0.0834008
956 -0.524423 -0.0840166 0.0551801
957 -0.542339 -0.08225 0.0479393
958 -0.52359 -0.0754559 0.0425902
959 -0.530069 -0.0556002 0.0411582
960 -0.549102 -0.0985667 0.038502
961 -0.510459 -0.0906998 0.0621482
962 -0.473776 -0.0574536 0.0785466
963 -0.478572 -0.0355987 0.0811454
964 -0.489058 -0.0624376 0.0812152
965 -0.475801 0.000460866 0.0768896
966 -0.487259 -0.0679509 0.0468084
967 -0.492013 -0.0853421 0.0832949
968 -0.505489 -0.185544 0.0877725
969 -0.513113 -0.194175 0.0901985
970 -0.522319 -0.153415 0.0885181
971 -0.534472 -0.148713 0.102328
972 -0.527276 -0.171575 0.0874296
973 -0.520987 -0.174422 0.0889721
974 -0.566918 -0.141428 -0.0393519
975 -0.570608 -0.139955 -0.0247207
976 -0.553174 -0.142488 -0.0522417
977 -0.474086 -0.0221245 0.0149411
978 -0.472621 -0.0320129 0.0112593
979 -0.467395 -0.0447375 -0.00075972
980 -0.463598 -0.0433451 -0.0137156
981 -0.450282 -0.0517196 -0.00850477
982 -0.482155 -0.0388745 -0.0136347
983 -0.491329 -0.027528 -0.00490785
984 -0.487877 -0.0225475 -0.0028425
985 -0.478143 -0.0737597 0.0490857
986 -0.514408 -0.134931 -0.0903538
987 -0.516914 -0.151306 -0.0859556
988 -0.451831 -0.0700496 0.0682322
989 -0.626447 -0.0905503 -0.00196959
990 -0.629597 -0.088161 -0.00482644
991 -0.576268 -0.0724193 0.0896774
992 -0.569472 -0.0651504 0.0906352
993 -0.570238 0.0482483 0.0327502
994 -0.575029 0.0681733 0.0351662
995 -0.557982 0.0439283 0.0462333
996 -0.592755 -0.0568585 0.0803474
997 -0.628566 -0.0599217 0.0734915
998 -0.635334 -0.0434192 0.0903736
999 -0.626583 -0.055409 0.103745
1000 -0.633363 -0.0361068 0.0863715
1001 -0.624893 -0.0711695 0.073554
1002 -0.642657 -0.059485 -0.0841199
1003 -0.646235 -0.0514991 -0.0710455
1004 -0.629512 -0.00491648 -0.0624113
1005 -0.635078 -0.0122796 -0.0616032
1006 -0.629905 0.00410183 -0.0476982
1007 -0.646235 0.0212917 -0.0452575
1008 -0.634286 -0.0253556 -0.0875048
1009 -0.594749 -0.116492 0.0946572
1010 -0.586497 -0.119223 0.088484
1011 -0.576743 -0.125026 0.103887
1012 -0.587173 -0.064912 -0.0494284
1013 -0.342023 -0.191427 0.0323863
1014 -0.54334 -0.0124147 0.0348684
1015 -0.623165 0.0277566 0.0858786
1016 -0.565297 -0.0620292 0.0504765
1017 -0.596807 0.06208 -0.0787195
1018 -0.575987 -0.0333195 0.0524598
1019 -0.30744 -0.307188 -0.039208
1020 -0.502667 -0.0401665 0.0318734
1021 -0.411002 -0.0898997 -0.080559
1022 -0.587577 0.0279108 0.0472219
1023 -0.646235 -0.0010511 0.0787283
1024 -0.558553 -0.0100062 0.0410971
1025 -0.270395 -0.171294 -0.077556
1026 -0.325014 -0.230965 -0.0649418
1027 -0.318082 -0.238051 0.00145129
1028 -0.329383 -0.268004 0.0328053
