1 -0.550885 -0.0887472 -0.0412609
2 -0.578 -0.118675 -0.0405457
3 -0.566269 -0.0797819 -0.00939281
4 -0.586456 -0.0831121 -0.0441789
5 -0.61434 -0.133497 0.0367159
6 -0.609524 -0.0935315 0.013752
7 -0.627986 -0.126107 0.00426499
8 -0.619339 -0.102755 0.0457417
9 -0.621428 -0.0692045 0.05745
10 -0.618389 -0.0449396 0.0309819
11 -0.594599 -0.0788577 0.0458598
12 -0.522955 -0.0138339 -0.0696654
13 -0.496517 -0.00948219 -0.055479
14 -0.504112 -0.00150857 -0.0966976
15 -0.499354 0.0269491 -0.0686079
16 -0.540275 -0.0595128 0.0990662
17 -0.520517 -0.0633974 0.0609761
18 -0.550798 -0.051986 0.0725263
19 -0.522531 -0.0495732 0.0801001
20 -0.595604 0.0405724 0.031516
21 -0.646235 0.0407607 0.00518143
22 -0.613835 0.0206485 0.039275
23 -0.646235 0.0730172 0.0271599
24 -0.547706 0.0219638 -0.0681594
25 -0.541719 0.0134268 -0.0960131
26 -0.553693 0.0575836 -0.0931349
27 -0.534631 0.0463539 -0.0614273
28 -0.56347 0.0400686 -0.0942443
29 -0.618238 -0.0264961 -0.0435782
30 -0.593535 -0.0414741 -0.0573621
31 -0.603404 -0.0605317 -0.0448818
32 -0.616718 -0.037018 -0.0757057
33 -0.593607 -0.105439 -0.011047
34 -0.56896 -0.091463 0.0272534
35 -0.588933 -0.116786 0.0322325
36 -0.574313 -0.120624 0.00171088
37 -0.615543 0.00759434 -0.0131808
38 -0.646235 0.0020105 0.000880758
39 -0.646235 0.0175192 -0.0293126
40 -0.575172 -0.0467564 0.0339699
41 -0.587589 -0.0516244 0.0639584
42 -0.608502 -0.0114624 0.0456784
43 -0.646235 0.1 -0.025
44 -0.646235 0.1 0
45 -0.646235 0.0734273 -0.0112679
46 -0.59433 0.0735554 -0.0239713
47 -0.542439 -0.0532081 0.0235796
48 -0.565463 -0.036308 -0.00437595
49 -0.646235 0.0473314 0.0508233
50 -0.599007 0.0467916 0.0650271
51 -0.634783 -0.0762495 0.105559
52 -0.647624 -0.112278 0.0784455
53 -0.648432 -0.111303 0.10665
54 -0.641419 -0.0832753 0.0706051
55 -0.577558 -0.00611724 0.0217797
56 -0.618379 -0.0019135 0.0153451
57 -0.512622 -0.023553 0.0370928
58 -0.516476 -0.0348793 -0.00367226
59 -0.545532 -0.010874 0.0104444
60 -0.646235 -0.0492512 -0.0296903
61 -0.624521 -0.0541336 -0.0132478
62 -0.63168 -0.0699986 -0.0637654
63 -0.619684 -0.0943465 -0.0291645
64 -0.640571 -0.0834045 0.0168488
65 -0.64565 -0.088218 -0.0188266
66 -0.59462 -0.0720456 -0.076003
67 -0.646235 -0.032644 -0.00155263
68 -0.646235 -0.0459375 0.024835
69 -0.646235 -0.0165666 0.0283487
70 -0.595078 -0.0609379 -0.0197024
71 -0.590748 -0.0628344 0.00806887
72 -0.531811 0.0182167 -0.0399621
73 -0.513618 0.00449548 0.00609856
74 -0.547473 0.021337 0.0371546
75 -0.556535 0.0192859 -0.00552539
76 -0.529083 0.0429993 -0.0259725
77 -0.569433 0.0192005 -0.0355368
78 -0.587863 -0.0257126 0.0996269
79 -0.58542 0.010216 0.0960236
80 -0.577538 -0.0218592 0.0707238
81 -0.612179 0.00995287 0.0737611
82 -0.537738 -0.014815 -0.0317907
83 -0.561421 -0.122755 0.0658211
84 -0.559077 -0.0796579 0.0673243
85 -0.593191 -0.106479 0.06308
86 -0.593522 -0.0304608 -0.01698
87 -0.59351 -0.00717315 -0.0299121
88 -0.566835 -0.0144785 -0.0214482
89 -0.56875 -0.0489484 -0.04304
90 -0.651435 -0.111998 -0.0785792
91 -0.646235 -0.0667146 -0.0503956
92 -0.646235 -0.1 -0.05
93 -0.654145 -0.111139 -0.0416846
94 -0.558152 -0.0402486 0.0987104
95 -0.57752 -0.0594445 0.101002
96 -0.520979 0.0406609 -0.0942031
97 -0.575994 -0.0274777 -0.0998218
98 -0.577352 0.00763804 -0.0967166
99 -0.609433 -0.00745294 -0.0733998
100 -0.586624 -0.0114695 -0.0566343
101 -0.606438 -0.0256296 0.00697029
102 -0.550723 -0.131327 0.021202
103 -0.599514 0.0463265 -0.0943582
104 -0.646235 0.0668459 -0.0654286
105 -0.598219 0.0272302 -0.064423
106 -0.579433 0.0476782 -0.0553387
107 -0.587379 -0.150759 0.0380767
108 -0.580526 0.0142537 0.0635746
109 -0.580456 -0.10152 0.103532
110 -0.591606 -0.0724078 0.081462
111 -0.61574 -0.0967817 0.0809213
112 -0.613385 -0.132044 0.0868859
113 -0.55333 0.0580825 0.0914564
114 -0.563083 0.0333257 0.0929709
115 -0.547969 0.0275009 0.0672199
116 -0.519652 0.0418145 0.0909368
117 -0.646235 -0.0156538 -0.0295892
118 -0.646235 -0.000828139 -0.0523479
119 -0.646235 -0.0319327 -0.0645593
120 -0.558246 -0.0991365 0.102159
121 -0.498644 -0.00172713 0.0931378
122 -0.48862 0.0226637 0.0917899
123 -0.518745 0.00573757 0.067983
124 -0.560271 -0.00959505 -0.0636436
125 -0.646235 -0.00138515 -0.0714992
126 -0.602186 -0.0654014 0.10333
127 -0.559558 -0.00591816 0.0957835
128 -0.542991 -0.0173305 0.0595091
129 -0.589265 0.00942967 -7.22132e-05
130 -0.596961 0.0507947 0.000702224
131 -0.562515 0.0346833 0.0162701
132 -0.622415 -0.0133122 -0.0187597
133 -0.617291 -0.0370574 0.0762981
134 -0.593277 -0.0521276 -0.10138
135 -0.572631 -0.041371 -0.0766573
136 -0.603307 -0.0992625 -0.0558715
137 -0.615054 -0.133377 -0.0253138
138 -0.613212 0.0111969 -0.0411724
139 -0.646235 0.0232858 0.0686351
140 -0.646235 -0.00210221 0.0574566
141 -0.555058 -0.125397 0.102354
142 -0.535837 -0.0575898 -0.0265635
143 -0.536947 -0.0938246 0.10067
144 -0.527149 0.0417251 0.00869389
145 -0.556994 0.0566132 -0.0127257
146 -0.655553 -0.111343 -0.00422345
147 -0.646235 -0.0685292 0.00314744
148 -0.646235 0.0776621 -0.0377538
149 -0.598405 0.0389652 -0.0262251
150 -0.542797 -0.0228117 -0.098592
151 -0.53898 -0.0474195 -0.0648311
152 -0.534055 0.00915686 0.0936023
153 -0.528337 -0.0275365 0.0959476
154 -0.612357 0.0154685 -0.0982946
155 -0.624727 -0.126491 0.0679803
156 -0.646235 0.0502716 -0.0347161
157 -0.624367 -0.0468113 -0.1031
158 -0.646235 0 -0.1
159 -0.646235 -0.0371008 0.0597063
160 -0.646235 -0.0711414 0.038456
161 -0.614718 -0.101454 0.10505
162 -0.611907 -0.0821891 -0.104766
163 -0.643097 -0.0831622 -0.105742
164 -0.626733 -0.0973754 -0.0781921
165 -0.532235 0.0464505 0.0596585
166 -0.565651 0.0638425 -0.0697182
167 -0.646235 0.0261169 -0.0656522
168 -0.59917 -0.141352 0.0721793
169 -0.571392 -0.159174 0.0726732
170 -0.570741 0.0643769 0.0550551
171 -0.544212 0.0509276 0.0337772
172 -0.504922 -0.0288862 0.0637353
173 -0.489466 0.0195315 -0.011877
174 -0.504813 0.0291365 -0.0418885
175 -0.646235 0.075 0.1
176 -0.602254 0.0401781 0.0949491
177 -0.646235 0.0744889 0.0709772
178 -0.509039 -0.0374928 -0.0464835
179 -0.510894 -0.0522222 -0.0777722
180 -0.578305 0.0670015 0.0140949
181 -0.489595 0.0202297 0.0245301
182 -0.515987 0.0365983 0.0362342
183 -0.510843 0.00617199 0.0460124
184 -0.550999 -0.121913 -0.0654192
185 -0.572919 -0.116524 -0.104158
186 -0.594485 -0.111504 -0.0774018
187 -0.57035 -0.0881267 -0.0724698
188 -0.646235 0.1 -0.05
189 -0.646235 0.1 0.05
190 -0.636873 -0.121084 -0.02501
191 -0.627755 -0.125773 -0.0584874
192 -0.538414 -0.0801084 -0.0699261
193 -0.64485 -0.115655 0.0362111
194 -0.646235 -0.1 0.025
195 -0.646235 0.05 -0.1
196 -0.646235 -0.05 0.1
197 -0.621429 -0.03399 0.102082
198 -0.646235 -0.1 -0.1
199 -0.646235 -0.0710655 -0.0775316
200 -0.646235 -0.08027 -0.0262146
201 -0.59358 0.0743635 -0.0617277
202 -0.56222 0.0606566 -0.0414529
203 -0.579121 -0.152392 0.105384
204 -0.602374 -0.137697 0.105681
205 -0.497019 -0.0104718 -0.0256751
206 -0.558741 -0.0750956 0.101514
207 -0.495989 0.0241945 0.0588086
208 -0.646235 0.0169698 0.0345753
209 -0.475328 0.011981 -0.0454911
210 -0.562649 -0.0565765 -0.101228
211 -0.587701 0.0732925 0.0920488
212 -0.588106 0.0754111 -0.0927132
213 -0.545842 -0.127106 -0.0177959
214 -0.540259 -0.0945109 -0.00108822
215 -0.603041 -0.140568 -0.0524823
216 -0.604146 -0.0171562 -0.100318
217 -0.646235 -0.0718804 0.0698327
218 -0.601886 -0.141702 0.00558372
219 -0.646235 -0.05 -0.1
220 -0.646235 0 0.1
221 -0.646235 0.05 0.1
222 -0.613562 0.00625274 0.0978946
223 -0.529237 -0.0688461 -0.100735
224 -0.489444 0.022088 -0.0947566
225 -0.627106 -0.123787 -0.106692
226 -0.603985 -0.137843 -0.106312
227 -0.599789 -0.108176 -0.105407
228 -0.603564 -0.13908 -0.0826433
229 -0.646235 -0.1 -0.025
230 -0.646235 0.1 -0.1
231 -0.589485 -0.149567 -0.0286607
232 -0.578131 -0.156112 -0.069599
233 -0.581121 -0.152469 -0.105741
234 -0.488571 -0.00926496 0.0664027
235 -0.646235 0.1 0.1
236 -0.529643 -0.0885014 0.0291035
237 -0.646235 -0.1 0.05
238 -0.573515 -0.160976 0.00305339
239 -0.556072 -0.0867884 -0.102851
240 -0.582846 -0.0831523 -0.103612
241 -0.646235 -0.1 0.1
242 -0.50559 -0.0421054 -0.0989105
243 -0.650976 -0.110999 -0.107065
244 -0.533987 -0.109255 0.0495247
245 -0.625712 -0.124793 0.106436
246 -0.646235 -0.1 0
247 -0.646235 -0.075 -0.1
248 -0.522857 -0.0912306 0.0773175
249 -0.516992 -0.0646073 0.0974684
250 -0.45541 -0.0668532 0.0371665
251 -0.496636 -0.0638709 0.0265947
252 -0.465359 -0.0712675 0.00437693
253 -0.470581 -0.102027 0.0372468
254 -0.472199 -0.029141 -0.00638507
255 -0.457967 -0.00125979 0.0108212
256 -0.536274 -0.186928 -0.00318041
257 -0.51754 -0.151511 0.000749959
258 -0.55257 -0.174368 0.0118094
259 -0.540301 -0.183378 0.0248155
260 -0.521441 -0.132876 0.101025
261 -0.489899 -0.150963 0.100184
262 -0.508073 -0.132374 0.0660311
263 -0.493775 -0.122305 0.0994621
264 -0.412972 -0.069667 -0.0316645
265 -0.429669 -0.0654903 -5.34968e-05
266 -0.435815 -0.0874291 -0.0345149
267 -0.420612 -0.0987228 -0.00564575
268 -0.490877 -0.171951 0.0647341
269 -0.493049 -0.133978 0.037586
270 -0.469773 -0.140806 0.0688303
271 -0.562897 -0.167262 -0.0382214
272 -0.552098 -0.174697 -0.0137951
273 -0.477365 -0.0243903 0.0342056
274 -0.46505 -0.0379912 0.0664647
275 -0.514504 -0.20422 -0.0189647
276 -0.48991 -0.224052 -0.0277293
277 -0.46929 -0.194112 -0.0191304
278 -0.498244 -0.217304 0.00959496
279 -0.438437 -0.051505 -0.0500656
280 -0.440096 -0.0477439 -0.0185533
281 -0.557733 -0.169781 0.0408545
282 -0.474913 -0.168492 0.0342957
283 -0.509155 -0.165784 0.0295926
284 -0.534358 -0.185713 0.103028
285 -0.51149 -0.203448 0.101738
286 -0.527498 -0.191891 0.0812031
287 -0.515697 -0.170608 0.101634
288 -0.464021 -0.116771 -0.00723618
289 -0.441259 -0.0977084 0.0143047
290 -0.489114 -0.057616 0.0595971
291 -0.530625 -0.155909 -0.0381997
292 -0.485744 -0.0972772 -0.0432054
293 -0.50626 -0.110499 -0.0112309
294 -0.487017 -0.0880758 -0.0127717
295 -0.404652 -0.0392512 0.0147965
296 -0.428102 -0.0215753 -0.00269836
297 -0.446361 -0.0411383 0.0148345
298 -0.51954 -0.166805 0.073487
299 -0.546902 -0.177412 0.076623
300 -0.425258 -0.0727282 0.0691002
301 -0.481739 -0.080543 0.0673517
302 -0.517213 -0.119995 0.0211209
303 -0.530981 -0.152095 0.0426502
304 -0.493992 -0.0993918 0.0147866
305 -0.485365 -0.124584 -0.0694787
306 -0.515374 -0.112253 -0.0720564
307 -0.519677 -0.121095 -0.0452583
308 -0.513383 -0.158123 -0.0689141
309 -0.536872 -0.151994 -0.0765303
310 -0.494439 -0.0571808 -0.0212123
311 -0.467565 -0.0304673 -0.0398352
312 -0.385041 -0.0943654 -0.0299031
313 -0.374287 -0.0626277 -0.0346832
314 -0.386312 -0.0849832 -0.0654674
315 -0.456365 -0.0748038 -0.0244194
316 -0.453998 -0.0827784 -0.0666756
317 -0.397034 -0.0840846 0.0522795
318 -0.408716 -0.0349931 0.047184
319 -0.388655 -0.0498139 0.0671407
320 -0.502623 -0.169987 -0.0251421
321 -0.498954 -0.185067 0.00617914
322 -0.416025 -0.0844368 -0.0613238
323 -0.481061 -0.1882 0.100309
324 -0.448645 -0.190971 0.099215
325 -0.475108 -0.190333 0.0747592
326 -0.458621 -0.160916 0.0989662
327 -0.530435 -0.150764 -0.103298
328 -0.549245 -0.177603 -0.0737221
329 -0.53621 -0.185672 -0.104133
330 -0.502954 -0.0959872 0.0473494
331 -0.453214 -0.00363277 -0.02204
332 -0.516834 -0.0774157 0.000246766
333 -0.519796 -0.0902539 -0.0326477
334 -0.535616 -0.187339 -0.0427908
335 -0.527241 -0.193119 -0.0784731
336 -0.501974 -0.186854 -0.0810345
337 -0.411778 -0.114421 -0.0339743
338 -0.484427 -0.0353823 0.00934654
339 -0.453871 -0.158425 0.00918599
340 -0.436971 -0.177162 0.0319793
341 -0.466362 -0.196516 0.0135715
342 -0.531099 -0.189668 0.0518191
343 -0.508934 -0.206503 0.0741906
344 -0.493712 -0.0423154 0.096076
345 -0.492368 -0.0729273 0.0973107
346 -0.431418 -0.0495332 0.0950568
347 -0.426371 -0.0808273 0.095929
348 -0.405162 -0.0646812 0.0948106
349 -0.412186 -0.120544 0.0282901
350 -0.425552 -0.133388 0.0695328
351 -0.403592 -0.111455 0.0670918
352 -0.43067 -0.100437 0.0461386
353 -0.479257 -0.0974295 -0.100535
354 -0.502954 -0.127662 -0.102131
355 -0.468482 -0.136883 -0.10149
356 -0.480029 -0.158692 -0.0743175
357 -0.449849 -0.173618 -0.101886
358 -0.455368 -0.154573 -0.0742606
359 -0.467332 -0.187646 -0.0787805
360 -0.48087 -0.0535076 -0.0575038
361 -0.486922 -0.184656 -0.0507408
362 -0.479355 -0.232426 -0.0653097
363 -0.50717 -0.209898 -0.0638811
364 -0.448362 -0.111145 -0.10059
365 -0.427637 -0.11283 -0.068018
366 -0.458052 -0.11826 -0.0707109
367 -0.4384 -0.137834 -0.101159
368 -0.462643 0.00279704 0.0432827
369 -0.439185 -0.0126134 0.0643592
370 -0.436297 -0.0390843 0.0476627
371 -0.462225 -0.0675889 0.0963541
372 -0.397392 -0.044252 -0.0486798
373 -0.400925 -0.0419352 -0.0177163
374 -0.538038 -0.141657 0.0758485
375 -0.491964 -0.140018 -0.0337598
376 -0.467624 -0.151505 -0.042123
377 -0.489489 -0.0348945 -0.0758798
378 -0.467356 -0.0231408 -0.0653165
379 -0.53576 -0.111976 -0.102496
380 -0.412527 -0.0311965 0.0731447
381 -0.415243 -0.0726922 0.0295988
382 -0.556544 -0.168245 0.104808
383 -0.453225 -0.17592 -0.0509142
384 -0.422149 -0.0252923 -0.0347507
385 -0.415214 -0.0304543 -0.0675934
386 -0.463454 -0.0280004 0.0934169
387 -0.513245 -0.203805 -0.103985
388 -0.496347 -0.167996 -0.102777
389 -0.51011 -0.0719552 -0.0622679
390 -0.500625 -0.0719948 -0.100579
391 -0.467736 -0.128781 0.0983418
392 -0.448779 -0.10511 0.0725179
393 -0.487742 -0.114517 0.0736435
394 -0.485925 -0.0804434 -0.0760284
395 -0.388863 -0.077362 -0.00104415
396 -0.444488 -0.0103831 -0.0558624
397 -0.456097 -0.0475491 -0.0741724
398 -0.555634 -0.140326 -0.103877
399 -0.415425 -0.11159 0.0964992
400 -0.445527 -0.163217 -0.0176912
401 -0.488528 -0.222565 0.101109
402 -0.47985 -0.160756 -0.00338062
403 -0.486455 -0.135969 0.0107424
404 -0.400525 -0.0396045 0.0937698
405 -0.411439 -0.111412 -0.100137
406 -0.406208 -0.0706993 -0.0988568
407 -0.466208 0.00638979 -0.0750862
408 -0.509456 -0.0954329 -0.101387
409 -0.431933 -0.145989 -0.0535408
410 -0.431561 -0.13374 -0.00527628
411 -0.453077 -0.115857 -0.0363884
412 -0.504922 -0.210951 0.0431472
413 -0.447884 -0.135731 0.0333759
414 -0.447349 -0.172994 0.064326
415 -0.464463 -0.207338 0.0451238
416 -0.375726 -0.0612445 -0.0023565
417 -0.381364 -0.0988995 0.030285
418 -0.436051 -0.136082 0.0979194
419 -0.506884 -0.0972854 0.0993237
420 -0.373322 -0.0607787 0.0941125
421 -0.445194 -0.0713588 -0.0991139
422 -0.480507 -0.195849 -0.102776
423 -0.486556 -0.225036 0.0691834
424 -0.447896 -0.10306 0.0971143
425 -0.47867 -0.0988007 0.097761
426 -0.382179 -0.0878097 -0.0993814
427 -0.388851 -0.119876 -0.0655819
428 -0.47255 -0.0342372 -0.0974275
429 -0.420766 -0.0581169 -0.0733135
430 -0.432831 -0.0182509 0.0302021
431 -0.490938 -0.222321 -0.102942
432 -0.375064 -0.0607237 -0.0983834
433 -0.481095 -0.0626268 -0.0994475
434 -0.559164 -0.169634 -0.105631
435 -0.379737 -0.0576367 0.0335929
436 -0.402265 -0.0396496 -0.0970281
437 -0.393015 -0.0473304 -0.0751077
438 -0.421008 -0.159255 0.0154529
439 -0.458532 0.00246065 -0.0950278
440 -0.428179 -0.0182098 0.0924162
441 -0.46838 0.00813457 0.0696071
442 -0.425261 -0.0476895 -0.0975891
443 -0.445565 -0.0344631 -0.0969768
444 -0.38407 -0.0856685 0.0752266
445 -0.394237 -0.0910006 0.0954377
446 -0.372987 -0.06347 -0.0645548
447 -0.458505 0.00243397 0.091697
448 -0.481935 -0.229945 0.0369662
449 -0.520718 -0.199002 0.0182608
450 -0.430264 -0.0187926 -0.0967038
451 -0.356565 -0.0754608 0.061209
452 -0.403455 -0.142598 0.097255
453 -0.339878 -0.179391 0.00654325
454 -0.331852 -0.209418 0.0392578
455 -0.310487 -0.179137 0.0291425
456 -0.335093 -0.160242 0.0387052
457 -0.382089 -0.235099 0.0981812
458 -0.364407 -0.217867 0.0699817
459 -0.386291 -0.256281 0.0596993
460 -0.400503 -0.218035 0.0673514
461 -0.346442 -0.0845898 -0.0510672
462 -0.348155 -0.0825409 -0.0800345
463 -0.354165 -0.105917 -0.0771907
464 -0.37377 -0.270398 -0.00527846
465 -0.414087 -0.287236 -0.00312101
466 -0.386799 -0.273866 -0.0357097
467 -0.391831 -0.305923 -0.0255913
468 -0.32914 -0.204207 -0.0677266
469 -0.341826 -0.191813 -0.0332453
470 -0.364532 -0.191824 -0.0652168
471 -0.348722 -0.221375 -0.0375733
472 -0.358598 -0.243387 0.0200813
473 -0.344374 -0.23998 0.0575703
474 -0.369592 -0.277644 0.0393543
475 -0.419223 -0.248741 0.0745312
476 -0.414828 -0.250583 -0.102256
477 -0.42992 -0.273963 -0.0700081
478 -0.421326 -0.281075 -0.102278
479 -0.418351 -0.248558 -0.0761783
480 -0.351163 -0.237265 -0.0746422
481 -0.375818 -0.240316 -0.0426803
482 -0.390676 -0.230069 -0.0746458
483 -0.32517 -0.101443 0.048147
484 -0.331988 -0.129749 0.058698
485 -0.330978 -0.0957633 0.0742751
486 -0.346468 -0.119174 0.0424716
487 -0.321783 -0.102959 0.0953376
488 -0.33131 -0.13637 0.0958748
489 -0.301739 -0.120579 0.073301
490 -0.346837 -0.0845736 -0.0191294
491 -0.346149 -0.0848464 0.0190013
492 -0.3638 -0.111637 -0.00957848
493 -0.366665 -0.193936 0.0256828
494 -0.37944 -0.183573 0.0699088
495 -0.348531 -0.174862 0.0606058
496 -0.343654 -0.22145 -0.102029
497 -0.322886 -0.184701 -0.101804
498 -0.313535 -0.216757 -0.102173
499 -0.37789 -0.217459 0.0438507
500 -0.405388 -0.16092 -0.0225796
501 -0.402459 -0.134894 0.000103134
502 -0.409727 -0.202411 0.0290099
503 -0.443661 -0.222617 0.0173096
504 -0.416936 -0.241889 0.0331844
505 -0.438125 -0.205556 0.0362105
506 -0.386604 -0.198504 -0.0377792
507 -0.412771 -0.224075 -0.0436865
508 -0.424064 -0.181615 -0.0508356
509 -0.40361 -0.20294 -0.0731265
510 -0.450957 -0.221925 -0.0116949
511 -0.448439 -0.224645 -0.037741
512 -0.43555 -0.219896 0.0594995
513 -0.414779 -0.180621 0.0691016
514 -0.394574 -0.165149 0.0151407
515 -0.39204 -0.17553 0.0436051
516 -0.388216 -0.179726 -0.101337
517 -0.407677 -0.21444 -0.101938
518 -0.418557 -0.184399 -0.10174
519 -0.409202 -0.258662 -0.0382549
520 -0.436801 -0.268191 -0.0339024
521 -0.410442 -0.256922 -0.00410206
522 -0.429921 -0.242028 -0.0336935
523 -0.43046 -0.200812 -0.0271589
524 -0.451346 -0.206173 -0.0576654
525 -0.337588 -0.213831 -0.00325523
526 -0.307046 -0.206325 0.0063781
527 -0.4379 -0.230506 -0.102339
528 -0.444686 -0.261086 -0.1025
529 -0.431239 -0.19086 0.00334899
530 -0.36633 -0.113485 0.0601811
531 -0.381868 -0.314002 0.0140773
532 -0.394353 -0.267755 0.0212236
533 -0.406369 -0.143705 -0.0800804
534 -0.46766 -0.24108 0.0618204
535 -0.454578 -0.220905 0.0781483
536 -0.413097 -0.288049 -0.0440126
537 -0.473703 -0.237391 0.00490983
538 -0.397053 -0.203383 -0.00626552
539 -0.385797 -0.236938 0.0173375
540 -0.396336 -0.263813 -0.0667537
541 -0.366331 -0.185205 -0.0165493
542 -0.385179 -0.127552 -0.02688
543 -0.338038 -0.129813 -0.0230677
544 -0.3681 -0.1505 -0.0409691
545 -0.357083 -0.113614 -0.0462177
546 -0.309853 -0.146586 0.0305723
547 -0.306644 -0.153946 0.0656053
548 -0.275589 -0.182871 0.0527468
549 -0.265148 -0.151745 0.0289356
550 -0.453933 -0.253351 -0.0657506
551 -0.467938 -0.241453 -0.102795
552 -0.291856 -0.129592 0.00352844
553 -0.288871 -0.169642 0.00689346
554 -0.389617 -0.24094 -0.014238
555 -0.433448 -0.220729 -0.0722317
556 -0.45851 -0.210695 -0.102092
557 -0.310385 -0.220712 -0.0289901
558 -0.41496 -0.155076 -0.101034
559 -0.431142 -0.17594 -0.0780809
560 -0.388307 -0.11561 0.000837947
561 -0.298143 -0.124899 -0.0643119
562 -0.305468 -0.152269 -0.0261288
563 -0.280468 -0.13936 -0.0361592
564 -0.316157 -0.109641 -0.0378863
565 -0.316132 -0.109588 0.0218982
566 -0.280085 -0.175874 -0.0525921
567 -0.288903 -0.172238 -0.10191
568 -0.303491 -0.151097 -0.0760153
569 -0.274416 -0.144485 -0.0772377
570 -0.359857 -0.150587 0.0358977
571 -0.34101 -0.16272 -0.0300758
572 -0.421427 -0.280021 0.0579014
573 -0.397224 -0.163262 -0.0697447
574 -0.369484 -0.191652 0.0974294
575 -0.337209 -0.1759 0.096703
576 -0.343168 -0.216434 0.097374
577 -0.333168 -0.213072 0.0756632
578 -0.404388 -0.140704 -0.0515391
579 -0.365323 -0.142024 -0.0749169
580 -0.374548 -0.209137 -0.10189
581 -0.325539 -0.147297 0.00388741
582 -0.302355 -0.121294 -0.0185007
583 -0.305683 -0.187683 0.066168
584 -0.300749 -0.163536 0.0963235
585 -0.31393 -0.14249 -0.101117
586 -0.321587 -0.104661 -0.0717315
587 -0.298349 -0.124501 -0.100928
588 -0.387258 -0.120029 0.0963141
589 -0.317212 -0.182585 -0.0130864
590 -0.345679 -0.254967 0.0975871
591 -0.350831 -0.265449 0.0734587
592 -0.368483 -0.149269 0.0965988
593 -0.407761 -0.292656 -0.0753654
594 -0.397703 -0.27136 -0.102214
595 -0.376704 -0.292912 -0.0807559
596 -0.420622 -0.226477 -0.00555281
597 -0.380071 -0.244151 -0.102056
598 -0.374582 -0.281012 -0.102257
599 -0.370476 -0.265898 -0.075661
600 -0.367687 -0.147918 -0.00169681
601 -0.386056 -0.148668 0.0675273
602 -0.392756 -0.170917 0.0972899
603 -0.332608 -0.136262 -0.0610001
604 -0.359658 -0.106436 0.0954861
605 -0.356689 -0.185295 -0.101735
606 -0.368429 -0.16407 -0.101258
607 -0.323492 -0.102683 -0.100001
608 -0.341 -0.118013 -0.100205
609 -0.355202 -0.144712 0.0682582
610 -0.404173 -0.294987 0.0370579
611 -0.412079 -0.253078 0.0986659
612 -0.396597 -0.26964 0.0985754
613 -0.316412 -0.164313 -0.0482363
614 -0.433967 -0.201606 -0.102024
615 -0.304777 -0.194826 -0.0441366
616 -0.41282 -0.150425 0.0486784
617 -0.33835 -0.166878 -0.0720362
618 -0.284861 -0.194273 -0.0186659
619 -0.320228 -0.106302 -0.00500149
620 -0.349233 -0.125192 0.015523
621 -0.366607 -0.222335 -0.0108633
622 -0.458492 -0.249188 0.0357468
623 -0.444856 -0.260038 0.0703667
624 -0.382257 -0.133697 0.0357525
625 -0.373177 -0.278443 0.0980894
626 -0.395982 -0.300934 0.0984728
627 -0.401083 -0.296996 0.071386
628 -0.347467 -0.260326 -0.102244
629 -0.395236 -0.303252 -0.0549216
630 -0.397781 -0.198319 0.0980522
631 -0.35118 -0.269609 -0.0451047
632 -0.463493 -0.245855 -0.0294225
633 -0.444398 -0.261614 0.00528082
634 -0.369248 -0.114743 -0.100092
635 -0.383647 -0.144902 -0.100834
636 -0.349714 -0.149916 -0.100994
637 -0.348849 -0.0814758 -0.0992007
638 -0.424261 -0.278294 0.0266773
639 -0.423207 -0.172928 0.0981835
640 -0.422576 -0.21868 0.0987731
641 -0.303552 -0.186786 -0.0772781
642 -0.419482 -0.28126 0.0989771
643 -0.295073 -0.126825 0.040564
644 -0.339297 -0.25544 -0.0178266
645 -0.457131 -0.219805 0.0996352
646 -0.266308 -0.1511 -0.00573635
647 -0.397778 -0.301109 -0.10219
648 -0.438388 -0.266115 0.0390541
649 -0.271946 -0.144852 0.0957679
650 -0.271589 -0.145809 0.0654359
651 -0.347264 -0.0818719 0.0946782
652 -0.296734 -0.124364 0.0953134
653 -0.271416 -0.173872 0.0961965
654 -0.311025 -0.201778 0.0969026
655 -0.374484 -0.29307 -0.0585079
656 -0.442488 -0.261427 0.099694
657 -0.465635 -0.241411 0.0999679
658 -0.273537 -0.145084 -0.10171
659 -0.382354 -0.313227 0.0526339
660 -0.351515 -0.306965 0.0412744
661 -0.301929 -0.381126 -0.102637
662 -0.285898 -0.361866 -0.0711044
663 -0.326095 -0.361303 -0.102426
664 -0.323254 -0.363501 -0.0719196
665 -0.230038 -0.292687 -0.06954
666 -0.223299 -0.283859 -0.103293
667 -0.258216 -0.279364 -0.10292
668 -0.233389 -0.260815 -0.103173
669 -0.253258 -0.198567 -0.0451175
670 -0.260969 -0.187031 -0.0136965
671 -0.247706 -0.250086 0.00697813
672 -0.216794 -0.276882 -0.0158962
673 -0.239276 -0.255754 -0.0247325
674 -0.215707 -0.229709 -0.00250489
675 -0.260302 -0.282742 0.0192624
676 -0.229754 -0.2936 0.040742
677 -0.22696 -0.289853 0.0109036
678 -0.241488 -0.265161 0.0405785
679 -0.331984 -0.31759 0.0583785
680 -0.328728 -0.357974 0.0641908
681 -0.343872 -0.345697 0.0411612
682 -0.310934 -0.338364 0.0307954
683 -0.249528 -0.165255 -0.0599858
684 -0.24764 -0.166688 -0.0244422
685 -0.349586 -0.290376 -0.102328
686 -0.315157 -0.272745 0.0973821
687 -0.312569 -0.250712 0.0592662
688 -0.31039 -0.290679 0.0720245
689 -0.336576 -0.276443 0.0527542
690 -0.3603 -0.331626 0.0681267
691 -0.216257 -0.231615 0.0340674
692 -0.206283 -0.264106 0.0151828
693 -0.269907 -0.305869 -0.0149973
694 -0.246399 -0.314083 0.0194904
695 -0.258099 -0.328263 -0.0119688
696 -0.237059 -0.302074 -0.0109779
697 -0.276967 -0.260514 0.0568733
698 -0.309762 -0.290703 0.0329631
699 -0.301814 -0.277412 -0.031258
700 -0.264046 -0.281335 -0.0401353
701 -0.299848 -0.271344 -0.070576
702 -0.279786 -0.250853 -0.0380817
703 -0.271827 -0.244534 0.0330724
704 -0.239649 -0.237668 0.0610941
705 -0.248184 -0.223592 0.0283675
706 -0.297281 -0.327188 -0.0297782
707 -0.290314 -0.289635 -0.00803865
708 -0.289344 -0.301891 -0.0511825
709 -0.347559 -0.34321 -0.0262261
710 -0.300158 -0.322923 0.00371646
711 -0.323556 -0.362953 -0.010348
712 -0.326999 -0.305737 -0.0210785
713 -0.374099 -0.321283 -0.102186
714 -0.385562 -0.311495 -0.0772464
715 -0.323614 -0.363081 -0.0403184
716 -0.312881 -0.332815 -0.0568869
717 -0.2875 -0.364045 -0.0435106
718 -0.314014 -0.237741 0.0970703
719 -0.301971 -0.222225 0.0670214
720 -0.301973 -0.342041 0.0719277
721 -0.360756 -0.296225 0.0684974
722 -0.344764 -0.295043 0.097749
723 -0.313573 -0.309197 0.0974189
724 -0.357414 -0.296986 -0.0251046
725 -0.23237 -0.178452 0.0695528
726 -0.251588 -0.203326 0.0963467
727 -0.316898 -0.247431 -0.0550308
728 -0.220518 -0.189167 -0.0403658
729 -0.235687 -0.211103 -0.0234263
730 -0.247598 -0.166534 0.00553543
731 -0.287329 -0.264676 0.016925
732 -0.281366 -0.231125 0.00210471
733 -0.219966 -0.234686 -0.103187
734 -0.202822 -0.203886 -0.073325
735 -0.249736 -0.213153 -0.0734939
736 -0.219724 -0.228543 -0.0523336
737 -0.343544 -0.281666 0.013143
738 -0.340856 -0.313721 0.0129389
739 -0.272146 -0.249327 -0.070779
740 -0.264415 -0.287708 -0.0753851
741 -0.280657 -0.314506 0.0971118
742 -0.255769 -0.326083 0.0608619
743 -0.266592 -0.29604 0.0613266
744 -0.252807 -0.322775 0.0968843
745 -0.195794 -0.250049 -0.0744682
746 -0.193699 -0.247818 -0.0518924
747 -0.25142 -0.232698 -0.0487862
748 -0.284361 -0.214723 -0.0603534
749 -0.270864 -0.225075 -0.0254854
750 -0.207734 -0.264352 -0.103358
751 -0.176344 -0.225636 -0.103604
752 -0.210804 -0.270084 0.0603758
753 -0.273555 -0.194514 -0.102379
754 -0.301275 -0.248659 -0.0127559
755 -0.203656 -0.202472 0.0249935
756 -0.250323 -0.210408 0.00812949
757 -0.199415 -0.206268 -0.00691188
758 -0.194651 -0.210379 -0.0359409
759 -0.195801 -0.250679 -0.0266529
760 -0.315533 -0.244103 0.0210927
761 -0.308038 -0.226036 -0.0774394
762 -0.239007 -0.303284 -0.103161
763 -0.362945 -0.329794 0.0381403
764 -0.228769 -0.182469 -0.0756821
765 -0.248867 -0.275806 0.0749893
766 -0.284606 -0.25748 0.0969223
767 -0.254756 -0.242985 0.0965967
768 -0.301588 -0.38118 -0.0526357
769 -0.283451 -0.223529 0.0966543
770 -0.30738 -0.335283 -0.102532
771 -0.341444 -0.348502 -0.0812609
772 -0.233469 -0.177993 0.0348688
773 -0.249828 -0.164061 0.0587743
774 -0.245375 -0.203365 0.0487822
775 -0.300748 -0.381154 0.0474053
776 -0.282795 -0.359095 0.0377892
777 -0.28813 -0.261502 -0.10257
778 -0.236179 -0.217384 0.0770894
779 -0.209265 -0.232717 0.0722304
780 -0.372294 -0.321017 0.0981848
781 -0.349043 -0.341678 0.00961427
782 -0.225441 -0.184874 -0.00223696
783 -0.272373 -0.193205 0.0177616
784 -0.286124 -0.216883 0.0371197
785 -0.301245 -0.381147 -0.00262307
786 -0.281429 -0.356858 -0.0150084
787 -0.286906 -0.363808 0.0118407
788 -0.224859 -0.185816 -0.102918
789 -0.244456 -0.208283 -0.102796
790 -0.320946 -0.36479 0.0248313
791 -0.209919 -0.267929 -0.0509951
792 -0.235365 -0.253839 -0.0781414
793 -0.289519 -0.286723 0.0971353
794 -0.268723 -0.341629 0.0179193
795 -0.28308 -0.321236 -0.0721635
796 -0.250943 -0.318671 -0.0734621
797 -0.245677 -0.312565 -0.0413701
798 -0.208319 -0.198283 0.0625958
799 -0.22322 -0.185641 0.0961637
800 -0.224515 -0.206585 0.0962963
801 -0.198903 -0.205543 0.0960929
802 -0.175239 -0.22563 0.0211892
803 -0.175428 -0.225759 -0.00376128
804 -0.189256 -0.243083 0.0343652
805 -0.230809 -0.295152 0.071219
806 -0.237142 -0.303221 0.0967077
807 -0.31498 -0.30528 -0.0777753
808 -0.348427 -0.34113 0.0979275
809 -0.269281 -0.221307 0.066922
810 -0.270314 -0.342362 -0.102855
811 -0.37236 -0.322517 -0.0479697
812 -0.314159 -0.279926 0.000932502
813 -0.268583 -0.340783 -0.0511908
814 -0.292719 -0.322492 0.0536556
815 -0.279392 -0.305375 0.024984
816 -0.242034 -0.263574 -0.0549208
817 -0.339729 -0.277918 -0.0770765
818 -0.256234 -0.283005 0.0967681
819 -0.345294 -0.34514 -0.0564597
820 -0.344613 -0.308588 -0.061036
821 -0.283974 -0.193537 0.0965153
822 -0.316599 -0.24525 -0.102338
823 -0.175843 -0.225753 -0.0536269
824 -0.29517 -0.296558 -0.102632
825 -0.275091 -0.313072 -0.102816
826 -0.200653 -0.205833 -0.103285
827 -0.324527 -0.285176 -0.0498229
828 -0.268687 -0.26849 -0.0109674
829 -0.300485 -0.381105 0.0724014
830 -0.324425 -0.361145 0.0976272
831 -0.303086 -0.344473 0.0973633
832 -0.369202 -0.324954 -0.0150634
833 -0.268593 -0.342222 0.0970502
834 -0.332037 -0.310553 -0.102378
835 -0.36191 -0.331361 -0.0775037
836 -0.382664 -0.312558 0.0786885
837 -0.213276 -0.27169 -0.0803119
838 -0.24751 -0.165456 0.0960026
839 -0.249065 -0.165679 -0.102403
840 -0.222752 -0.232075 0.0963807
841 -0.284953 -0.225071 -0.102495
842 -0.175007 -0.225587 0.046128
843 -0.191232 -0.245785 0.0670469
844 -0.187121 -0.21542 0.0740864
845 -0.205973 -0.264214 0.0964066
846 -0.232195 -0.260455 0.0965395
847 -0.174608 -0.225337 0.0960573
848 -0.190283 -0.244795 0.0962321
849 -0.320755 -0.278163 -0.102426
850 -0.2278 -0.290346 -0.0370306
851 -0.282158 -0.358636 0.0684323
852 -0.30101 -0.381158 0.0223948
853 -0.301424 -0.381186 -0.0276348
854 -0.297381 -0.199573 -0.102126
855 -0.350148 -0.341279 -0.102285
856 -0.255331 -0.244502 -0.102849
857 -0.174785 -0.225445 0.0710771
858 -0.284388 -0.361652 0.0972132
859 -0.221501 -0.283753 0.0965379
860 -0.300231 -0.381029 0.0973878
861 -0.247851 -0.279238 1.13913e-05
862 -0.250071 -0.291263 0.00591488
863 -0.258182 -0.309989 0.00226348
864 -0.266671 -0.319062 0.00289753
865 -0.238117 -0.278941 -0.0178591
866 -0.238953 -0.266874 0.00863698
867 -0.239412 -0.19642 0.0322433
868 -0.233598 -0.203128 0.0420356
869 -0.220823 -0.188117 0.0487095
870 -0.324284 -0.341614 0.0843873
871 -0.268193 -0.213679 0.0226289
872 -0.275643 -0.207264 0.0119231
873 -0.267615 -0.202428 -0.00527226
874 -0.266707 -0.190066 0.00199643
875 -0.261628 -0.21848 -0.0104038
876 -0.254639 -0.322831 -0.10301
877 -0.263016 -0.315859 -0.0881331
878 -0.360663 -0.300741 -0.0708855
879 -0.198914 -0.238087 0.052655
880 -0.183114 -0.235691 0.0565739
881 -0.181035 -0.220518 0.0600371
882 -0.213364 -0.232061 0.0498229
883 -0.220744 -0.246563 0.0843909
884 -0.207465 -0.249933 0.0854349
885 -0.269216 -0.168815 -0.0809802
886 -0.277244 -0.160163 -0.0648832
887 -0.265 -0.152426 -0.0479972
888 -0.263876 -0.171251 -0.0385031
889 -0.306282 -0.363758 -0.0584169
890 -0.293745 -0.371523 -0.0618739
891 -0.292267 -0.299191 -0.0769061
892 -0.299323 -0.313132 -0.0750194
893 -0.275143 -0.171515 -0.0118506
894 -0.251165 -0.188582 -0.0889818
895 -0.251921 -0.176239 0.0828648
896 -0.248311 -0.164974 0.0830357
897 -0.259938 -0.168693 0.0762438
898 -0.271499 -0.157864 0.0785819
899 -0.288054 -0.164569 0.0816166
900 -0.289767 -0.15678 0.0844394
901 -0.288878 -0.149463 0.0810268
902 -0.288404 -0.18069 0.0813539
903 -0.323858 -0.333049 -0.0112592
904 -0.231551 -0.278042 -0.0850275
905 -0.341616 -0.105916 0.0529935
906 -0.349478 -0.105238 0.0485648
907 -0.436906 -0.234856 0.0764
908 -0.429085 -0.21923 0.0791523
909 -0.472333 -0.22154 0.0897476
910 -0.466192 -0.205177 0.0871987
911 -0.469896 -0.203268 0.100039
912 -0.475701 -0.233729 0.0854224
913 -0.353875 -0.178459 -0.0491746
914 -0.35277 -0.158984 -0.0569151
915 -0.364891 -0.1616 -0.071214
916 -0.353381 -0.165529 -0.0866794
917 -0.366413 -0.17811 -0.0831234
918 -0.38301 -0.163492 -0.0855096
919 -0.385999 -0.162643 -0.101157
920 -0.401571 -0.161783 -0.0462824
921 -0.41153 -0.156079 -0.0513325
922 -0.449106 -0.22925 0.0359306
923 -0.440442 -0.221667 0.0338107
924 -0.409241 -0.274668 0.0782184
925 -0.442661 -0.203901 -0.0798518
926 -0.432449 -0.203624 -0.0745167
927 -0.399264 -0.2547 0.0791279
928 -0.380216 -0.0773119 -0.0157159
929 -0.383048 -0.0714189 -0.0143488
930 -0.470655 -0.214992 -0.0426241
931 -0.482438 -0.21234 -0.0591
932 -0.49151 -0.20111 -0.0697393
933 -0.494459 -0.185787 -0.0658801
934 -0.323966 -0.119821 0.0402505
935 -0.311522 -0.128127 0.048629
936 -0.319 -0.139686 0.0422141
937 -0.368778 -0.0808345 -0.00968448
938 -0.369177 -0.0808448 0.00826119
939 -0.375528 -0.0954596 -0.00551401
940 -0.384216 -0.0674998 0.016204
941 -0.396092 -0.058567 0.00694713
942 -0.402395 -0.0750019 0.0145709
943 -0.409838 -0.0713903 -0.000553118
944 -0.405668 -0.0886004 -0.00347007
945 -0.326866 -0.116424 0.0770605
946 -0.318848 -0.106035 0.0739412
947 -0.331316 -0.108105 0.0686054
948 -0.344614 -0.119181 0.0755278
949 -0.447095 -0.00747563 -0.0857092
950 -0.45589 -0.0136065 -0.0853597
951 -0.448734 -0.0209952 -0.0804266
952 -0.444318 -0.0245691 -0.0796561
953 -0.453543 -0.030227 -0.0850569
954 -0.454212 -0.00978944 -0.0953956
955 -0.462479 -0.00760404 -0.083298
956 -0.526781 -0.0864464 0.0552586
957 -0.544595 -0.0841485 0.0480561
958 -0.525833 -0.0778765 0.0426389
959 -0.531952 -0.0578411 0.0411562
960 -0.551596 -0.100354 0.0385937
961 -0.513069 -0.0936426 0.0622626
962 -0.475414 -0.0623426 0.0784344
963 -0.479634 -0.0401983 0.081016
964 -0.490783 -0.0664844 0.0810386
965 -0.476444 -0.00421231 0.0767934
966 -0.489188 -0.0723809 0.0466776
967 -0.494404 -0.0892176 0.0832364
968 -0.512404 -0.188562 0.0878966
969 -0.520429 -0.196866 0.0903927
970 -0.526937 -0.156001 0.089149
971 -0.539005 -0.150649 0.103171
972 -0.533419 -0.173664 0.0877224
973 -0.52735 -0.176836 0.0892502
974 -0.570157 -0.142991 -0.0394108
975 -0.573624 -0.14143 -0.0246904
976 -0.556575 -0.144427 -0.0523335
977 -0.474938 -0.0269885 0.0148573
978 -0.473731 -0.0370318 0.0111561
979 -0.468496 -0.0503553 -0.00106943
980 -0.465091 -0.0489784 -0.0140988
981 -0.451293 -0.0580833 -0.00871247
982 -0.483453 -0.0433867 -0.0138999
983 -0.492492 -0.0315151 -0.00522253
984 -0.489004 -0.0267505 -0.00320167
985 -0.480108 -0.0790911 0.0490337
986 -0.518993 -0.138066 -0.0906304
987 -0.522307 -0.154254 -0.0862199
988 -0.453541 -0.0764409 0.0682983
989 -0.627896 -0.090772 -0.0019316
990 -0.630946 -0.0883416 -0.00481995
991 -0.578036 -0.0732741 0.0898005
992 -0.571217 -0.0661478 0.0907317
993 -0.570171 0.0464902 0.0327037
994 -0.574528 0.0661635 0.0351091
995 -0.557943 0.0418157 0.0461345
996 -0.594154 -0.0573975 0.0804114
997 -0.62954 -0.0599862 0.0735625
998 -0.636015 -0.0433531 0.0903585
999 -0.627508 -0.055357 0.103836
1000 -0.634037 -0.036078 0.0863207
1001 -0.626073 -0.0712578 0.0736755
1002 -0.643456 -0.0593879 -0.0841634
1003 -0.646235 -0.0514991 -0.0710455
1004 -0.629975 -0.00507246 -0.0624521
1005 -0.635522 -0.0123554 -0.0615564
1006 -0.630299 0.00398451 -0.0476574
1007 -0.646235 0.0212917 -0.0452575
1008 -0.634852 -0.0254142 -0.0874808
1009 -0.597167 -0.117124 0.094923
1010 -0.589025 -0.120022 0.0887284
1011 -0.579732 -0.125966 0.10428
1012 -0.588711 -0.0657459 -0.0494783
1013 -0.349322 -0.202048 0.0324715
1014 -0.544465 -0.0144513 0.03483
1015 -0.623219 0.0274947 0.0856374
1016 -0.567079 -0.0633031 0.0504951
1017 -0.596472 0.0608473 -0.0786711
1018 -0.577245 -0.0344141 0.0524425
1019 -0.319949 -0.31928 -0.0389821
1020 -0.504312 -0.0435699 0.0318588
1021 -0.413657 -0.0979845 -0.0806681
1022 -0.587913 0.026855 0.0470683
1023 -0.646235 -0.0010511 0.0787283
1024 -0.559646 -0.0116199 0.0410646
1025 -0.27681 -0.185192 -0.0774836
1026 -0.334048 -0.242371 -0.0648229
1027 -0.327454 -0.249679 0.00159319
1028 -0.340088 -0.279042 0.0329638
