1 -0.549516 -0.0862614 -0.0410826
2 -0.576165 -0.116873 -0.0405162
3 -0.565311 -0.0778413 -0.00928775
4 -0.585391 -0.0815947 -0.0440861
5 -0.612204 -0.132574 0.0368804
6 -0.608534 -0.0923044 0.01386
7 -0.625915 -0.125436 0.00438101
8 -0.617943 -0.101929 0.0458422
9 -0.621074 -0.0684671 0.0574597
10 -0.618496 -0.0441004 0.0311231
11 -0.593959 -0.0775304 0.0460228
12 -0.522904 -0.0118791 -0.0696103
13 -0.496622 -0.00718753 -0.0549909
14 -0.504461 0.000544152 -0.0966097
15 -0.500163 0.0292478 -0.0682857
16 -0.540128 -0.0576533 0.0993768
17 -0.520324 -0.0612754 0.0615542
18 -0.550835 -0.049893 0.0728881
19 -0.521859 -0.0480572 0.08093
20 -0.596415 0.0416401 0.0316089
21 -0.646235 0.0407607 0.00518143
22 -0.614361 0.0214938 0.0393072
23 -0.646235 0.0730172 0.0271599
24 -0.548334 0.0236539 -0.0680913
25 -0.542291 0.0150547 -0.096039
26 -0.554416 0.0591962 -0.0931143
27 -0.53531 0.0483526 -0.0612918
28 -0.564167 0.0414552 -0.0942534
29 -0.618545 -0.0257064 -0.0435138
30 -0.593568 -0.0401422 -0.0572075
31 -0.602957 -0.059396 -0.0447948
32 -0.616754 -0.0362931 -0.075577
33 -0.592224 -0.103877 -0.0109152
34 -0.568023 -0.0896172 0.0274686
35 -0.587179 -0.115319 0.0325093
36 -0.573183 -0.11853 0.00234632
37 -0.615948 0.00834182 -0.0130812
38 -0.646235 0.0020105 0.000880758
39 -0.646235 0.0175192 -0.0293126
40 -0.575423 -0.0449532 0.0342101
41 -0.58777 -0.0501187 0.0641477
42 -0.609331 -0.0105757 0.045727
43 -0.646235 0.1 -0.025
44 -0.646235 0.1 0
45 -0.646235 0.0734273 -0.0112679
46 -0.594711 0.0743969 -0.0238298
47 -0.542041 -0.0514709 0.0238199
48 -0.565757 -0.0344052 -0.00413923
49 -0.646235 0.0473314 0.0508233
50 -0.599751 0.0476513 0.0652491
51 -0.634196 -0.0758984 0.105387
52 -0.646013 -0.112253 0.0783816
53 -0.646873 -0.111258 0.106456
54 -0.640591 -0.0831224 0.0705553
55 -0.577728 -0.00474002 0.0222179
56 -0.618759 -0.000915177 0.0154108
57 -0.512856 -0.0209872 0.0376531
58 -0.516036 -0.0325761 -0.00320113
59 -0.545759 -0.009024 0.0106415
60 -0.646235 -0.0492512 -0.0296903
61 -0.624255 -0.0533949 -0.0133637
62 -0.63091 -0.0694336 -0.0637328
63 -0.61846 -0.093476 -0.0291446
64 -0.639696 -0.0828305 0.0166116
65 -0.644556 -0.0880181 -0.0189147
66 -0.593713 -0.0708001 -0.075814
67 -0.646235 -0.032644 -0.00155263
68 -0.646235 -0.0459375 0.024835
69 -0.646235 -0.0165666 0.0283487
70 -0.59467 -0.0596419 -0.0196297
71 -0.590394 -0.0612623 0.00810452
72 -0.532271 0.0201238 -0.0398234
73 -0.513927 0.00677183 0.00643265
74 -0.548453 0.0232317 0.0376578
75 -0.557103 0.0208731 -0.00529436
76 -0.529561 0.0448429 -0.0258549
77 -0.569986 0.0205541 -0.0353893
78 -0.588577 -0.0243705 0.0998171
79 -0.586238 0.0113883 0.0963578
80 -0.578324 -0.02037 0.0709725
81 -0.612743 0.0107584 0.073881
82 -0.537829 -0.0128716 -0.0315419
83 -0.558887 -0.120811 0.0660567
84 -0.558535 -0.0775212 0.06756
85 -0.59146 -0.10518 0.063228
86 -0.593858 -0.0291877 -0.0168535
87 -0.594082 -0.00613994 -0.0297142
88 -0.567028 -0.0129258 -0.0213479
89 -0.568708 -0.0470651 -0.0429105
90 -0.649563 -0.11196 -0.0786122
91 -0.646235 -0.0667146 -0.0503956
92 -0.646235 -0.1 -0.05
93 -0.652359 -0.111205 -0.0417912
94 -0.558637 -0.0386103 0.0992035
95 -0.577608 -0.057802 0.101172
96 -0.521794 0.0425984 -0.0940204
97 -0.576018 -0.0259601 -0.0995042
98 -0.577766 0.00888498 -0.0966652
99 -0.60977 -0.00680372 -0.0732387
100 -0.586658 -0.0102593 -0.0565546
101 -0.606957 -0.0244527 0.0069715
102 -0.548795 -0.129155 0.0213945
103 -0.600192 0.0471299 -0.0943765
104 -0.646235 0.0668459 -0.0654286
105 -0.598931 0.0280919 -0.0643415
106 -0.580151 0.0487293 -0.0552816
107 -0.584707 -0.149361 0.0384742
108 -0.581332 0.0155269 0.0638539
109 -0.579234 -0.0998774 0.103597
110 -0.591336 -0.0709418 0.0815702
111 -0.614495 -0.0959649 0.0809045
112 -0.611231 -0.131278 0.0869508
113 -0.554432 0.059612 0.0921248
114 -0.564127 0.0347254 0.0935089
115 -0.548872 0.0291354 0.067813
116 -0.520834 0.0438402 0.0918417
117 -0.646235 -0.0156538 -0.0295892
118 -0.646235 -0.000828139 -0.0523479
119 -0.646235 -0.0319327 -0.0645593
120 -0.557085 -0.0972058 0.102272
121 -0.498601 0.000430594 0.0933838
122 -0.488931 0.024869 0.0923828
123 -0.519159 0.00789622 0.0686288
124 -0.560323 -0.00798639 -0.063562
125 -0.646235 -0.00138515 -0.0714992
126 -0.602101 -0.0641103 0.103329
127 -0.560157 -0.00428232 0.0962129
128 -0.543315 -0.0154349 0.0599579
129 -0.589757 0.0105432 8.68047e-05
130 -0.597509 0.0516788 0.000901971
131 -0.563331 0.0361376 0.016509
132 -0.622882 -0.0125888 -0.0188017
133 -0.617729 -0.0362058 0.076287
134 -0.593035 -0.050905 -0.101232
135 -0.572746 -0.0396121 -0.0764361
136 -0.601831 -0.0980839 -0.0557996
137 -0.612965 -0.132378 -0.0253194
138 -0.613678 0.0119482 -0.0410844
139 -0.646235 0.0232858 0.0686351
140 -0.646235 -0.00210221 0.0574566
141 -0.553635 -0.123245 0.103081
142 -0.535705 -0.0545671 -0.0261765
143 -0.53598 -0.0919351 0.100997
144 -0.527821 0.0439337 0.00874503
145 -0.55759 0.0580717 -0.0126276
146 -0.653762 -0.11141 -0.00430767
147 -0.646235 -0.0685292 0.00314744
148 -0.646235 0.0776621 -0.0377538
149 -0.59905 0.0397828 -0.0261069
150 -0.542416 -0.0212851 -0.0984801
151 -0.538823 -0.0448391 -0.0646129
152 -0.534696 0.010931 0.0941583
153 -0.528711 -0.0256465 0.0967021
154 -0.612681 0.0161877 -0.0981708
155 -0.62259 -0.125835 0.0680374
156 -0.646235 0.0502716 -0.0347161
157 -0.624195 -0.0461861 -0.1029
158 -0.646235 0 -0.1
159 -0.646235 -0.0371008 0.0597063
160 -0.646235 -0.0711414 0.038456
161 -0.613421 -0.100609 0.104991
162 -0.610829 -0.0811217 -0.10465
163 -0.642094 -0.0827918 -0.105587
164 -0.625249 -0.0966393 -0.0781849
165 -0.533292 0.0483999 0.0603531
166 -0.566422 0.0651538 -0.0696851
167 -0.646235 0.0261169 -0.0656522
168 -0.596454 -0.140124 0.0723367
169 -0.56961 -0.158197 0.073332
170 -0.571582 0.0656942 0.0554661
171 -0.545217 0.0528981 0.0341229
172 -0.504997 -0.0263789 0.0646283
173 -0.489589 0.02181 -0.0115077
174 -0.50505 0.0312522 -0.0417067
175 -0.646235 0.075 0.1
176 -0.603141 0.0409903 0.095182
177 -0.646235 0.0744889 0.0709772
178 -0.508464 -0.0351545 -0.0460789
179 -0.509939 -0.0505233 -0.0775142
180 -0.578751 0.0681248 0.0142903
181 -0.490355 0.0225789 0.0249395
182 -0.517025 0.0392111 0.0368861
183 -0.511486 0.0087294 0.0466681
184 -0.548887 -0.119859 -0.0651486
185 -0.571047 -0.114766 -0.104063
186 -0.592571 -0.110092 -0.0773686
187 -0.568859 -0.0862906 -0.0722979
188 -0.646235 0.1 -0.05
189 -0.646235 0.1 0.05
190 -0.634924 -0.120606 -0.0250016
191 -0.625569 -0.125075 -0.0586195
192 -0.537114 -0.0775031 -0.0697319
193 -0.643082 -0.115458 0.0362043
194 -0.646235 -0.1 0.025
195 -0.646235 0.05 -0.1
196 -0.646235 -0.05 0.1
197 -0.62203 -0.0331942 0.101928
198 -0.646235 -0.1 -0.1
199 -0.646235 -0.0710655 -0.0775316
200 -0.646235 -0.08027 -0.0262146
201 -0.594055 0.0752054 -0.0616629
202 -0.5629 0.0619826 -0.0413766
203 -0.577064 -0.150822 0.10579
204 -0.600423 -0.13649 0.105925
205 -0.496981 -0.00813262 -0.0252425
206 -0.558303 -0.0731151 0.101743
207 -0.496537 0.0261817 0.0596037
208 -0.646235 0.0169698 0.0345753
209 -0.474655 0.0129598 -0.0454811
210 -0.5623 -0.0545121 -0.100972
211 -0.588556 0.0742482 0.0925538
212 -0.588817 0.07626 -0.0928081
213 -0.544478 -0.124599 -0.0172361
214 -0.53892 -0.0924558 -0.000994912
215 -0.600609 -0.139413 -0.0525703
216 -0.604399 -0.0163762 -0.100162
217 -0.646235 -0.0718804 0.0698327
218 -0.599956 -0.140396 0.00609994
219 -0.646235 -0.05 -0.1
220 -0.646235 0 0.1
221 -0.646235 0.05 0.1
222 -0.614102 0.0069414 0.0979607
223 -0.528386 -0.0668269 -0.100508
224 -0.489808 0.0237269 -0.0944845
225 -0.624959 -0.122925 -0.106776
226 -0.601684 -0.136611 -0.106463
227 -0.59802 -0.106791 -0.105386
228 -0.601132 -0.137878 -0.0827178
229 -0.646235 -0.1 -0.025
230 -0.646235 0.1 -0.1
231 -0.587522 -0.148047 -0.0284656
232 -0.575381 -0.154687 -0.0696276
233 -0.579069 -0.151085 -0.105788
234 -0.488101 -0.0079952 0.0671259
235 -0.646235 0.1 0.1
236 -0.528609 -0.0862428 0.0292928
237 -0.646235 -0.1 0.05
238 -0.571616 -0.159424 0.00308974
239 -0.554706 -0.0846184 -0.102537
240 -0.581646 -0.0815153 -0.1034
241 -0.646235 -0.1 0.1
242 -0.504506 -0.0405253 -0.0984826
243 -0.649161 -0.110821 -0.107013
244 -0.533065 -0.107255 0.050003
245 -0.62381 -0.124264 0.106449
246 -0.646235 -0.1 0
247 -0.646235 -0.075 -0.1
248 -0.521911 -0.0894724 0.0777662
249 -0.516338 -0.0627205 0.0981074
250 -0.454532 -0.0633102 0.0376302
251 -0.495387 -0.0619701 0.0271753
252 -0.464264 -0.0678292 0.00463664
253 -0.469509 -0.0984893 0.0375501
254 -0.471195 -0.0263664 -0.0058793
255 -0.458015 0.00231307 0.011071
256 -0.532927 -0.185284 -0.00301011
257 -0.51619 -0.148719 0.000963458
258 -0.550422 -0.172591 0.0116504
259 -0.537155 -0.181632 0.0251607
260 -0.520756 -0.13069 0.101227
261 -0.487902 -0.147917 0.100433
262 -0.506882 -0.130008 0.0661351
263 -0.492268 -0.119535 0.0998416
264 -0.41232 -0.0650085 -0.0311526
265 -0.428991 -0.0612811 0.00033253
266 -0.434659 -0.0833799 -0.034149
267 -0.419269 -0.0943713 -0.00520836
268 -0.487982 -0.169099 0.0651033
269 -0.491184 -0.131047 0.0379995
270 -0.467776 -0.137421 0.0692028
271 -0.561475 -0.164755 -0.0379921
272 -0.550297 -0.172318 -0.0137821
273 -0.476048 -0.022288 0.0349073
274 -0.464104 -0.0352619 0.0672877
275 -0.510595 -0.202121 -0.0186763
276 -0.48578 -0.221439 -0.027311
277 -0.465624 -0.190829 -0.0186232
278 -0.494549 -0.214723 0.010042
279 -0.438194 -0.0474567 -0.0496507
280 -0.439946 -0.0436856 -0.0182453
281 -0.556767 -0.167296 0.0408925
282 -0.472113 -0.16522 0.0347117
283 -0.506248 -0.163468 0.0299912
284 -0.531509 -0.183586 0.103167
285 -0.508154 -0.200996 0.102079
286 -0.524261 -0.189888 0.081418
287 -0.513249 -0.168211 0.10186
288 -0.462447 -0.113282 -0.00680089
289 -0.439789 -0.0937339 0.0146759
290 -0.488217 -0.0554706 0.06035
291 -0.529462 -0.153015 -0.0377168
292 -0.48418 -0.0947451 -0.0430272
293 -0.505145 -0.108576 -0.0108981
294 -0.485827 -0.0854478 -0.0122403
295 -0.404233 -0.0347148 0.015212
296 -0.428184 -0.0174921 -0.0021348
297 -0.445984 -0.0373978 0.0152819
298 -0.516802 -0.164735 0.0737792
299 -0.545135 -0.174577 0.0764567
300 -0.424799 -0.0682885 0.0696249
301 -0.480563 -0.0777738 0.0679639
302 -0.516213 -0.117394 0.021337
303 -0.530584 -0.149138 0.0428729
304 -0.492653 -0.0968107 0.0151812
305 -0.483293 -0.121624 -0.0691388
306 -0.514359 -0.110414 -0.0716834
307 -0.518752 -0.119017 -0.0448326
308 -0.510629 -0.155646 -0.0683647
309 -0.535697 -0.149329 -0.0760151
310 -0.493277 -0.0551984 -0.0208835
311 -0.465518 -0.0287696 -0.0395165
312 -0.383877 -0.0893042 -0.0294311
313 -0.373794 -0.0570316 -0.0339683
314 -0.385317 -0.0795756 -0.0647888
315 -0.455459 -0.0711255 -0.0241938
316 -0.452858 -0.0790709 -0.0663858
317 -0.396216 -0.0789819 0.0528413
318 -0.408876 -0.0303599 0.0477483
319 -0.388543 -0.0449846 0.0678566
320 -0.499555 -0.167643 -0.0247198
321 -0.495653 -0.182564 0.00664181
322 -0.414907 -0.0797932 -0.0609063
323 -0.478083 -0.184965 0.100613
324 -0.445655 -0.18717 0.0996906
325 -0.4718 -0.187133 0.0751427
326 -0.456307 -0.157232 0.0993277
327 -0.528675 -0.148364 -0.102875
328 -0.547546 -0.174853 -0.0731471
329 -0.533023 -0.183696 -0.103462
330 -0.501846 -0.0938408 0.0477873
331 -0.45126 -0.00147866 -0.0221241
332 -0.515552 -0.0756625 0.00045047
333 -0.518857 -0.0886021 -0.0323818
334 -0.532228 -0.18564 -0.0424486
335 -0.523888 -0.19118 -0.0780301
336 -0.498768 -0.184118 -0.0805519
337 -0.409939 -0.109721 -0.0336367
338 -0.483453 -0.0330961 0.00987348
339 -0.451301 -0.154593 0.00966817
340 -0.434118 -0.173074 0.0325366
341 -0.462922 -0.193024 0.0141689
342 -0.527875 -0.187927 0.0520102
343 -0.50532 -0.204036 0.0744679
344 -0.493383 -0.039906 0.0969466
345 -0.49183 -0.0704875 0.0979788
346 -0.431365 -0.0454082 0.0955811
347 -0.425665 -0.0766336 0.0964837
348 -0.404804 -0.0601983 0.0954142
349 -0.410591 -0.115794 0.0287694
350 -0.423934 -0.128658 0.0699846
351 -0.402328 -0.106509 0.0674901
352 -0.429623 -0.0960555 0.0465612
353 -0.477779 -0.0943038 -0.100193
354 -0.50118 -0.125053 -0.10142
355 -0.466235 -0.133501 -0.101156
356 -0.477234 -0.155577 -0.0738942
357 -0.446795 -0.169788 -0.101526
358 -0.452763 -0.15083 -0.0737908
359 -0.464038 -0.184274 -0.0783354
360 -0.479012 -0.0518197 -0.0571513
361 -0.483576 -0.181731 -0.0503262
362 -0.475155 -0.229398 -0.0649681
363 -0.50341 -0.207416 -0.0635631
364 -0.44658 -0.107522 -0.100165
365 -0.425823 -0.108491 -0.0676413
366 -0.456285 -0.114524 -0.0703297
367 -0.436152 -0.134004 -0.100611
368 -0.461804 0.00580534 0.0442033
369 -0.437678 -0.00937652 0.0646332
370 -0.436074 -0.0348686 0.0479836
371 -0.461757 -0.0635872 0.0967425
372 -0.397483 -0.0391006 -0.0479803
373 -0.400948 -0.0372118 -0.0171086
374 -0.537691 -0.138875 0.075881
375 -0.489644 -0.137302 -0.0332594
376 -0.465088 -0.148121 -0.0416157
377 -0.487573 -0.0334511 -0.0756478
378 -0.466036 -0.0206094 -0.0651925
379 -0.534433 -0.110073 -0.102284
380 -0.412748 -0.0267271 0.0737453
381 -0.414574 -0.0680582 0.0300578
382 -0.554319 -0.166348 0.104708
383 -0.45013 -0.172197 -0.0503137
384 -0.422863 -0.0207625 -0.0342048
385 -0.415458 -0.0257917 -0.0669053
386 -0.462579 -0.0248451 0.0944042
387 -0.509673 -0.201248 -0.103554
388 -0.493421 -0.165188 -0.102289
389 -0.509243 -0.070457 -0.0619309
390 -0.499758 -0.0698626 -0.100288
391 -0.466149 -0.125445 0.0988761
392 -0.447867 -0.101025 0.0730028
393 -0.486235 -0.11134 0.0740568
394 -0.48455 -0.0778685 -0.075595
395 -0.387789 -0.0727475 -0.000626075
396 -0.443123 -0.00685439 -0.0558541
397 -0.454627 -0.0442909 -0.0740739
398 -0.554056 -0.138172 -0.103648
399 -0.414052 -0.107149 0.0969442
400 -0.442599 -0.159083 -0.0172433
401 -0.485192 -0.219696 0.101531
402 -0.477016 -0.157799 -0.00291965
403 -0.484421 -0.133103 0.0110436
404 -0.400402 -0.0352779 0.0944789
405 -0.409448 -0.106723 -0.0996224
406 -0.405318 -0.0659044 -0.0983578
407 -0.46528 0.00883617 -0.0752578
408 -0.508267 -0.0933381 -0.100915
409 -0.42964 -0.141459 -0.0531211
410 -0.429515 -0.129475 -0.00465889
411 -0.451622 -0.111989 -0.0359915
412 -0.501177 -0.208596 0.0435231
413 -0.446094 -0.13169 0.0337991
414 -0.44446 -0.169041 0.0647693
415 -0.460864 -0.203913 0.0455716
416 -0.375078 -0.0565433 -0.00170607
417 -0.380228 -0.093857 0.0308491
418 -0.434444 -0.131694 0.098343
419 -0.506081 -0.0953003 0.0998638
420 -0.372836 -0.0562098 0.0948147
421 -0.444272 -0.0674794 -0.0988026
422 -0.477085 -0.192664 -0.102363
423 -0.482811 -0.222309 0.0696247
424 -0.446772 -0.0992927 0.0975487
425 -0.477568 -0.0957726 0.0983791
426 -0.3809 -0.0830653 -0.0985932
427 -0.386845 -0.115095 -0.0650632
428 -0.471524 -0.0316753 -0.0975744
429 -0.420308 -0.0535941 -0.072873
430 -0.433039 -0.0141611 0.0305992
431 -0.486948 -0.219385 -0.102645
432 -0.374233 -0.055919 -0.0976154
433 -0.479723 -0.0602301 -0.0994223
434 -0.556811 -0.167331 -0.104868
435 -0.379324 -0.0525311 0.0342301
436 -0.401462 -0.0346764 -0.096189
437 -0.392656 -0.0422765 -0.0743543
438 -0.41848 -0.155077 0.0159354
439 -0.458386 0.00568009 -0.0954273
440 -0.428119 -0.0144476 0.0931436
441 -0.466846 0.0101149 0.0705775
442 -0.42426 -0.0434475 -0.097364
443 -0.44453 -0.0307137 -0.0968661
444 -0.383232 -0.0808195 0.0758935
445 -0.393304 -0.0863288 0.0961257
446 -0.372117 -0.0587624 -0.0638278
447 -0.457531 0.00549086 0.0925937
448 -0.478043 -0.226976 0.0375621
449 -0.51712 -0.196833 0.018608
450 -0.429435 -0.0146338 -0.0962555
451 -0.355603 -0.0701968 0.0618646
452 -0.401567 -0.13825 0.0977689
453 -0.336679 -0.173475 0.00720039
454 -0.328362 -0.202925 0.0399828
455 -0.307492 -0.172345 0.0298644
456 -0.332182 -0.154357 0.0394674
457 -0.378115 -0.230047 0.0986817
458 -0.360597 -0.212484 0.0706809
459 -0.381576 -0.251141 0.0602552
460 -0.396934 -0.213322 0.0679386
461 -0.344638 -0.0791119 -0.0505965
462 -0.346481 -0.0771459 -0.0795709
463 -0.35206 -0.100712 -0.0766498
464 -0.368699 -0.265036 -0.00464546
465 -0.408681 -0.282649 -0.00252387
466 -0.381638 -0.268768 -0.035037
467 -0.386086 -0.300995 -0.0249152
468 -0.325596 -0.197751 -0.0669749
469 -0.338456 -0.185524 -0.0325653
470 -0.360976 -0.186735 -0.0645544
471 -0.344778 -0.215319 -0.0368367
472 -0.354221 -0.237567 0.0207885
473 -0.340163 -0.23394 0.0582542
474 -0.364582 -0.272106 0.0400414
475 -0.415005 -0.244245 0.0750648
476 -0.410191 -0.246198 -0.101635
477 -0.424906 -0.269706 -0.0694475
478 -0.415932 -0.276723 -0.101653
479 -0.413911 -0.244177 -0.0755998
480 -0.346773 -0.231296 -0.0739152
481 -0.37138 -0.235047 -0.0420443
482 -0.386651 -0.225281 -0.0740738
483 -0.323622 -0.0951729 0.0489046
484 -0.329851 -0.123788 0.0594863
485 -0.32957 -0.0898128 0.0750305
486 -0.344435 -0.113564 0.0431856
487 -0.320262 -0.0968412 0.0961522
488 -0.329091 -0.130374 0.0967714
489 -0.299759 -0.113726 0.0740794
490 -0.345342 -0.0789512 -0.0185199
491 -0.344692 -0.0792213 0.0196364
492 -0.361721 -0.10647 -0.00896949
493 -0.363406 -0.188755 0.0263184
494 -0.376473 -0.178704 0.0705409
495 -0.345603 -0.169236 0.0613821
496 -0.339677 -0.2153 -0.10133
497 -0.319506 -0.178193 -0.101052
498 -0.309432 -0.21005 -0.101437
499 -0.374158 -0.212449 0.0444833
500 -0.402858 -0.156411 -0.0219892
501 -0.400073 -0.130527 0.000637387
502 -0.406376 -0.197921 0.0296276
503 -0.439887 -0.218664 0.0179038
504 -0.412777 -0.237447 0.033776
505 -0.434772 -0.201514 0.0368041
506 -0.383178 -0.193642 -0.0371279
507 -0.408861 -0.219659 -0.043085
508 -0.420922 -0.177528 -0.0503641
509 -0.399978 -0.198421 -0.0725795
510 -0.447145 -0.218085 -0.0112005
511 -0.44456 -0.220769 -0.0372477
512 -0.431988 -0.215816 0.0600733
513 -0.412053 -0.176274 0.0697291
514 -0.391845 -0.160538 0.0157471
515 -0.389229 -0.170867 0.044254
516 -0.384973 -0.175076 -0.10084
517 -0.403906 -0.21 -0.10142
518 -0.415322 -0.180244 -0.101291
519 -0.40451 -0.254019 -0.037666
520 -0.431991 -0.264035 -0.0333586
521 -0.405752 -0.252351 -0.00354121
522 -0.425688 -0.237834 -0.0331199
523 -0.427046 -0.196683 -0.0266483
524 -0.447797 -0.202349 -0.0571574
525 -0.333889 -0.207574 -0.00254308
526 -0.30333 -0.199681 0.00715283
527 -0.433812 -0.226581 -0.101802
528 -0.439871 -0.257209 -0.101982
529 -0.428089 -0.18684 0.00388961
530 -0.364401 -0.10839 0.0609133
531 -0.375976 -0.308825 0.0147357
532 -0.389439 -0.262803 0.0218259
533 -0.403855 -0.139448 -0.0796566
534 -0.463672 -0.237464 0.0624319
535 -0.451117 -0.217035 0.078748
536 -0.407605 -0.28365 -0.0433695
537 -0.469421 -0.234038 0.00553359
538 -0.39356 -0.198628 -0.00567523
539 -0.38161 -0.23182 0.0179434
540 -0.391442 -0.258939 -0.0661099
541 -0.363171 -0.179726 -0.0159208
542 -0.382847 -0.122878 -0.0263763
543 -0.335604 -0.124061 -0.0223706
544 -0.365322 -0.145386 -0.040429
545 -0.354775 -0.108461 -0.0456649
546 -0.307325 -0.139741 0.0313343
547 -0.304048 -0.147305 0.0665438
548 -0.272636 -0.175397 0.0534426
549 -0.262752 -0.144171 0.0297596
550 -0.449433 -0.24958 -0.0652097
551 -0.463626 -0.238039 -0.102303
552 -0.289826 -0.122533 0.00443733
553 -0.286026 -0.162539 0.00762974
554 -0.385336 -0.236016 -0.0136249
555 -0.429591 -0.216639 -0.0716994
556 -0.454838 -0.207134 -0.101598
557 -0.306427 -0.214057 -0.028206
558 -0.412238 -0.150932 -0.100558
559 -0.428063 -0.171927 -0.0776598
560 -0.386282 -0.110908 0.0012746
561 -0.295834 -0.117994 -0.0636543
562 -0.302834 -0.145576 -0.0253946
563 -0.278237 -0.13207 -0.0353119
564 -0.31425 -0.103286 -0.0372708
565 -0.314227 -0.103007 0.0225518
566 -0.277077 -0.168528 -0.0518047
567 -0.285816 -0.165035 -0.101141
568 -0.300959 -0.144156 -0.0752626
569 -0.271941 -0.13707 -0.0763654
570 -0.357087 -0.145373 0.0365561
571 -0.338041 -0.156938 -0.0294815
572 -0.416574 -0.275546 0.0584373
573 -0.394257 -0.158803 -0.0692696
574 -0.366316 -0.186436 0.098118
575 -0.334297 -0.169897 0.0975045
576 -0.339568 -0.210303 0.098037
577 -0.329611 -0.206678 0.0763361
578 -0.401803 -0.136513 -0.0510674
579 -0.362695 -0.136903 -0.0743659
580 -0.370788 -0.204153 -0.101278
581 -0.322937 -0.141109 0.00462408
582 -0.300213 -0.114465 -0.0178487
583 -0.302539 -0.180829 0.0668578
584 -0.298224 -0.156697 0.0969779
585 -0.311251 -0.136359 -0.1005
586 -0.319585 -0.098734 -0.0712691
587 -0.296121 -0.117532 -0.100264
588 -0.385417 -0.115417 0.0969519
589 -0.31411 -0.175952 -0.0123592
590 -0.341271 -0.248978 0.0983418
591 -0.346207 -0.259501 0.0741533
592 -0.366049 -0.144117 0.0973466
593 -0.40213 -0.288121 -0.0747825
594 -0.39253 -0.266486 -0.101644
595 -0.371163 -0.287586 -0.0800989
596 -0.416687 -0.222122 -0.00497272
597 -0.375392 -0.238841 -0.10139
598 -0.369235 -0.275632 -0.101596
599 -0.36549 -0.260436 -0.0749421
600 -0.365042 -0.142753 -0.00110125
601 -0.383498 -0.144069 0.0681568
602 -0.390091 -0.166279 0.097922
603 -0.329957 -0.130648 -0.0604164
604 -0.358089 -0.101225 0.0962603
605 -0.353228 -0.179429 -0.101004
606 -0.365421 -0.159008 -0.100672
607 -0.321546 -0.0967764 -0.0995203
608 -0.338783 -0.112525 -0.0996578
609 -0.352699 -0.139355 0.0689931
610 -0.398585 -0.290383 0.0376643
611 -0.407758 -0.248507 0.099205
612 -0.391743 -0.264729 0.0991541
613 -0.313343 -0.157528 -0.0474422
614 -0.430451 -0.197634 -0.101499
615 -0.301308 -0.187862 -0.0433841
616 -0.410698 -0.146192 0.0492268
617 -0.335179 -0.161261 -0.071437
618 -0.281447 -0.187097 -0.0178868
619 -0.318372 -0.0999808 -0.00432706
620 -0.346843 -0.119665 0.0161243
621 -0.362681 -0.216811 -0.0102011
622 -0.454233 -0.245492 0.0363241
623 -0.440466 -0.256025 0.0709347
624 -0.379763 -0.129058 0.0364077
625 -0.368207 -0.273007 0.0987578
626 -0.390588 -0.296045 0.0991813
627 -0.395551 -0.292346 0.0720441
628 -0.342603 -0.254343 -0.101486
629 -0.389464 -0.298362 -0.0542852
630 -0.394604 -0.19366 0.0986221
631 -0.346139 -0.263737 -0.0444277
632 -0.459263 -0.242096 -0.0288808
633 -0.439624 -0.257657 0.00581812
634 -0.36713 -0.109739 -0.099587
635 -0.381001 -0.140138 -0.100298
636 -0.346987 -0.144508 -0.100412
637 -0.347204 -0.0761605 -0.0987388
638 -0.419142 -0.273873 0.0273366
639 -0.42065 -0.168727 0.0987559
640 -0.41907 -0.214387 0.0993861
641 -0.300255 -0.179834 -0.0764867
642 -0.414418 -0.27665 0.099458
643 -0.293187 -0.119605 0.0414171
644 -0.334614 -0.249264 -0.0170881
645 -0.453671 -0.21603 0.100252
646 -0.263874 -0.143505 -0.00484889
647 -0.392062 -0.296257 -0.101603
648 -0.433778 -0.262034 0.0396308
649 -0.269796 -0.137524 0.0965056
650 -0.269444 -0.138332 0.0662943
651 -0.346222 -0.0764527 0.095504
652 -0.294826 -0.117281 0.0963119
653 -0.268648 -0.166412 0.097031
654 -0.307773 -0.19512 0.0975953
655 -0.368939 -0.287683 -0.0577843
656 -0.438068 -0.257303 0.100164
657 -0.461671 -0.237839 0.100561
658 -0.270923 -0.137758 -0.100879
659 -0.376553 -0.308003 0.0532754
660 -0.345824 -0.301105 0.0419695
661 -0.294431 -0.374162 -0.101886
662 -0.278866 -0.354575 -0.0703249
663 -0.319013 -0.354854 -0.101715
664 -0.316166 -0.357002 -0.0711974
665 -0.224462 -0.284286 -0.0686557
666 -0.217851 -0.27532 -0.102397
667 -0.252868 -0.271541 -0.102081
668 -0.228403 -0.252495 -0.102289
669 -0.249626 -0.190697 -0.0442746
670 -0.257595 -0.179366 -0.0128719
671 -0.243117 -0.242075 0.00784102
672 -0.21163 -0.268227 -0.0149805
673 -0.234517 -0.247566 -0.0238547
674 -0.21151 -0.221054 -0.00157831
675 -0.255107 -0.274969 0.020107
676 -0.224371 -0.285217 0.0416446
677 -0.221587 -0.281398 0.0118076
678 -0.236669 -0.257028 0.0414636
679 -0.326097 -0.311295 0.0591062
680 -0.321996 -0.351604 0.0649161
681 -0.337347 -0.339659 0.0418597
682 -0.304556 -0.331631 0.031551
683 -0.246575 -0.157318 -0.059141
684 -0.244676 -0.158717 -0.0235883
685 -0.344042 -0.284417 -0.101617
686 -0.310338 -0.266132 0.0981346
687 -0.308177 -0.244067 0.0599983
688 -0.305117 -0.283949 0.0727876
689 -0.331583 -0.270275 0.0534644
690 -0.354124 -0.325925 0.0687988
691 -0.212097 -0.222998 0.0350139
692 -0.201442 -0.255275 0.0161276
693 -0.264159 -0.298276 -0.0141773
694 -0.240534 -0.306014 0.0203543
695 -0.251883 -0.320416 -0.0111288
696 -0.231394 -0.293825 -0.0100971
697 -0.272337 -0.253098 0.0577023
698 -0.304408 -0.283968 0.0337176
699 -0.296643 -0.2705 -0.0305002
700 -0.258765 -0.273635 -0.0393084
701 -0.294735 -0.264389 -0.0698155
702 -0.27516 -0.243508 -0.0372761
703 -0.267417 -0.237049 0.0339144
704 -0.235424 -0.229534 0.0620012
705 -0.244186 -0.215613 0.0292629
706 -0.291048 -0.320154 -0.0290053
707 -0.284922 -0.282478 -0.00725673
708 -0.283616 -0.294696 -0.0504025
709 -0.340977 -0.337227 -0.02554
710 -0.294074 -0.315954 0.00448717
711 -0.316579 -0.356465 -0.00962051
712 -0.321239 -0.299338 -0.0203551
713 -0.367863 -0.315838 -0.101508
714 -0.379583 -0.306329 -0.0765933
715 -0.31659 -0.356587 -0.039594
716 -0.306473 -0.326102 -0.0561462
717 -0.280463 -0.356793 -0.0427265
718 -0.309975 -0.231163 0.0978208
719 -0.298088 -0.215468 0.0678243
720 -0.295603 -0.335119 0.0727032
721 -0.355345 -0.290539 0.0691772
722 -0.339464 -0.289023 0.0984635
723 -0.307961 -0.302521 0.0981803
724 -0.351848 -0.291236 -0.0244239
725 -0.229315 -0.17021 0.0705329
726 -0.248111 -0.19547 0.0972722
727 -0.312341 -0.240866 -0.0543089
728 -0.217091 -0.180616 -0.0394704
729 -0.231821 -0.202863 -0.0225468
730 -0.244667 -0.158593 0.00640425
731 -0.282515 -0.257476 0.0177191
732 -0.277147 -0.223861 0.00290371
733 -0.215513 -0.226099 -0.102283
734 -0.199054 -0.194957 -0.0723948
735 -0.24577 -0.205197 -0.0726376
736 -0.215468 -0.219961 -0.0514248
737 -0.338386 -0.275664 0.0138358
738 -0.334973 -0.307651 0.0136368
739 -0.267442 -0.241816 -0.0699591
740 -0.258938 -0.280002 -0.0745647
741 -0.274941 -0.307147 0.097931
742 -0.249736 -0.318201 0.0617191
743 -0.261196 -0.288392 0.0621664
744 -0.246917 -0.314851 0.0977499
745 -0.191073 -0.240966 -0.073521
746 -0.18906 -0.238687 -0.0509384
747 -0.24709 -0.224767 -0.0479325
748 -0.280401 -0.207505 -0.0595545
749 -0.26672 -0.217575 -0.024671
750 -0.202679 -0.255502 -0.102436
751 -0.172094 -0.216132 -0.102623
752 -0.205931 -0.261349 0.0613222
753 -0.269909 -0.187098 -0.101559
754 -0.296749 -0.241779 -0.0119898
755 -0.200036 -0.19362 0.0259768
756 -0.246517 -0.202492 0.00900296
757 -0.1957 -0.197282 -0.00595164
758 -0.190802 -0.201283 -0.0349854
759 -0.191147 -0.2416 -0.0256971
760 -0.311184 -0.237505 0.0218181
761 -0.303926 -0.219264 -0.0766798
762 -0.233161 -0.295066 -0.102297
763 -0.356751 -0.324171 0.038813
764 -0.225441 -0.174082 -0.0748041
765 -0.243925 -0.267835 0.0758687
766 -0.280118 -0.250237 0.097742
767 -0.250491 -0.235166 0.0974948
768 -0.294173 -0.37422 -0.051877
769 -0.279579 -0.216314 0.0974898
770 -0.300861 -0.328441 -0.101789
771 -0.334653 -0.34239 -0.0805641
772 -0.23031 -0.169765 0.0358163
773 -0.246995 -0.156229 0.0597205
774 -0.241799 -0.195369 0.049679
775 -0.2935 -0.374195 0.0481704
776 -0.276002 -0.351767 0.0385907
777 -0.283191 -0.254302 -0.101796
778 -0.232397 -0.209189 0.0780106
779 -0.205176 -0.223969 0.0731981
780 -0.366414 -0.315606 0.0988494
781 -0.342549 -0.335762 0.0103034
782 -0.222154 -0.176437 -0.00132292
783 -0.268955 -0.185749 0.018595
784 -0.282287 -0.209749 0.0379425
785 -0.293906 -0.374191 -0.0018638
786 -0.27459 -0.349487 -0.0142107
787 -0.279969 -0.356555 0.0126277
788 -0.221469 -0.177332 -0.102048
789 -0.240532 -0.200214 -0.101934
790 -0.313991 -0.358261 0.0255616
791 -0.204869 -0.259129 -0.0500672
792 -0.230557 -0.24556 -0.0772597
793 -0.284382 -0.279563 0.0979434
794 -0.262266 -0.334009 0.0187399
795 -0.276909 -0.313897 -0.0713774
796 -0.244829 -0.310671 -0.0726188
797 -0.239747 -0.304467 -0.040514
798 -0.204874 -0.189531 0.0635954
799 -0.220103 -0.177209 0.0971592
800 -0.220986 -0.198174 0.097266
801 -0.195396 -0.196617 0.0971092
802 -0.171156 -0.21619 0.0222088
803 -0.171338 -0.216288 -0.00275288
804 -0.184869 -0.233923 0.0353539
805 -0.225447 -0.286811 0.0721246
806 -0.231658 -0.295009 0.0976052
807 -0.309139 -0.298614 -0.0770395
808 -0.342114 -0.335171 0.0986222
809 -0.265393 -0.213811 0.0677913
810 -0.263653 -0.334746 -0.102049
811 -0.366192 -0.317063 -0.0473166
812 -0.308997 -0.273288 0.00168283
813 -0.262035 -0.33314 -0.0503761
814 -0.286729 -0.315384 0.0544441
815 -0.273711 -0.297991 0.0257903
816 -0.237064 -0.255429 -0.0540475
817 -0.334482 -0.271789 -0.0763647
818 -0.251174 -0.275186 0.0976438
819 -0.338617 -0.339117 -0.0557676
820 -0.338722 -0.302565 -0.0603434
821 -0.280701 -0.186357 0.0973761
822 -0.312019 -0.238631 -0.101606
823 -0.17166 -0.216259 -0.0526438
824 -0.289489 -0.28947 -0.101859
825 -0.269057 -0.30556 -0.10201
826 -0.196805 -0.196837 -0.102353
827 -0.319166 -0.278741 -0.0490976
828 -0.263728 -0.260904 -0.0101447
829 -0.293294 -0.374142 0.0731708
830 -0.317699 -0.354689 0.098365
831 -0.296717 -0.337575 0.0981384
832 -0.363035 -0.319457 -0.0144059
833 -0.262285 -0.334604 0.0978891
834 -0.326051 -0.304229 -0.10166
835 -0.355495 -0.325697 -0.0768285
836 -0.376907 -0.307401 0.0793165
837 -0.208105 -0.262951 -0.0793969
838 -0.244868 -0.157551 0.0969336
839 -0.24611 -0.157688 -0.101579
840 -0.218722 -0.223609 0.0973292
841 -0.2807 -0.21787 -0.101709
842 -0.171004 -0.216154 0.0471524
843 -0.186873 -0.23667 0.0680346
844 -0.183375 -0.206246 0.0751087
845 -0.201289 -0.255399 0.097372
846 -0.227584 -0.252168 0.0974597
847 -0.170709 -0.215916 0.0970954
848 -0.185999 -0.235672 0.097227
849 -0.315477 -0.271603 -0.101684
850 -0.222327 -0.281905 -0.036139
851 -0.275439 -0.351297 0.0692431
852 -0.29371 -0.374204 0.0231537
853 -0.294048 -0.374227 -0.0268775
854 -0.293644 -0.192647 -0.101338
855 -0.343487 -0.33534 -0.101593
856 -0.250674 -0.236643 -0.102008
857 -0.170835 -0.216022 0.0721114
858 -0.277663 -0.354361 0.0980221
859 -0.216429 -0.275236 0.0974725
860 -0.293093 -0.374064 0.098159
861 -0.242669 -0.271217 0.000872825
862 -0.244657 -0.283286 0.00677623
863 -0.25237 -0.302159 0.0031075
864 -0.260668 -0.311402 0.00372423
865 -0.232904 -0.270717 -0.0169796
866 -0.234037 -0.258674 0.00951902
867 -0.235926 -0.188295 0.0331675
868 -0.229999 -0.194884 0.0429658
869 -0.217535 -0.179624 0.0496935
870 -0.317941 -0.335158 0.0851252
871 -0.264385 -0.206138 0.0234875
872 -0.271937 -0.199876 0.0127656
873 -0.263954 -0.194893 -0.00446008
874 -0.263285 -0.182526 0.00280992
875 -0.257635 -0.210793 -0.00956428
876 -0.248397 -0.314909 -0.10218
877 -0.256939 -0.308108 -0.0873136
878 -0.354933 -0.295052 -0.0702034
879 -0.194674 -0.229126 0.0536314
880 -0.178935 -0.226416 0.0575835
881 -0.177159 -0.211216 0.0610606
882 -0.209234 -0.22339 0.0507782
883 -0.216392 -0.238048 0.0853362
884 -0.203051 -0.241149 0.0864004
885 -0.266154 -0.161312 -0.0801581
886 -0.274542 -0.152764 -0.064052
887 -0.26235 -0.144861 -0.0471618
888 -0.260812 -0.163641 -0.0376729
889 -0.299218 -0.3569 -0.0576654
890 -0.286516 -0.364399 -0.0611003
891 -0.286551 -0.292056 -0.0761297
892 -0.29332 -0.306137 -0.0742578
893 -0.272104 -0.164178 -0.0110487
894 -0.247677 -0.180656 -0.0881405
895 -0.249003 -0.168442 0.0838062
896 -0.24561 -0.157108 0.0839723
897 -0.257138 -0.161069 0.0771375
898 -0.268938 -0.150465 0.0793942
899 -0.285454 -0.157524 0.0824395
900 -0.287348 -0.149727 0.0852067
901 -0.286628 -0.142353 0.0817927
902 -0.28538 -0.17369 0.0821409
903 -0.317523 -0.32658 -0.0105292
904 -0.226245 -0.269673 -0.0841427
905 -0.339901 -0.100195 0.0537037
906 -0.347732 -0.0997088 0.0492468
907 -0.43308 -0.230701 0.0769473
908 -0.425557 -0.215042 0.0797478
909 -0.468841 -0.218134 0.0903021
910 -0.463004 -0.201852 0.0877554
911 -0.466921 -0.199922 0.100604
912 -0.471921 -0.230332 0.0859313
913 -0.350648 -0.172978 -0.0485043
914 -0.34983 -0.153617 -0.0563908
915 -0.36189 -0.156465 -0.0706699
916 -0.350296 -0.160179 -0.0860735
917 -0.363116 -0.172985 -0.082534
918 -0.380013 -0.158766 -0.0849926
919 -0.383019 -0.157945 -0.100649
920 -0.39881 -0.157377 -0.045734
921 -0.408887 -0.151921 -0.0508489
922 -0.445265 -0.225395 0.0365103
923 -0.436744 -0.217658 0.0343967
924 -0.404191 -0.270111 0.0788121
925 -0.439138 -0.200004 -0.0793559
926 -0.428891 -0.199559 -0.0740144
927 -0.394689 -0.249831 0.0797238
928 -0.379153 -0.07255 -0.0150274
929 -0.38215 -0.0665264 -0.0138137
930 -0.46688 -0.211629 -0.0422375
931 -0.478716 -0.209369 -0.0587396
932 -0.487976 -0.198228 -0.0693965
933 -0.491197 -0.182923 -0.0654298
934 -0.322028 -0.113474 0.0410036
935 -0.309512 -0.121509 0.0494571
936 -0.316673 -0.133191 0.0429908
937 -0.367452 -0.0757982 -0.00910799
938 -0.367877 -0.0759324 0.0087703
939 -0.373887 -0.0905328 -0.00495751
940 -0.383501 -0.0626444 0.0167731
941 -0.395584 -0.0539588 0.00735414
942 -0.401582 -0.0703599 0.0150479
943 -0.408949 -0.0669674 -0.00018937
944 -0.404439 -0.084181 -0.00296338
945 -0.325037 -0.110374 0.0778649
946 -0.317258 -0.0998195 0.07467
947 -0.329635 -0.102152 0.0693866
948 -0.342694 -0.113564 0.076346
949 -0.446914 -0.00337949 -0.0859485
950 -0.455098 -0.0103417 -0.0856509
951 -0.447911 -0.0173886 -0.0805726
952 -0.443981 -0.0206457 -0.0794913
953 -0.452706 -0.026854 -0.0850268
954 -0.453853 -0.0062313 -0.0958814
955 -0.461579 -0.00471004 -0.0835892
956 -0.526109 -0.0845289 0.0556343
957 -0.543803 -0.0819256 0.0481837
958 -0.525217 -0.0758874 0.0430155
959 -0.531829 -0.0558063 0.0415719
960 -0.550242 -0.0981865 0.0388137
961 -0.512045 -0.0915278 0.0626732
962 -0.474664 -0.0593744 0.079058
963 -0.479015 -0.0375183 0.0818502
964 -0.490151 -0.0640142 0.0817756
965 -0.475217 -0.00191355 0.0777723
966 -0.488194 -0.0697408 0.0472801
967 -0.493442 -0.0866674 0.0838581
968 -0.509338 -0.186202 0.0882271
969 -0.517169 -0.194653 0.0906759
970 -0.525524 -0.153609 0.0888415
971 -0.537271 -0.148747 0.102889
972 -0.530763 -0.171684 0.0878963
973 -0.524579 -0.17472 0.0894556
974 -0.568277 -0.140577 -0.0390847
975 -0.571917 -0.139413 -0.0242336
976 -0.555508 -0.14194 -0.0519867
977 -0.473915 -0.024471 0.0153185
978 -0.472644 -0.0343811 0.0116022
979 -0.467604 -0.047097 -0.000618377
980 -0.463837 -0.0458455 -0.0135759
981 -0.450666 -0.0544004 -0.00827438
982 -0.482348 -0.0409985 -0.0135575
983 -0.491434 -0.0296248 -0.00475334
984 -0.48804 -0.0245036 -0.00290354
985 -0.479159 -0.0757289 0.0495635
986 -0.516654 -0.135725 -0.0901035
987 -0.519598 -0.151981 -0.0856416
988 -0.452867 -0.0724673 0.0687436
989 -0.626835 -0.0900645 -0.00196977
990 -0.629911 -0.087721 -0.00489331
991 -0.577712 -0.0715752 0.0899592
992 -0.57108 -0.0643533 0.0909647
993 -0.571097 0.0479297 0.0329531
994 -0.575379 0.0673806 0.0353234
995 -0.558855 0.0434779 0.0465747
996 -0.59421 -0.0560183 0.0805258
997 -0.629327 -0.0595086 0.0735236
998 -0.636251 -0.0430351 0.0901994
999 -0.627535 -0.0547547 0.103702
1000 -0.63437 -0.0357018 0.0861574
1001 -0.62566 -0.0707257 0.0736283
1002 -0.643003 -0.0591709 -0.0839583
1003 -0.646235 -0.0514991 -0.0710455
1004 -0.630107 -0.00477326 -0.0623959
1005 -0.635692 -0.0120877 -0.0614601
1006 -0.630495 0.00423541 -0.0474482
1007 -0.646235 0.0212917 -0.0452575
1008 -0.634834 -0.0251471 -0.0872903
1009 -0.595447 -0.115933 0.0949863
1010 -0.58709 -0.118541 0.0887979
1011 -0.578117 -0.124355 0.104524
1012 -0.58813 -0.064277 -0.0493718
1013 -0.345915 -0.195867 0.0331734
1014 -0.544845 -0.0125557 0.0352739
1015 -0.623781 0.0281175 0.0856647
1016 -0.56695 -0.0613516 0.0507257
1017 -0.597099 0.0616739 -0.0786471
1018 -0.577702 -0.0328738 0.0527196
1019 -0.313862 -0.312725 -0.0382489
1020 -0.503023 -0.0421537 0.03218
1021 -0.412131 -0.0934296 -0.0801193
1022 -0.588707 0.0280478 0.0472611
1023 -0.646235 -0.0010511 0.0787283
1024 -0.560054 -0.0100026 0.0414325
1025 -0.273409 -0.177841 -0.0766682
1026 -0.329632 -0.236154 -0.0641007
1027 -0.32294 -0.243313 0.0023034
1028 -0.334981 -0.272976 0.0336653
