1 -0.552051 -0.0892431 -0.0410428
2 -0.580144 -0.117745 -0.0403406
3 -0.56639 -0.0799889 -0.0094435
4 -0.586125 -0.0822562 -0.0443885
5 -0.613847 -0.133378 0.0370515
6 -0.608637 -0.092865 0.0136025
7 -0.626904 -0.125872 0.00458394
8 -0.618201 -0.102032 0.0458214
9 -0.621322 -0.0685065 0.0573499
10 -0.618927 -0.0440746 0.0310554
11 -0.594344 -0.0780649 0.0455977
12 -0.52197 -0.0162546 -0.0695357
13 -0.495151 -0.0125421 -0.0555254
14 -0.50313 -0.00430233 -0.0968016
15 -0.496642 0.0239692 -0.0688053
16 -0.540787 -0.0606101 0.0995077
17 -0.520971 -0.0653055 0.0613427
18 -0.551625 -0.0521935 0.0729629
19 -0.522788 -0.0516818 0.0804577
20 -0.596723 0.0410441 0.0317412
21 -0.646235 0.0407607 0.00518143
22 -0.614674 0.021137 0.0393774
23 -0.646235 0.0730172 0.0271599
24 -0.54915 0.022207 -0.0686866
25 -0.54236 0.0129539 -0.0959753
26 -0.554059 0.057055 -0.093835
27 -0.535104 0.0460469 -0.0620313
28 -0.564657 0.0400201 -0.0949351
29 -0.619122 -0.0257132 -0.0436125
30 -0.594219 -0.0404671 -0.0571823
31 -0.603421 -0.0597352 -0.0449665
32 -0.617299 -0.0362837 -0.0757173
33 -0.592501 -0.10486 -0.0112566
34 -0.568587 -0.0912187 0.0278433
35 -0.588603 -0.116872 0.0321508
36 -0.576268 -0.119596 0.001791
37 -0.616741 0.0080133 -0.0132762
38 -0.646235 0.0020105 0.000880758
39 -0.646235 0.0175192 -0.0293126
40 -0.575793 -0.0455691 0.034211
41 -0.588359 -0.0508068 0.0640578
42 -0.609358 -0.011008 0.0456315
43 -0.646235 0.1 -0.025
44 -0.646235 0.1 0
45 -0.646235 0.0734273 -0.0112679
46 -0.594096 0.0733434 -0.0239882
47 -0.542638 -0.0541084 0.0238325
48 -0.566699 -0.0357985 -0.00437852
49 -0.646235 0.0473314 0.0508233
50 -0.599857 0.0470544 0.0652578
51 -0.634857 -0.0756066 0.105402
52 -0.646474 -0.112087 0.0784983
53 -0.647701 -0.110881 0.106698
54 -0.640781 -0.0830577 0.0704195
55 -0.578158 -0.00588025 0.0224095
56 -0.619217 -0.00122425 0.0155444
57 -0.511622 -0.0259076 0.0372734
58 -0.51624 -0.0371627 -0.00342406
59 -0.545695 -0.0116181 0.01033
60 -0.646235 -0.0492512 -0.0296903
61 -0.624307 -0.0535079 -0.0133032
62 -0.630945 -0.069431 -0.0636343
63 -0.618541 -0.0941279 -0.0291604
64 -0.639734 -0.0833134 0.0168459
65 -0.644364 -0.0881909 -0.0188389
66 -0.593865 -0.0710692 -0.0759947
67 -0.646235 -0.032644 -0.00155263
68 -0.646235 -0.0459375 0.024835
69 -0.646235 -0.0165666 0.0283487
70 -0.59507 -0.059929 -0.0198346
71 -0.59096 -0.0617059 0.0080624
72 -0.532876 0.0179355 -0.0404178
73 -0.512237 0.0019981 0.0061689
74 -0.548984 0.0214633 0.0379598
75 -0.557684 0.0192288 -0.00551711
76 -0.530105 0.0424105 -0.0259559
77 -0.570835 0.0191776 -0.0357179
78 -0.588928 -0.0249551 0.100134
79 -0.586483 0.0107086 0.0964611
80 -0.57863 -0.0214661 0.0709798
81 -0.613259 0.0103312 0.0739018
82 -0.53843 -0.0146983 -0.0317058
83 -0.563651 -0.122461 0.0660149
84 -0.559792 -0.0799247 0.0675323
85 -0.592047 -0.105695 0.0634205
86 -0.594424 -0.0294078 -0.017067
87 -0.594775 -0.00646852 -0.0301154
88 -0.56793 -0.0140702 -0.0213238
89 -0.569271 -0.0474269 -0.0429093
90 -0.650554 -0.111864 -0.0784206
91 -0.646235 -0.0667146 -0.0503956
92 -0.646235 -0.1 -0.05
93 -0.653077 -0.1112 -0.0415723
94 -0.559027 -0.0413056 0.0987907
95 -0.578468 -0.0586862 0.101203
96 -0.520794 0.0385803 -0.0936111
97 -0.576566 -0.0273242 -0.0997484
98 -0.578701 0.00797713 -0.0973488
99 -0.610151 -0.00719165 -0.07364
100 -0.587747 -0.0108833 -0.056868
101 -0.607443 -0.0246119 0.00709605
102 -0.553057 -0.13165 0.0214235
103 -0.600784 0.046568 -0.0947175
104 -0.646235 0.0668459 -0.0654286
105 -0.600041 0.0276301 -0.0647396
106 -0.580533 0.0476018 -0.0554978
107 -0.590067 -0.1498 0.0380763
108 -0.581927 0.0145762 0.0640337
109 -0.580868 -0.100647 0.104511
110 -0.592057 -0.071359 0.0817219
111 -0.615007 -0.0959102 0.0810906
112 -0.613366 -0.131632 0.0874316
113 -0.553288 0.0576691 0.092747
114 -0.563797 0.0332147 0.0933842
115 -0.549031 0.0275803 0.0678517
116 -0.519199 0.0387684 0.091084
117 -0.646235 -0.0156538 -0.0295892
118 -0.646235 -0.000828139 -0.0523479
119 -0.646235 -0.0319327 -0.0645593
120 -0.559498 -0.0992169 0.102555
121 -0.497216 -0.00456925 0.0936171
122 -0.486247 0.0194199 0.0922037
123 -0.516909 0.00319727 0.0685423
124 -0.561554 -0.00875706 -0.0641209
125 -0.646235 -0.00138515 -0.0714992
126 -0.602988 -0.0640042 0.103481
127 -0.560378 -0.00599438 0.0961307
128 -0.543759 -0.0172532 0.0599947
129 -0.590458 0.0096365 -9.14131e-05
130 -0.597653 0.0506868 0.000825694
131 -0.563479 0.0341818 0.016563
132 -0.623179 -0.0128016 -0.0186269
133 -0.618031 -0.0361825 0.0762572
134 -0.593495 -0.0516097 -0.101713
135 -0.573624 -0.040627 -0.0765807
136 -0.602272 -0.0989391 -0.0559773
137 -0.614552 -0.133388 -0.0253165
138 -0.614583 0.0117791 -0.0413131
139 -0.646235 0.0232858 0.0686351
140 -0.646235 -0.00210221 0.0574566
141 -0.557046 -0.125596 0.102586
142 -0.536127 -0.0588108 -0.0266445
143 -0.538062 -0.0948478 0.100928
144 -0.526257 0.0395314 0.00835024
145 -0.557447 0.0565777 -0.0124147
146 -0.654145 -0.1116 -0.00413397
147 -0.646235 -0.0685292 0.00314744
148 -0.646235 0.0776621 -0.0377538
149 -0.599488 0.0389965 -0.0263257
150 -0.543245 -0.0232137 -0.098368
151 -0.539278 -0.0491012 -0.064851
152 -0.534089 0.00724114 0.0939656
153 -0.528163 -0.0294516 0.0961805
154 -0.613398 0.0158619 -0.0985074
155 -0.623617 -0.12599 0.0682565
156 -0.646235 0.0502716 -0.0347161
157 -0.624782 -0.04616 -0.102901
158 -0.646235 0 -0.1
159 -0.646235 -0.0371008 0.0597063
160 -0.646235 -0.0711414 0.038456
161 -0.61458 -0.100446 0.105477
162 -0.611586 -0.0810253 -0.104712
163 -0.642707 -0.0827521 -0.105547
164 -0.625996 -0.0966179 -0.0780879
165 -0.532466 0.0441994 0.0600701
166 -0.566212 0.0635265 -0.0701445
167 -0.646235 0.0261169 -0.0656522
168 -0.599996 -0.142077 0.0731094
169 -0.574274 -0.158745 0.0727984
170 -0.571223 0.0645936 0.0558881
171 -0.54467 0.0501729 0.0335406
172 -0.504406 -0.0314525 0.0639816
173 -0.486878 0.0161108 -0.0118835
174 -0.502036 0.025853 -0.0421614
175 -0.646235 0.075 0.1
176 -0.603155 0.0404581 0.0950603
177 -0.646235 0.0744889 0.0709772
178 -0.508535 -0.040006 -0.04635
179 -0.510929 -0.054548 -0.077642
180 -0.578276 0.0667526 0.0142961
181 -0.487485 0.0173373 0.0246507
182 -0.513366 0.03408 0.0361478
183 -0.508575 0.00365217 0.0464308
184 -0.553173 -0.122273 -0.0651076
185 -0.574152 -0.116038 -0.104225
186 -0.594352 -0.111007 -0.0778676
187 -0.571403 -0.088386 -0.0726778
188 -0.646235 0.1 -0.05
189 -0.646235 0.1 0.05
190 -0.635897 -0.121098 -0.0247843
191 -0.627327 -0.125497 -0.0586078
192 -0.539243 -0.0813436 -0.0696647
193 -0.643325 -0.115465 0.0361406
194 -0.646235 -0.1 0.025
195 -0.646235 0.05 -0.1
196 -0.646235 -0.05 0.1
197 -0.622675 -0.0330382 0.101909
198 -0.646235 -0.1 -0.1
199 -0.646235 -0.0710655 -0.0775316
200 -0.646235 -0.08027 -0.0262146
201 -0.593438 0.0741793 -0.0620025
202 -0.562711 0.0602336 -0.0415168
203 -0.581462 -0.152199 0.105932
204 -0.60402 -0.13672 0.107017
205 -0.495712 -0.0133305 -0.0255778
206 -0.559683 -0.0752072 0.101727
207 -0.493196 0.0212531 0.0591447
208 -0.646235 0.0169698 0.0345753
209 -0.473063 0.00828087 -0.0456568
210 -0.563026 -0.0565637 -0.100972
211 -0.587498 0.0727851 0.093101
212 -0.588509 0.0752315 -0.0930519
213 -0.548102 -0.12758 -0.0175412
214 -0.541522 -0.0952455 -0.000821312
215 -0.603325 -0.140719 -0.0527563
216 -0.604932 -0.0171487 -0.100546
217 -0.646235 -0.0718804 0.0698327
218 -0.602161 -0.141587 0.00624672
219 -0.646235 -0.05 -0.1
220 -0.646235 0 0.1
221 -0.646235 0.05 0.1
222 -0.614296 0.00619753 0.0979731
223 -0.529689 -0.0704734 -0.100702
224 -0.487988 0.018836 -0.0951455
225 -0.627073 -0.123185 -0.106806
226 -0.60542 -0.136951 -0.107726
227 -0.599951 -0.107336 -0.105802
228 -0.603966 -0.13923 -0.0831564
229 -0.646235 -0.1 -0.025
230 -0.646235 0.1 -0.1
231 -0.591691 -0.148687 -0.0283219
232 -0.58067 -0.15555 -0.0698763
233 -0.583183 -0.15198 -0.106192
234 -0.487235 -0.0122816 0.0668312
235 -0.646235 0.1 0.1
236 -0.530744 -0.0898375 0.0293013
237 -0.646235 -0.1 0.05
238 -0.576356 -0.160524 0.00344156
239 -0.557002 -0.0869897 -0.102477
240 -0.582655 -0.082535 -0.104112
241 -0.646235 -0.1 0.1
242 -0.505434 -0.0445524 -0.0988571
243 -0.650576 -0.11088 -0.106937
244 -0.535596 -0.110339 0.0497732
245 -0.625766 -0.124356 0.107117
246 -0.646235 -0.1 0
247 -0.646235 -0.075 -0.1
248 -0.523869 -0.0928563 0.077602
249 -0.517492 -0.0664821 0.0979337
250 -0.456058 -0.070308 0.0373298
251 -0.497014 -0.0662749 0.0267059
252 -0.465935 -0.0745355 0.0044618
253 -0.472113 -0.105218 0.0374642
254 -0.471517 -0.0324091 -0.00637118
255 -0.456338 -0.00510082 0.0108488
256 -0.540378 -0.187873 -0.00297854
257 -0.520537 -0.153105 0.000992339
258 -0.555844 -0.174773 0.0119539
259 -0.544317 -0.1841 0.0249634
260 -0.523755 -0.134382 0.101177
261 -0.492871 -0.153477 0.100326
262 -0.510362 -0.134335 0.0661763
263 -0.495872 -0.124767 0.0996395
264 -0.41356 -0.0747952 -0.0315538
265 -0.429984 -0.0701992 9.89627e-05
266 -0.436944 -0.0917871 -0.0343638
267 -0.422074 -0.103683 -0.00548556
268 -0.494373 -0.17445 0.0648814
269 -0.495559 -0.136424 0.0377904
270 -0.472427 -0.143957 0.0690362
271 -0.566205 -0.167163 -0.0381073
272 -0.55556 -0.175027 -0.0137288
273 -0.476408 -0.0275396 0.0344549
274 -0.464811 -0.0413216 0.0666853
275 -0.519062 -0.205975 -0.0187635
276 -0.495475 -0.226889 -0.0273678
277 -0.473567 -0.197418 -0.0187454
278 -0.503845 -0.219419 0.0099415
279 -0.438325 -0.0558919 -0.0501164
280 -0.439885 -0.0520874 -0.0184915
281 -0.561042 -0.169895 0.0410125
282 -0.478479 -0.171506 0.0344611
283 -0.51265 -0.167608 0.0298013
284 -0.538382 -0.186595 0.103114
285 -0.516209 -0.205019 0.101938
286 -0.531732 -0.192986 0.08132
287 -0.519291 -0.172115 0.101748
288 -0.466061 -0.120169 -0.00702312
289 -0.442707 -0.101906 0.0143848
290 -0.489392 -0.0603698 0.0598925
291 -0.533708 -0.156952 -0.03799
292 -0.487057 -0.0999782 -0.0429825
293 -0.507916 -0.112665 -0.0109667
294 -0.488213 -0.0907911 -0.0125591
295 -0.403951 -0.044908 0.0149811
296 -0.426814 -0.0265416 -0.00266454
297 -0.445851 -0.0453747 0.0148767
298 -0.522925 -0.168262 0.0735982
299 -0.550455 -0.177934 0.0768254
300 -0.426004 -0.0771819 0.0692909
301 -0.482544 -0.0833679 0.0675862
302 -0.519168 -0.121645 0.0213193
303 -0.534013 -0.153169 0.0428502
304 -0.495412 -0.101873 0.0149798
305 -0.487548 -0.127418 -0.069195
306 -0.517101 -0.114206 -0.0717864
307 -0.521652 -0.122798 -0.0449408
308 -0.516521 -0.159921 -0.0686121
309 -0.53969 -0.152783 -0.0762059
310 -0.494787 -0.0597363 -0.0210103
311 -0.466904 -0.0338753 -0.0398535
312 -0.386573 -0.100698 -0.0299356
313 -0.374688 -0.0690239 -0.0345341
314 -0.387583 -0.0909109 -0.0652848
315 -0.457046 -0.0784935 -0.0243075
316 -0.45494 -0.0865736 -0.0665817
317 -0.398078 -0.0894896 0.0524642
318 -0.408093 -0.0403043 0.0474393
319 -0.388402 -0.0560459 0.0674322
320 -0.506184 -0.172179 -0.0248294
321 -0.503079 -0.187197 0.00649808
322 -0.417091 -0.0894285 -0.0612965
323 -0.485166 -0.19096 0.100457
324 -0.453107 -0.195081 0.099399
325 -0.47918 -0.193389 0.0748909
326 -0.461939 -0.164482 0.0991519
327 -0.533119 -0.152045 -0.103037
328 -0.55283 -0.178078 -0.0734085
329 -0.540281 -0.186563 -0.103809
330 -0.50418 -0.098202 0.0474898
331 -0.451369 -0.0076466 -0.0222201
332 -0.517633 -0.0791273 0.000498416
333 -0.520892 -0.0920281 -0.0323677
334 -0.539742 -0.188298 -0.0425166
335 -0.531655 -0.19435 -0.0781514
336 -0.506175 -0.189008 -0.0806663
337 -0.413768 -0.119516 -0.0339687
338 -0.483801 -0.0383781 0.00930683
339 -0.457168 -0.162012 0.00940049
340 -0.44095 -0.181555 0.0322707
341 -0.470982 -0.199782 0.0139601
342 -0.535331 -0.190674 0.0519812
343 -0.513628 -0.208224 0.0743729
344 -0.493761 -0.0448967 0.096181
345 -0.493136 -0.0753441 0.0976458
346 -0.431225 -0.0539948 0.0952911
347 -0.427317 -0.0853898 0.096113
348 -0.405475 -0.0703083 0.0949535
349 -0.414548 -0.125457 0.0284743
350 -0.428128 -0.137734 0.0697818
351 -0.405642 -0.116634 0.0671099
352 -0.43242 -0.10469 0.0463051
353 -0.480573 -0.100551 -0.100392
354 -0.505112 -0.129964 -0.101855
355 -0.471073 -0.140289 -0.101257
356 -0.483194 -0.161706 -0.0739989
357 -0.453623 -0.177633 -0.101712
358 -0.458504 -0.158304 -0.0739885
359 -0.471612 -0.191097 -0.0784516
360 -0.480818 -0.0565676 -0.057438
361 -0.49094 -0.187388 -0.0503763
362 -0.485523 -0.235611 -0.0651152
363 -0.512269 -0.211912 -0.0635782
364 -0.450159 -0.115341 -0.100405
365 -0.429567 -0.117443 -0.0679171
366 -0.460172 -0.121852 -0.070485
367 -0.441093 -0.142343 -0.100854
368 -0.460869 -0.000766651 0.0433608
369 -0.438075 -0.0167261 0.0645167
370 -0.436059 -0.0431993 0.0478809
371 -0.462871 -0.0707789 0.0965443
372 -0.397171 -0.0498618 -0.0487113
373 -0.400436 -0.0478528 -0.017526
374 -0.540759 -0.142366 0.075964
375 -0.494597 -0.142618 -0.0334954
376 -0.47061 -0.154875 -0.0418044
377 -0.488989 -0.0378339 -0.0758659
378 -0.466476 -0.0267082 -0.065464
379 -0.537345 -0.113055 -0.102269
380 -0.411631 -0.0364648 0.0734224
381 -0.416 -0.0776071 0.0297894
382 -0.559715 -0.16852 0.105004
383 -0.456983 -0.179752 -0.0504942
384 -0.421104 -0.0303473 -0.0347214
385 -0.414333 -0.0356376 -0.0678216
386 -0.462846 -0.0314768 0.0938049
387 -0.518129 -0.205553 -0.103628
388 -0.499819 -0.170391 -0.102459
389 -0.510719 -0.0741685 -0.0620954
390 -0.501277 -0.0743437 -0.100496
391 -0.470101 -0.132021 0.0985838
392 -0.450462 -0.108797 0.0727844
393 -0.489596 -0.117093 0.0738323
394 -0.486758 -0.0832519 -0.0758819
395 -0.389416 -0.0840182 -0.0010917
396 -0.443094 -0.0145273 -0.0560847
397 -0.456015 -0.0512737 -0.074181
398 -0.557725 -0.140628 -0.104017
399 -0.417366 -0.116541 0.0965542
400 -0.44878 -0.167093 -0.0174643
401 -0.494525 -0.225234 0.101337
402 -0.483111 -0.163685 -0.00311476
403 -0.489032 -0.138692 0.0109536
404 -0.399821 -0.0455736 0.0939671
405 -0.413152 -0.116636 -0.0999522
406 -0.406824 -0.0761205 -0.0989665
407 -0.464566 0.00251913 -0.0753298
408 -0.51061 -0.09753 -0.101176
409 -0.434888 -0.15012 -0.0534117
410 -0.434009 -0.13821 -0.00497642
411 -0.455116 -0.119579 -0.0361451
412 -0.509925 -0.212945 0.0433511
413 -0.450513 -0.139588 0.0335911
414 -0.450979 -0.17685 0.0644983
415 -0.469334 -0.21079 0.0452793
416 -0.375722 -0.0687838 -0.00214553
417 -0.38305 -0.105299 0.0304227
418 -0.438768 -0.140219 0.0981523
419 -0.508045 -0.0994053 0.0995446
420 -0.373326 -0.068241 0.09423
421 -0.445754 -0.0755466 -0.0990892
422 -0.48514 -0.198777 -0.102481
423 -0.49232 -0.227803 0.0693642
424 -0.449544 -0.106933 0.0972881
425 -0.480092 -0.101715 0.0979818
426 -0.383391 -0.0948396 -0.0990078
427 -0.391016 -0.126307 -0.0654497
428 -0.472171 -0.0375351 -0.0973767
429 -0.420947 -0.0629969 -0.0734567
430 -0.431673 -0.0227576 0.0303231
431 -0.496626 -0.224958 -0.102718
432 -0.375079 -0.0682603 -0.0982647
433 -0.481523 -0.0655498 -0.099372
434 -0.562054 -0.169938 -0.105609
435 -0.379855 -0.0641491 0.0338222
436 -0.401708 -0.0454973 -0.0969995
437 -0.392627 -0.0533624 -0.0751379
438 -0.424525 -0.16462 0.0156107
439 -0.457157 -0.00141833 -0.0950954
440 -0.426832 -0.0230282 0.0926739
441 -0.466419 0.00442834 0.0699037
442 -0.425117 -0.0525176 -0.0977361
443 -0.444986 -0.0387033 -0.0971156
444 -0.38513 -0.0921719 0.0754141
445 -0.395462 -0.0970524 0.0956746
446 -0.373073 -0.0710624 -0.0645006
447 -0.45675 -0.00132307 0.0919412
448 -0.488152 -0.232849 0.037445
449 -0.525286 -0.200427 0.0184481
450 -0.429169 -0.0235623 -0.0969289
451 -0.356987 -0.0834957 0.0611746
452 -0.4064 -0.148838 0.0974655
453 -0.344129 -0.188174 0.00673876
454 -0.337312 -0.218515 0.0395297
455 -0.314669 -0.189202 0.0293872
456 -0.338392 -0.169291 0.0389728
457 -0.388602 -0.241992 0.0984578
458 -0.370208 -0.225583 0.0702888
459 -0.393715 -0.262983 0.0600332
460 -0.406338 -0.224187 0.0676262
461 -0.346489 -0.0934072 -0.0511006
462 -0.348252 -0.0913594 -0.0801137
463 -0.355276 -0.114477 -0.077192
464 -0.381793 -0.277754 -0.004908
465 -0.422827 -0.29276 -0.00271726
466 -0.394992 -0.280667 -0.0353149
467 -0.401412 -0.312449 -0.0251552
468 -0.334432 -0.213605 -0.0674565
469 -0.346563 -0.20061 -0.0329974
470 -0.369265 -0.199757 -0.064968
471 -0.354722 -0.229858 -0.0372732
472 -0.365472 -0.25137 0.0204061
473 -0.35112 -0.2485 0.0578803
474 -0.377946 -0.285097 0.0397467
475 -0.426364 -0.253983 0.0748528
476 -0.422068 -0.256285 -0.101863
477 -0.438074 -0.278896 -0.0695704
478 -0.429809 -0.286475 -0.10182
479 -0.425484 -0.254035 -0.07579
480 -0.357844 -0.245699 -0.0743173
481 -0.3826 -0.247628 -0.042335
482 -0.397055 -0.236814 -0.0743042
483 -0.326146 -0.110844 0.0483136
484 -0.334105 -0.138864 0.0589221
485 -0.331761 -0.104877 0.0744438
486 -0.348073 -0.127721 0.0426942
487 -0.322881 -0.112452 0.0954938
488 -0.333744 -0.145438 0.0960875
489 -0.303547 -0.130924 0.0734946
490 -0.347088 -0.0931863 -0.0190214
491 -0.346299 -0.0935246 0.0189678
492 -0.365113 -0.119568 -0.00946358
493 -0.371473 -0.201629 0.0259385
494 -0.383859 -0.190747 0.0701818
495 -0.352538 -0.183297 0.0608921
496 -0.349688 -0.230285 -0.101735
497 -0.327368 -0.194459 -0.101594
498 -0.319353 -0.226865 -0.101875
499 -0.38366 -0.224624 0.0441253
500 -0.40905 -0.16702 -0.0223097
501 -0.404804 -0.141199 0.000260323
502 -0.414897 -0.208188 0.0292724
503 -0.449671 -0.226832 0.0176661
504 -0.423724 -0.247281 0.0334904
505 -0.443452 -0.210026 0.0365178
506 -0.391636 -0.205429 -0.0374718
507 -0.418877 -0.229837 -0.0433325
508 -0.428363 -0.187025 -0.0506119
509 -0.40881 -0.209187 -0.072853
510 -0.456972 -0.225792 -0.0113789
511 -0.454566 -0.22868 -0.0374134
512 -0.441469 -0.224501 0.0597712
513 -0.419144 -0.186268 0.069387
514 -0.398234 -0.171734 0.0153694
515 -0.396123 -0.182208 0.0438784
516 -0.392523 -0.186743 -0.101207
517 -0.413417 -0.220521 -0.101644
518 -0.423057 -0.190076 -0.101535
519 -0.416782 -0.264482 -0.0378495
520 -0.444808 -0.272687 -0.03346
521 -0.417836 -0.262642 -0.00371979
522 -0.436805 -0.246916 -0.0333068
523 -0.435585 -0.205744 -0.0268772
524 -0.456643 -0.210176 -0.0572937
525 -0.343253 -0.222742 -0.00298113
526 -0.312399 -0.21659 0.00660222
527 -0.444312 -0.235239 -0.101965
528 -0.452342 -0.265486 -0.102026
529 -0.435978 -0.195806 0.00364295
530 -0.367676 -0.121221 0.0604392
531 -0.391851 -0.320914 0.0145162
532 -0.402262 -0.274156 0.0215983
533 -0.4092 -0.150021 -0.0799741
534 -0.474443 -0.244059 0.0622155
535 -0.460605 -0.224502 0.0784731
536 -0.421916 -0.293677 -0.0435742
537 -0.480187 -0.240247 0.00544199
538 -0.402295 -0.209784 -0.00599294
539 -0.392395 -0.243732 0.0176505
540 -0.404106 -0.270243 -0.0663476
541 -0.370876 -0.192927 -0.0162985
542 -0.38723 -0.134614 -0.0267763
543 -0.340147 -0.138797 -0.0229445
544 -0.371115 -0.15824 -0.0408206
545 -0.358456 -0.121951 -0.0461417
546 -0.312687 -0.156651 0.0308049
547 -0.309789 -0.164061 0.0658242
548 -0.279961 -0.194391 0.0529795
549 -0.268209 -0.163805 0.0291342
550 -0.461244 -0.257252 -0.0652935
551 -0.474786 -0.244859 -0.102337
552 -0.293944 -0.140568 0.00365869
553 -0.292684 -0.180695 0.0070936
554 -0.396403 -0.247634 -0.0138824
555 -0.439433 -0.225582 -0.0719037
556 -0.464088 -0.214529 -0.101717
557 -0.31638 -0.230799 -0.028709
558 -0.418303 -0.160978 -0.100843
559 -0.435213 -0.181 -0.0778959
560 -0.389882 -0.122425 0.00083866
561 -0.300165 -0.135624 -0.0642438
562 -0.308588 -0.16259 -0.0259948
563 -0.283007 -0.150854 -0.0360408
564 -0.317525 -0.119537 -0.0378011
565 -0.317397 -0.119429 0.0220906
566 -0.284224 -0.18736 -0.0524014
567 -0.292859 -0.183461 -0.101735
568 -0.306542 -0.161658 -0.0759038
569 -0.277172 -0.156323 -0.0771006
570 -0.362702 -0.158652 0.036168
571 -0.344555 -0.171532 -0.0298955
572 -0.429855 -0.285136 0.0582813
573 -0.400708 -0.169912 -0.0695854
574 -0.374208 -0.199145 0.0977337
575 -0.341326 -0.184691 0.0969726
576 -0.348907 -0.22501 0.0976562
577 -0.338783 -0.222071 0.0759382
578 -0.407007 -0.147122 -0.0513863
579 -0.368044 -0.149904 -0.0747614
580 -0.380061 -0.216644 -0.101623
581 -0.328408 -0.156754 0.0040422
582 -0.304108 -0.131768 -0.0184243
583 -0.310215 -0.197877 0.0664247
584 -0.304276 -0.173939 0.0965416
585 -0.316697 -0.152622 -0.101049
586 -0.322692 -0.114547 -0.0717742
587 -0.300338 -0.135396 -0.100886
588 -0.388993 -0.126899 0.0965325
589 -0.321566 -0.192397 -0.0128759
590 -0.353036 -0.263392 0.0979251
591 -0.358652 -0.273645 0.0738113
592 -0.37144 -0.156785 0.0968882
593 -0.41678 -0.298567 -0.0749057
594 -0.405826 -0.277792 -0.101772
595 -0.385738 -0.3002 -0.0802941
596 -0.426827 -0.231785 -0.00520612
597 -0.387057 -0.251379 -0.101692
598 -0.383117 -0.288454 -0.101807
599 -0.378365 -0.273462 -0.0752796
600 -0.370576 -0.15557 -0.00156245
601 -0.388877 -0.155732 0.0677825
602 -0.396611 -0.177511 0.0975751
603 -0.334984 -0.145608 -0.0608956
604 -0.360868 -0.114374 0.0957386
605 -0.36117 -0.19364 -0.101497
606 -0.372134 -0.171843 -0.101064
607 -0.324572 -0.11252 -0.100056
608 -0.342749 -0.127116 -0.100223
609 -0.357902 -0.152886 0.0685218
610 -0.413276 -0.300897 0.0374811
611 -0.419371 -0.258627 0.0990032
612 -0.404594 -0.275834 0.098903
613 -0.320034 -0.174203 -0.0480615
614 -0.439178 -0.206541 -0.101706
615 -0.309684 -0.205206 -0.0438959
616 -0.416056 -0.156294 0.0489258
617 -0.342117 -0.17589 -0.0718737
618 -0.289744 -0.205467 -0.0184228
619 -0.321299 -0.116045 -0.0049626
620 -0.351092 -0.133655 0.0156481
621 -0.372611 -0.23003 -0.0105515
622 -0.465592 -0.252706 0.0361336
623 -0.452461 -0.264129 0.0707258
624 -0.384344 -0.140933 0.0360235
625 -0.381546 -0.285653 0.0984398
626 -0.405341 -0.307097 0.098873
627 -0.410265 -0.303006 0.0717862
628 -0.355145 -0.268947 -0.10187
629 -0.404721 -0.309669 -0.0544661
630 -0.402787 -0.204614 0.098326
631 -0.359224 -0.277958 -0.0447389
632 -0.4706 -0.248992 -0.0289928
633 -0.451987 -0.265776 0.00566091
634 -0.37092 -0.122602 -0.100055
635 -0.386558 -0.152068 -0.100651
636 -0.352835 -0.158509 -0.100838
637 -0.348921 -0.0903409 -0.0993017
638 -0.432601 -0.283339 0.0270578
639 -0.427209 -0.178179 0.098438
640 -0.428428 -0.223859 0.0990717
641 -0.308129 -0.1973 -0.0770689
642 -0.427958 -0.286399 0.0993523
643 -0.297084 -0.13757 0.0407798
644 -0.346746 -0.264268 -0.0174891
645 -0.463041 -0.22334 0.0999875
646 -0.269354 -0.163163 -0.00557288
647 -0.407179 -0.307489 -0.10172
648 -0.446197 -0.270517 0.0394236
649 -0.274664 -0.156551 0.0959401
650 -0.27436 -0.15754 0.0656495
651 -0.347613 -0.0903387 0.0948252
652 -0.298669 -0.134936 0.095452
653 -0.275387 -0.185568 0.0964186
654 -0.316175 -0.211706 0.097153
655 -0.383523 -0.300419 -0.0580574
656 -0.450159 -0.265517 0.0999945
657 -0.472434 -0.24461 0.100327
658 -0.276325 -0.157046 -0.101561
659 -0.392224 -0.320063 0.0530745
660 -0.361158 -0.315162 0.0416724
661 -0.314952 -0.391702 -0.102074
662 -0.298043 -0.373113 -0.0705903
663 -0.338215 -0.370827 -0.101883
664 -0.335448 -0.373086 -0.0713775
665 -0.239188 -0.306451 -0.0691608
666 -0.232106 -0.297995 -0.102926
667 -0.266784 -0.291988 -0.102559
668 -0.241147 -0.274543 -0.102842
669 -0.258375 -0.211189 -0.04489
670 -0.265547 -0.199283 -0.013471
671 -0.254927 -0.262953 0.00730017
672 -0.225215 -0.29114 -0.0155386
673 -0.246718 -0.269061 -0.024412
674 -0.222031 -0.244053 -0.00221498
675 -0.26895 -0.29504 0.0196407
676 -0.238911 -0.307186 0.0411352
677 -0.235972 -0.303593 0.0112853
678 -0.249362 -0.278255 0.0409279
679 -0.342148 -0.326603 0.0587774
680 -0.340607 -0.367109 0.0646645
681 -0.355197 -0.354188 0.041634
682 -0.321952 -0.348362 0.0312573
683 -0.253189 -0.178129 -0.059797
684 -0.251377 -0.17966 -0.0242674
685 -0.358533 -0.298907 -0.101875
686 -0.323325 -0.282487 0.0977161
687 -0.319805 -0.260561 0.0596029
688 -0.31939 -0.30063 0.0724049
689 -0.344906 -0.285269 0.0531273
690 -0.371034 -0.339398 0.0686055
691 -0.222667 -0.245875 0.0343726
692 -0.214149 -0.278796 0.0155226
693 -0.27958 -0.317761 -0.0145813
694 -0.256431 -0.326952 0.0199098
695 -0.268751 -0.340649 -0.0115288
696 -0.246583 -0.3154 -0.0105851
697 -0.28465 -0.272076 0.057211
698 -0.318744 -0.30068 0.0333307
699 -0.310228 -0.287922 -0.0309051
700 -0.272641 -0.293586 -0.0397549
701 -0.308018 -0.281933 -0.0702409
702 -0.287036 -0.26246 -0.0377246
703 -0.278823 -0.256301 0.0333944
704 -0.246318 -0.250863 0.0614086
705 -0.254229 -0.236447 0.0286653
706 -0.307867 -0.337883 -0.0293217
707 -0.299273 -0.300628 -0.00766522
708 -0.298837 -0.313017 -0.0507692
709 -0.358848 -0.351621 -0.0257213
710 -0.310544 -0.333421 0.00414735
711 -0.335668 -0.37241 -0.00982157
712 -0.336647 -0.315065 -0.0206826
713 -0.384396 -0.328679 -0.101715
714 -0.395427 -0.318362 -0.0767923
715 -0.335759 -0.372583 -0.0397797
716 -0.323708 -0.342875 -0.0564162
717 -0.299713 -0.375158 -0.0429896
718 -0.320692 -0.247503 0.0973982
719 -0.307976 -0.23257 0.0672983
720 -0.31317 -0.35237 0.0723941
721 -0.369906 -0.304003 0.0689063
722 -0.353884 -0.303485 0.0981186
723 -0.323348 -0.31903 0.0978402
724 -0.366603 -0.305052 -0.0246722
725 -0.236572 -0.191942 0.0697691
726 -0.256908 -0.215891 0.0965962
727 -0.324039 -0.257291 -0.054683
728 -0.225061 -0.203441 -0.0401657
729 -0.241177 -0.224655 -0.0231511
730 -0.251252 -0.179506 0.00568099
731 -0.295187 -0.275829 0.0172514
732 -0.287757 -0.242501 0.00238245
733 -0.226579 -0.249019 -0.102937
734 -0.208066 -0.218939 -0.0731351
735 -0.255472 -0.225952 -0.0732181
736 -0.225979 -0.242808 -0.0520754
737 -0.352103 -0.290259 0.0135612
738 -0.350839 -0.322427 0.013374
739 -0.279333 -0.261257 -0.0704822
740 -0.273305 -0.300007 -0.0749979
741 -0.290686 -0.325767 0.0975431
742 -0.266312 -0.338474 0.0613028
743 -0.275816 -0.30799 0.0617197
744 -0.263226 -0.335241 0.0973225
745 -0.203068 -0.265374 -0.0741985
746 -0.20085 -0.263198 -0.0516115
747 -0.257844 -0.245561 -0.0485045
748 -0.290131 -0.226001 -0.0600995
749 -0.277082 -0.236843 -0.0252296
750 -0.215675 -0.279194 -0.10305
751 -0.182606 -0.241867 -0.103383
752 -0.218927 -0.284508 0.0607341
753 -0.278462 -0.206382 -0.102144
754 -0.308521 -0.259137 -0.01242
755 -0.20879 -0.217336 0.0252567
756 -0.255805 -0.223247 0.0083903
757 -0.204733 -0.221347 -0.00667617
758 -0.200152 -0.225725 -0.0357113
759 -0.203072 -0.26592 -0.0263435
760 -0.322507 -0.25388 0.021421
761 -0.314295 -0.236331 -0.0771425
762 -0.248632 -0.316712 -0.102761
763 -0.373627 -0.337485 0.0385856
764 -0.233117 -0.196438 -0.075523
765 -0.257223 -0.288537 0.0753625
766 -0.292274 -0.268636 0.0972872
767 -0.261645 -0.255478 0.0969664
768 -0.314561 -0.391667 -0.0520741
769 -0.289541 -0.234647 0.0969641
770 -0.31836 -0.345673 -0.10206
771 -0.352967 -0.357313 -0.0807211
772 -0.237652 -0.191427 0.0350398
773 -0.25341 -0.17677 0.0589487
774 -0.250665 -0.216206 0.0490687
775 -0.31366 -0.391528 0.0479328
776 -0.29475 -0.3703 0.0382816
777 -0.295928 -0.272871 -0.10223
778 -0.241971 -0.23074 0.077355
779 -0.215741 -0.247236 0.0725314
780 -0.38258 -0.328234 0.0986213
781 -0.360208 -0.349993 0.0100978
782 -0.229786 -0.19886 -0.0020093
783 -0.277184 -0.204965 0.0180206
784 -0.291932 -0.227955 0.0373976
785 -0.314173 -0.391568 -0.00208622
786 -0.293303 -0.368199 -0.0145134
787 -0.299065 -0.374865 0.01234
788 -0.229363 -0.199962 -0.102757
789 -0.249879 -0.221561 -0.102562
790 -0.333125 -0.374324 0.0253364
791 -0.217955 -0.282565 -0.050672
792 -0.242777 -0.267421 -0.0778281
793 -0.298319 -0.297635 0.0975175
794 -0.279928 -0.353492 0.018382
795 -0.293432 -0.33266 -0.0717196
796 -0.261208 -0.33152 -0.0730254
797 -0.255669 -0.325584 -0.0409451
798 -0.21331 -0.212869 0.0628809
799 -0.227715 -0.19954 0.0964064
800 -0.229883 -0.220435 0.096566
801 -0.20425 -0.22049 0.0963602
802 -0.181416 -0.241718 0.0214775
803 -0.181635 -0.241857 -0.00349662
804 -0.196197 -0.258519 0.0346827
805 -0.240037 -0.308641 0.0716192
806 -0.24672 -0.316397 0.0971201
807 -0.324618 -0.315327 -0.0773493
808 -0.359595 -0.349407 0.0983349
809 -0.275325 -0.233103 0.0671794
810 -0.281638 -0.354381 -0.102383
811 -0.382734 -0.329927 -0.0475264
812 -0.322715 -0.289857 0.00132696
813 -0.279795 -0.352779 -0.0507156
814 -0.303063 -0.333276 0.0540884
815 -0.289013 -0.316796 0.0253847
816 -0.249862 -0.276802 -0.0545828
817 -0.348148 -0.286809 -0.0766875
818 -0.264906 -0.295376 0.0971558
819 -0.35666 -0.35376 -0.0559284
820 -0.354355 -0.317212 -0.06053
821 -0.288804 -0.204664 0.0967668
822 -0.323651 -0.25522 -0.101998
823 -0.18206 -0.241935 -0.0533949
824 -0.304451 -0.307559 -0.102231
825 -0.285101 -0.324918 -0.102388
826 -0.206022 -0.221027 -0.10309
827 -0.333257 -0.294682 -0.0494539
828 -0.276734 -0.280488 -0.0106061
829 -0.313405 -0.39146 0.0729227
830 -0.33646 -0.370442 0.0980985
831 -0.314406 -0.35472 0.0978313
832 -0.379645 -0.332444 -0.0146234
833 -0.279843 -0.35398 0.0975207
834 -0.341896 -0.319893 -0.10187
835 -0.372681 -0.339237 -0.0770162
836 -0.392544 -0.319347 0.0791144
837 -0.221506 -0.286226 -0.0799805
838 -0.251104 -0.178289 0.0961877
839 -0.252741 -0.178777 -0.102179
840 -0.229197 -0.245967 0.0966891
841 -0.291198 -0.236449 -0.102177
842 -0.18122 -0.241631 0.0464197
843 -0.198299 -0.261086 0.0673643
844 -0.19288 -0.230909 0.0743731
845 -0.213839 -0.278802 0.0967546
846 -0.23987 -0.273894 0.0968927
847 -0.180829 -0.24132 0.0963646
848 -0.197317 -0.260086 0.0965544
849 -0.329209 -0.287968 -0.101993
850 -0.236827 -0.30413 -0.0366633
851 -0.294102 -0.369823 0.0689268
852 -0.313926 -0.391557 0.0229254
853 -0.314375 -0.391636 -0.0270862
854 -0.30249 -0.210386 -0.101891
855 -0.361376 -0.349758 -0.101743
856 -0.262337 -0.257295 -0.10255
857 -0.180993 -0.241464 0.0713749
858 -0.296481 -0.372699 0.0977081
859 -0.230231 -0.297634 0.0969223
860 -0.313162 -0.391364 0.0979075
861 -0.256364 -0.29207 0.000378458
862 -0.259105 -0.304007 0.00630069
863 -0.268027 -0.322364 0.00266897
864 -0.276903 -0.331057 0.00332207
865 -0.246618 -0.292246 -0.017502
866 -0.246924 -0.280114 0.00898248
867 -0.244257 -0.209702 0.0325041
868 -0.238733 -0.216649 0.0422989
869 -0.225337 -0.202195 0.0489787
870 -0.335461 -0.350954 0.0848349
871 -0.273876 -0.225738 0.022904
872 -0.281022 -0.218876 0.0122311
873 -0.272802 -0.214461 -0.00505507
874 -0.271361 -0.202125 0.00216295
875 -0.267463 -0.230856 -0.0101305
876 -0.265104 -0.33556 -0.102568
877 -0.273153 -0.328207 -0.0877008
878 -0.370049 -0.308704 -0.0704099
879 -0.205631 -0.253077 0.0529612
880 -0.189754 -0.251362 0.0568809
881 -0.187022 -0.236287 0.0603266
882 -0.219802 -0.246427 0.0501266
883 -0.22782 -0.26054 0.084716
884 -0.214701 -0.264488 0.0857626
885 -0.273045 -0.180858 -0.0807656
886 -0.280699 -0.171821 -0.064718
887 -0.268114 -0.164609 -0.0478559
888 -0.267824 -0.183441 -0.0383251
889 -0.318484 -0.374073 -0.0578851
890 -0.306306 -0.382391 -0.0613372
891 -0.301646 -0.310255 -0.0764988
892 -0.309312 -0.323854 -0.0745837
893 -0.279051 -0.183171 -0.0116488
894 -0.255808 -0.20147 -0.0887662
895 -0.25602 -0.188828 0.083064
896 -0.251901 -0.177762 0.0832173
897 -0.263703 -0.180924 0.0764409
898 -0.274781 -0.169581 0.0787989
899 -0.291614 -0.17555 0.0818493
900 -0.293005 -0.167684 0.084655
901 -0.291799 -0.160413 0.0812436
902 -0.29266 -0.191638 0.0816083
903 -0.334674 -0.342525 -0.0107867
904 -0.240066 -0.291776 -0.08467
905 -0.342749 -0.114655 0.0531633
906 -0.350523 -0.113656 0.0487106
907 -0.443502 -0.239289 0.0766946
908 -0.434972 -0.224134 0.079437
909 -0.478314 -0.224481 0.0900574
910 -0.471359 -0.208685 0.0875193
911 -0.475181 -0.206581 0.100489
912 -0.482195 -0.236425 0.0856659
913 -0.358084 -0.186754 -0.0489522
914 -0.356181 -0.167376 -0.0567701
915 -0.368415 -0.169498 -0.0710431
916 -0.357118 -0.173916 -0.0864992
917 -0.370634 -0.185944 -0.0829122
918 -0.386632 -0.170687 -0.0853212
919 -0.389636 -0.169684 -0.100978
920 -0.405089 -0.168255 -0.0460386
921 -0.414827 -0.162188 -0.0511374
922 -0.455407 -0.233202 0.0362761
923 -0.44643 -0.226013 0.0341357
924 -0.417455 -0.280326 0.0785737
925 -0.447953 -0.208361 -0.0795532
926 -0.43771 -0.208556 -0.0742244
927 -0.406622 -0.260825 0.0794598
928 -0.380801 -0.0844109 -0.0155667
929 -0.383417 -0.0781993 -0.0143162
930 -0.476104 -0.218288 -0.0423707
931 -0.48779 -0.21536 -0.0588314
932 -0.496293 -0.203696 -0.0694428
933 -0.498583 -0.188238 -0.0655074
934 -0.325637 -0.1293 0.0404589
935 -0.313589 -0.138108 0.0488614
936 -0.321516 -0.149361 0.0424442
937 -0.36908 -0.0885682 -0.00965135
938 -0.369541 -0.0886434 0.0081447
939 -0.37638 -0.102844 -0.00547798
940 -0.384645 -0.0740255 0.0164068
941 -0.396194 -0.0648165 0.00689936
942 -0.403137 -0.080671 0.0147438
943 -0.410255 -0.076994 -0.000588572
944 -0.406694 -0.0944117 -0.00331355
945 -0.328486 -0.125715 0.0772503
946 -0.320068 -0.115681 0.0740953
947 -0.33258 -0.117221 0.0687983
948 -0.34631 -0.127761 0.0757736
949 -0.445857 -0.0116978 -0.0858065
950 -0.454797 -0.0175187 -0.0854888
951 -0.4478 -0.0250296 -0.0804984
952 -0.443307 -0.0289053 -0.0797845
953 -0.452885 -0.0340496 -0.0851001
954 -0.453108 -0.0136648 -0.095478
955 -0.46124 -0.011405 -0.0834472
956 -0.527784 -0.0879629 0.0555489
957 -0.54556 -0.0849022 0.0483364
958 -0.526635 -0.0794496 0.0428723
959 -0.532359 -0.0592983 0.0414904
960 -0.553005 -0.100751 0.0388536
961 -0.514151 -0.0955952 0.0624933
962 -0.475847 -0.0652905 0.0786779
963 -0.479454 -0.043199 0.0812674
964 -0.491321 -0.069057 0.0812847
965 -0.474941 -0.00758312 0.0771963
966 -0.489875 -0.0749605 0.0468921
967 -0.495543 -0.0915601 0.0834601
968 -0.516558 -0.19019 0.0880559
969 -0.524866 -0.198224 0.0905126
970 -0.530016 -0.157198 0.0892109
971 -0.541791 -0.151467 0.10326
972 -0.537056 -0.174556 0.0878164
973 -0.531109 -0.177949 0.089346
974 -0.572819 -0.142433 -0.0392688
975 -0.575924 -0.140789 -0.0244025
976 -0.559351 -0.144555 -0.0520908
977 -0.474058 -0.0302075 0.0150912
978 -0.473218 -0.0402628 0.0113595
979 -0.468415 -0.0536402 -0.00101767
980 -0.465082 -0.0522649 -0.0140262
981 -0.451409 -0.062027 -0.00866034
982 -0.483278 -0.0463085 -0.0137934
983 -0.491991 -0.0343641 -0.00514843
984 -0.488341 -0.0296343 -0.00323421
985 -0.480996 -0.0819934 0.0492468
986 -0.521481 -0.139697 -0.0903383
987 -0.525299 -0.155726 -0.085921
988 -0.454354 -0.0800556 0.0685201
989 -0.62688 -0.0903568 -0.00192403
990 -0.629907 -0.0879714 -0.00484542
991 -0.579022 -0.0729492 0.089585
992 -0.572325 -0.0658691 0.0904924
993 -0.571069 0.0465589 0.0330876
994 -0.574806 0.0659604 0.035709
995 -0.55893 0.042078 0.0468059
996 -0.594847 -0.0563659 0.0806036
997 -0.629594 -0.0594255 0.0734082
998 -0.636641 -0.0429358 0.0900351
999 -0.628214 -0.054537 0.103761
1000 -0.634704 -0.0356582 0.0860247
1001 -0.626065 -0.0706715 0.0735565
1002 -0.643241 -0.0591693 -0.0837855
1003 -0.646235 -0.0514991 -0.0710455
1004 -0.630582 -0.00489432 -0.0626486
1005 -0.636086 -0.0121525 -0.0614489
1006 -0.631337 0.00433394 -0.0476614
1007 -0.646235 0.0212917 -0.0452575
1008 -0.635258 -0.0251259 -0.0872905
1009 -0.597293 -0.116484 0.0955259
1010 -0.590271 -0.119094 0.0891197
1011 -0.581223 -0.125416 0.104781
1012 -0.588597 -0.0646827 -0.0495366
1013 -0.354451 -0.21043 0.0327379
1014 -0.545437 -0.0152312 0.0350966
1015 -0.62395 0.0278968 0.0856389
1016 -0.568106 -0.0635413 0.0506996
1017 -0.59717 0.0608472 -0.0789469
1018 -0.577896 -0.0338109 0.0527503
1019 -0.33018 -0.329 -0.0385344
1020 -0.504016 -0.0459739 0.032065
1021 -0.415059 -0.103192 -0.0804823
1022 -0.589148 0.0272192 0.0473641
1023 -0.646235 -0.0010511 0.0787283
1024 -0.560395 -0.0115963 0.0414545
1025 -0.281336 -0.196863 -0.0772737
1026 -0.340955 -0.251513 -0.0644906
1027 -0.334687 -0.259024 0.00192975
1028 -0.348529 -0.287752 0.0333438
