1 -0.552022 -0.0892091 -0.0410394
2 -0.580105 -0.117721 -0.0403375
3 -0.566367 -0.0799598 -0.00944135
4 -0.586101 -0.0822343 -0.0443858
5 -0.61381 -0.133363 0.0370509
6 -0.608614 -0.0928492 0.0136028
7 -0.626869 -0.125862 0.00458464
8 -0.618178 -0.102019 0.0458201
9 -0.621309 -0.0684968 0.0573482
10 -0.618919 -0.0440641 0.0310553
11 -0.594325 -0.0780457 0.0455976
12 -0.521966 -0.0162088 -0.0695339
13 -0.495148 -0.0124831 -0.0555229
14 -0.50313 -0.00425027 -0.0968016
15 -0.496651 0.0240263 -0.0688062
16 -0.540773 -0.0605724 0.0995096
17 -0.520954 -0.0652586 0.061346
18 -0.551614 -0.0521605 0.0729646
19 -0.522775 -0.0516363 0.0804614
20 -0.596728 0.041062 0.0317427
21 -0.646235 0.0407607 0.00518143
22 -0.614675 0.0211479 0.0393781
23 -0.646235 0.0730172 0.0271599
24 -0.549156 0.0222408 -0.0686868
25 -0.542364 0.0129889 -0.0959758
26 -0.554072 0.0570865 -0.0938384
27 -0.535115 0.046087 -0.0620326
28 -0.564665 0.0400471 -0.0949376
29 -0.619116 -0.0257044 -0.0436105
30 -0.594207 -0.0404499 -0.0571796
31 -0.603406 -0.0597198 -0.0449644
32 -0.617289 -0.0362743 -0.0757145
33 -0.592471 -0.104839 -0.0112546
34 -0.568562 -0.0911897 0.0278442
35 -0.58857 -0.116849 0.0321517
36 -0.57623 -0.119568 0.00179355
37 -0.616742 0.00802242 -0.0132757
38 -0.646235 0.0020105 0.000880758
39 -0.646235 0.0175192 -0.0293126
40 -0.575782 -0.0455446 0.0342115
41 -0.588349 -0.0507866 0.0640577
42 -0.609355 -0.0109957 0.045632
43 -0.646235 0.1 -0.025
44 -0.646235 0.1 0
45 -0.646235 0.0734273 -0.0112679
46 -0.594108 0.0733643 -0.0239882
47 -0.542622 -0.0540705 0.0238348
48 -0.566689 -0.035771 -0.00437711
49 -0.646235 0.0473314 0.0508233
50 -0.599863 0.0470709 0.0652604
51 -0.634845 -0.0756009 0.105397
52 -0.646449 -0.112085 0.0784945
53 -0.647678 -0.110879 0.106692
54 -0.640767 -0.0830532 0.0704165
55 -0.578154 -0.00585607 0.022411
56 -0.619215 -0.00121442 0.0155451
57 -0.511616 -0.0258556 0.037277
58 -0.516229 -0.0371132 -0.00342027
59 -0.545691 -0.011581 0.0103325
60 -0.646235 -0.0492512 -0.0296903
61 -0.624297 -0.0534994 -0.0133025
62 -0.630929 -0.0694243 -0.063632
63 -0.618516 -0.0941162 -0.0291589
64 -0.639718 -0.0833084 0.0168458
65 -0.644344 -0.0881875 -0.0188385
66 -0.593845 -0.0710519 -0.0759915
67 -0.646235 -0.032644 -0.00155263
68 -0.646235 -0.0459375 0.024835
69 -0.646235 -0.0165666 0.0283487
70 -0.595056 -0.0599103 -0.0198332
71 -0.590945 -0.0616852 0.00806257
72 -0.53288 0.0179767 -0.0404169
73 -0.512238 0.00204986 0.00617303
74 -0.548988 0.0214996 0.0379627
75 -0.557686 0.019261 -0.00551502
76 -0.530114 0.0424542 -0.0259552
77 -0.570837 0.0192035 -0.0357163
78 -0.588925 -0.024937 0.100133
79 -0.586486 0.0107279 0.0964633
80 -0.578627 -0.021443 0.0709809
81 -0.613261 0.0103427 0.0739028
82 -0.538425 -0.0146601 -0.0317031
83 -0.563613 -0.12243 0.0660155
84 -0.559771 -0.0798935 0.0675337
85 -0.59202 -0.105674 0.0634196
86 -0.594417 -0.02939 -0.0170655
87 -0.594773 -0.00645225 -0.0301141
88 -0.567925 -0.0140436 -0.0213223
89 -0.569256 -0.0474016 -0.0429069
90 -0.650525 -0.111862 -0.0784177
91 -0.646235 -0.0667146 -0.0503956
92 -0.646235 -0.1 -0.05
93 -0.653048 -0.111198 -0.0415716
94 -0.55902 -0.041275 0.0987927
95 -0.578456 -0.0586638 0.101203
96 -0.520805 0.0386251 -0.0936145
97 -0.576558 -0.0273025 -0.0997462
98 -0.578701 0.00799707 -0.0973484
99 -0.610147 -0.00718098 -0.0736374
100 -0.587742 -0.0108642 -0.0568662
101 -0.607439 -0.0245981 0.00709636
102 -0.553012 -0.131614 0.0214263
103 -0.600792 0.0465818 -0.0947195
104 -0.646235 0.0668459 -0.0654286
105 -0.600044 0.0276443 -0.0647395
106 -0.580541 0.0476241 -0.0554977
107 -0.590016 -0.149777 0.0380765
108 -0.581928 0.0145981 0.064036
109 -0.580842 -0.100622 0.104509
110 -0.592042 -0.0713398 0.0817207
111 -0.614987 -0.095898 0.0810879
112 -0.613329 -0.131618 0.0874282
113 -0.553303 0.0577032 0.0927542
114 -0.563806 0.0332431 0.0933902
115 -0.549038 0.0276154 0.0678565
116 -0.519213 0.0388164 0.0910928
117 -0.646235 -0.0156538 -0.0295892
118 -0.646235 -0.000828139 -0.0523479
119 -0.646235 -0.0319327 -0.0645593
120 -0.55947 -0.0991847 0.102555
121 -0.49722 -0.00451328 0.0936252
122 -0.486259 0.0194812 0.0922128
123 -0.516914 0.00324605 0.0685487
124 -0.561549 -0.00872893 -0.064119
125 -0.646235 -0.00138515 -0.0714992
126 -0.602977 -0.0639896 0.103479
127 -0.560378 -0.00596577 0.0961342
128 -0.543755 -0.0172166 0.059997
129 -0.590458 0.0096554 -9.03934e-05
130 -0.59766 0.0507045 0.000827296
131 -0.563484 0.0342125 0.0165646
132 -0.623177 -0.012793 -0.0186264
133 -0.618026 -0.036173 0.0762561
134 -0.593482 -0.0515928 -0.101709
135 -0.573612 -0.0406034 -0.076578
136 -0.602244 -0.0989221 -0.0559745
137 -0.614512 -0.133374 -0.0253141
138 -0.614583 0.0117891 -0.0413125
139 -0.646235 0.0232858 0.0686351
140 -0.646235 -0.00210221 0.0574566
141 -0.557008 -0.125562 0.102586
142 -0.536109 -0.0587702 -0.0266413
143 -0.538035 -0.0948079 0.100929
144 -0.526268 0.0395786 0.00835245
145 -0.557459 0.0566111 -0.0124142
146 -0.654118 -0.111599 -0.00413401
147 -0.646235 -0.0685292 0.00314744
148 -0.646235 0.0776621 -0.0377538
149 -0.599493 0.0390122 -0.0263249
150 -0.543237 -0.0231794 -0.0983667
151 -0.539262 -0.0490625 -0.0648482
152 -0.534095 0.00728161 0.0939722
153 -0.528159 -0.0294092 0.0961849
154 -0.613399 0.015871 -0.0985063
155 -0.623583 -0.125979 0.068254
156 -0.646235 0.0502716 -0.0347161
157 -0.624772 -0.046153 -0.102897
158 -0.646235 0 -0.1
159 -0.646235 -0.0371008 0.0597063
160 -0.646235 -0.0711414 0.038456
161 -0.614557 -0.100433 0.105473
162 -0.611563 -0.0810136 -0.104708
163 -0.642687 -0.082749 -0.105542
164 -0.62597 -0.0966095 -0.078085
165 -0.532477 0.044243 0.060076
166 -0.566225 0.0635541 -0.0701466
167 -0.646235 0.0261169 -0.0656522
168 -0.599953 -0.142058 0.073107
169 -0.57422 -0.158717 0.0727979
170 -0.571235 0.0646224 0.0558924
171 -0.54468 0.0502126 0.0335443
172 -0.5044 -0.0313982 0.0639866
173 -0.486885 0.0161752 -0.0118809
174 -0.502046 0.0259092 -0.0421608
175 -0.646235 0.075 0.1
176 -0.603163 0.0404725 0.0950632
177 -0.646235 0.0744889 0.0709772
178 -0.508522 -0.0399529 -0.0463468
179 -0.510912 -0.0544971 -0.0776391
180 -0.578287 0.0667786 0.014298
181 -0.487494 0.0174014 0.0246559
182 -0.513377 0.034132 0.036153
183 -0.508579 0.00370525 0.0464367
184 -0.55313 -0.122239 -0.0651034
185 -0.574112 -0.116014 -0.10422
186 -0.594316 -0.110989 -0.0778629
187 -0.571374 -0.0883595 -0.072674
188 -0.646235 0.1 -0.05
189 -0.646235 0.1 0.05
190 -0.635863 -0.12109 -0.0247835
191 -0.627289 -0.125488 -0.0586053
192 -0.539215 -0.0813045 -0.0696611
193 -0.643299 -0.115462 0.0361396
194 -0.646235 -0.1 0.025
195 -0.646235 0.05 -0.1
196 -0.646235 -0.05 0.1
197 -0.622673 -0.0330307 0.101907
198 -0.646235 -0.1 -0.1
199 -0.646235 -0.0710655 -0.0775316
200 -0.646235 -0.08027 -0.0262146
201 -0.593449 0.0741992 -0.0620037
202 -0.562723 0.060264 -0.0415169
203 -0.581413 -0.152174 0.105929
204 -0.603979 -0.136703 0.107013
205 -0.495709 -0.0132709 -0.0255743
206 -0.559664 -0.0751764 0.101728
207 -0.493206 0.0213133 0.0591526
208 -0.646235 0.0169698 0.0345753
209 -0.473068 0.00835067 -0.0456556
210 -0.563009 -0.0565358 -0.100969
211 -0.587514 0.0728074 0.0931062
212 -0.588524 0.0752508 -0.0930557
213 -0.548058 -0.127543 -0.0175374
214 -0.541491 -0.0952057 -0.000818065
215 -0.603278 -0.140701 -0.052752
216 -0.604927 -0.0171361 -0.100544
217 -0.646235 -0.0718804 0.0698327
218 -0.602117 -0.141568 0.00624732
219 -0.646235 -0.05 -0.1
220 -0.646235 0 0.1
221 -0.646235 0.05 0.1
222 -0.614298 0.0062078 0.097974
223 -0.529666 -0.0704314 -0.100698
224 -0.487995 0.0188953 -0.0951471
225 -0.627035 -0.123176 -0.106801
226 -0.605373 -0.136936 -0.107719
227 -0.599917 -0.10732 -0.105797
228 -0.603919 -0.139213 -0.0831508
229 -0.646235 -0.1 -0.025
230 -0.646235 0.1 -0.1
231 -0.591639 -0.148665 -0.028319
232 -0.580613 -0.155527 -0.0698708
233 -0.583127 -0.151959 -0.106185
234 -0.487236 -0.0122195 0.0668385
235 -0.646235 0.1 0.1
236 -0.530716 -0.0897936 0.0293044
237 -0.646235 -0.1 0.05
238 -0.576298 -0.160496 0.00344341
239 -0.556972 -0.0869594 -0.102472
240 -0.582629 -0.082514 -0.104108
241 -0.646235 -0.1 0.1
242 -0.50542 -0.0445004 -0.0988549
243 -0.650546 -0.110878 -0.106933
244 -0.535561 -0.110297 0.0497758
245 -0.625733 -0.124346 0.107113
246 -0.646235 -0.1 0
247 -0.646235 -0.075 -0.1
248 -0.52384 -0.0928105 0.0776049
249 -0.517475 -0.066434 0.0979377
250 -0.456037 -0.0702291 0.0373364
251 -0.496993 -0.0662157 0.02671
252 -0.46591 -0.0744604 0.00446663
253 -0.472076 -0.105146 0.0374693
254 -0.471509 -0.0323375 -0.00636648
255 -0.456341 -0.00502116 0.0108539
256 -0.540302 -0.187832 -0.00297564
257 -0.52048 -0.153054 0.000995562
258 -0.555778 -0.174738 0.0119564
259 -0.544245 -0.184061 0.0249651
260 -0.52371 -0.134335 0.101179
261 -0.492816 -0.153415 0.100329
262 -0.510315 -0.134281 0.0661786
263 -0.495831 -0.124708 0.0996431
264 -0.413534 -0.0746932 -0.0315481
265 -0.429961 -0.0701058 0.000104164
266 -0.436911 -0.091697 -0.0343584
267 -0.422036 -0.103585 -0.00547951
268 -0.494306 -0.174387 0.0648844
269 -0.495509 -0.136363 0.0377942
270 -0.472374 -0.143885 0.069041
271 -0.566141 -0.167133 -0.0381026
272 -0.555492 -0.174993 -0.013725
273 -0.476403 -0.0274708 0.0344603
274 -0.464802 -0.0412481 0.0666922
275 -0.518975 -0.205924 -0.0187598
276 -0.495375 -0.226826 -0.0273633
277 -0.473483 -0.197344 -0.0187408
278 -0.50375 -0.219361 0.00994484
279 -0.438307 -0.0558034 -0.0501119
280 -0.439869 -0.0519992 -0.0184867
281 -0.56098 -0.169862 0.0410134
282 -0.478411 -0.171436 0.0344655
283 -0.512585 -0.167554 0.0298041
284 -0.538312 -0.186552 0.103115
285 -0.516129 -0.204967 0.101939
286 -0.531657 -0.19294 0.0813208
287 -0.519228 -0.172065 0.101749
288 -0.466016 -0.120093 -0.00701783
289 -0.44267 -0.101819 0.0143905
290 -0.489376 -0.0603079 0.0598978
291 -0.533648 -0.156908 -0.0379854
292 -0.48702 -0.099914 -0.0429782
293 -0.507877 -0.11261 -0.0109629
294 -0.488181 -0.0907271 -0.0125546
295 -0.403941 -0.0448016 0.0149875
296 -0.42681 -0.0264474 -0.00265882
297 -0.445839 -0.0452904 0.0148827
298 -0.522862 -0.168213 0.0735992
299 -0.55039 -0.177896 0.0768251
300 -0.425981 -0.0770876 0.0692985
301 -0.482518 -0.0833026 0.0675916
302 -0.519126 -0.121594 0.0213222
303 -0.533958 -0.153126 0.0428522
304 -0.495377 -0.101812 0.0149838
305 -0.4875 -0.127354 -0.0691903
306 -0.517059 -0.114156 -0.0717817
307 -0.521608 -0.12275 -0.0449366
308 -0.516458 -0.15987 -0.068607
309 -0.539632 -0.152743 -0.0762007
310 -0.494767 -0.0596766 -0.0210064
311 -0.466894 -0.0338021 -0.0398498
312 -0.386535 -0.10058 -0.0299282
313 -0.374665 -0.0689009 -0.0345273
314 -0.387549 -0.0907952 -0.0652787
315 -0.457019 -0.0784137 -0.0243026
316 -0.454909 -0.0864931 -0.0665769
317 -0.398049 -0.0893798 0.0524723
318 -0.408086 -0.0402004 0.0474473
319 -0.388389 -0.0559316 0.0674416
320 -0.506115 -0.172122 -0.0248254
321 -0.503003 -0.187139 0.00650165
322 -0.417058 -0.0893289 -0.061291
323 -0.485092 -0.190893 0.10046
324 -0.453029 -0.194998 0.0994042
325 -0.479103 -0.193319 0.0748946
326 -0.461877 -0.164405 0.0991566
327 -0.533061 -0.152003 -0.103031
328 -0.55276 -0.178043 -0.0734026
329 -0.540204 -0.186525 -0.103802
330 -0.504149 -0.0981459 0.0474932
331 -0.451369 -0.00756545 -0.0222172
332 -0.517607 -0.0790783 0.000501934
333 -0.520861 -0.09198 -0.0323638
334 -0.539665 -0.188258 -0.0425124
335 -0.531575 -0.194308 -0.0781455
336 -0.506096 -0.188952 -0.0806602
337 -0.413722 -0.119413 -0.0339623
338 -0.48379 -0.0383128 0.00931162
339 -0.457103 -0.161931 0.00940621
340 -0.440875 -0.181465 0.032277
341 -0.470898 -0.199707 0.013965
342 -0.535257 -0.190631 0.0519822
343 -0.513545 -0.20817 0.0743749
344 -0.493752 -0.0448384 0.0961874
345 -0.493115 -0.075285 0.0976512
346 -0.431213 -0.0539042 0.0952988
347 -0.427292 -0.085297 0.0961208
348 -0.405457 -0.0702037 0.0949633
349 -0.4145 -0.125355 0.0284812
350 -0.428077 -0.13764 0.0697886
351 -0.4056 -0.116528 0.067118
352 -0.432383 -0.104599 0.0463116
353 -0.480536 -0.100484 -0.100388
354 -0.505062 -0.129909 -0.10185
355 -0.471016 -0.140216 -0.101252
356 -0.483128 -0.161638 -0.0739938
357 -0.453546 -0.177551 -0.101705
358 -0.458439 -0.158224 -0.0739828
359 -0.471529 -0.191023 -0.0784458
360 -0.480799 -0.0565015 -0.0574344
361 -0.490861 -0.187323 -0.0503715
362 -0.485415 -0.235544 -0.0651091
363 -0.512176 -0.211858 -0.063573
364 -0.450114 -0.115258 -0.1004
365 -0.42952 -0.117349 -0.0679113
366 -0.460125 -0.121774 -0.0704797
367 -0.441035 -0.142254 -0.100848
368 -0.460874 -0.000690287 0.0433678
369 -0.438075 -0.0166386 0.0645245
370 -0.43605 -0.0431101 0.0478879
371 -0.462853 -0.0707038 0.0965505
372 -0.397155 -0.0497522 -0.0487063
373 -0.400422 -0.0477437 -0.0175203
374 -0.540711 -0.142326 0.0759651
375 -0.494541 -0.142556 -0.0334909
376 -0.470548 -0.1548 -0.0417987
377 -0.488977 -0.037773 -0.075863
378 -0.466469 -0.0266361 -0.0654613
379 -0.537304 -0.113016 -0.102264
380 -0.411626 -0.036363 0.0734313
381 -0.415976 -0.0775066 0.0297962
382 -0.559657 -0.168487 0.105003
383 -0.456907 -0.17967 -0.0504884
384 -0.421098 -0.03025 -0.034717
385 -0.414324 -0.0355379 -0.0678181
386 -0.462841 -0.0314031 0.0938134
387 -0.518041 -0.205504 -0.103621
388 -0.499749 -0.170333 -0.102453
389 -0.510694 -0.0741163 -0.0620913
390 -0.501252 -0.0742891 -0.100492
391 -0.470055 -0.131949 0.098589
392 -0.450425 -0.108715 0.0727906
393 -0.489557 -0.11703 0.0738365
394 -0.486729 -0.0831884 -0.0758775
395 -0.389387 -0.083902 -0.00108401
396 -0.443092 -0.014442 -0.0560826
397 -0.455997 -0.051196 -0.0741777
398 -0.557673 -0.140597 -0.104012
399 -0.417326 -0.116443 0.0965622
400 -0.448712 -0.167008 -0.017458
401 -0.494432 -0.225171 0.101339
402 -0.483046 -0.163618 -0.00311002
403 -0.48898 -0.138627 0.0109575
404 -0.399813 -0.0454667 0.0939783
405 -0.413105 -0.116535 -0.099946
406 -0.406796 -0.0760168 -0.0989618
407 -0.464569 0.0025904 -0.0753297
408 -0.510575 -0.0974786 -0.101171
409 -0.434827 -0.150029 -0.0534056
410 -0.433954 -0.138118 -0.00497001
411 -0.455071 -0.119498 -0.0361396
412 -0.509837 -0.21289 0.043354
413 -0.45046 -0.139505 0.033597
414 -0.45091 -0.176767 0.0645041
415 -0.469246 -0.210715 0.045284
416 -0.3757 -0.0686592 -0.00213758
417 -0.383013 -0.105179 0.0304313
418 -0.438717 -0.140131 0.0981585
419 -0.508015 -0.0993522 0.0995483
420 -0.373309 -0.0681187 0.0942415
421 -0.445727 -0.0754631 -0.0990853
422 -0.485053 -0.198711 -0.102474
423 -0.492225 -0.22774 0.0693668
424 -0.449509 -0.106851 0.0972946
425 -0.48006 -0.101648 0.0979872
426 -0.383353 -0.0947214 -0.0990015
427 -0.390964 -0.126192 -0.0654422
428 -0.472159 -0.0374675 -0.0973746
429 -0.420925 -0.0629004 -0.0734522
430 -0.431672 -0.0226662 0.0303296
431 -0.496525 -0.224897 -0.102711
432 -0.375054 -0.0681378 -0.0982586
433 -0.4815 -0.0654854 -0.0993683
434 -0.561988 -0.169908 -0.105602
435 -0.379838 -0.0640289 0.0338307
436 -0.401694 -0.0453912 -0.0969965
437 -0.392609 -0.0532503 -0.0751333
438 -0.424457 -0.164522 0.0156176
439 -0.457159 -0.00134397 -0.0950961
440 -0.426831 -0.0229355 0.0926829
441 -0.466425 0.00449995 0.0699121
442 -0.425099 -0.0524246 -0.0977331
443 -0.444973 -0.0386207 -0.0971134
444 -0.385101 -0.0920553 0.0754235
445 -0.395431 -0.0969418 0.0956841
446 -0.373048 -0.0709366 -0.0644939
447 -0.456756 -0.00124622 0.091951
448 -0.488051 -0.232782 0.037449
449 -0.525204 -0.200378 0.0184507
450 -0.429162 -0.0234716 -0.0969267
451 -0.356962 -0.083362 0.0611854
452 -0.406344 -0.148732 0.0974739
453 -0.344047 -0.18803 0.00674877
454 -0.337215 -0.218367 0.0395402
455 -0.314587 -0.189041 0.0293986
456 -0.338322 -0.169144 0.0389826
457 -0.388497 -0.241872 0.0984667
458 -0.370109 -0.225454 0.070298
459 -0.393594 -0.262865 0.0600413
460 -0.40624 -0.224077 0.0676337
461 -0.346454 -0.0932667 -0.0510925
462 -0.348218 -0.0912203 -0.0801062
463 -0.355229 -0.114342 -0.0771842
464 -0.381662 -0.27763 -0.00489899
465 -0.422688 -0.292658 -0.00270958
466 -0.394858 -0.28055 -0.0353058
467 -0.401261 -0.312336 -0.0251464
468 -0.334334 -0.213455 -0.0674465
469 -0.346473 -0.200467 -0.0329878
470 -0.369175 -0.199628 -0.0649596
471 -0.354616 -0.22972 -0.0372639
472 -0.365356 -0.251238 0.0204153
473 -0.351008 -0.248359 0.0578902
474 -0.377813 -0.28497 0.039756
475 -0.42625 -0.253883 0.0748591
476 -0.421945 -0.256186 -0.101854
477 -0.43794 -0.278804 -0.0695625
478 -0.42967 -0.286381 -0.101812
479 -0.425363 -0.253936 -0.0757817
480 -0.357728 -0.245563 -0.0743078
481 -0.382484 -0.247505 -0.0423261
482 -0.396945 -0.236699 -0.0742953
483 -0.326107 -0.11069 0.0483246
484 -0.334051 -0.138716 0.0589326
485 -0.331726 -0.104729 0.0744551
486 -0.348024 -0.127581 0.042704
487 -0.322842 -0.112299 0.0955059
488 -0.333688 -0.145291 0.0960989
489 -0.303497 -0.130758 0.0735067
490 -0.347055 -0.0930455 -0.0190126
491 -0.346268 -0.0933838 0.0189778
492 -0.365067 -0.119437 -0.00945512
493 -0.371385 -0.2015 0.0259471
494 -0.383779 -0.190626 0.0701904
495 -0.35246 -0.183158 0.0609016
496 -0.34958 -0.230145 -0.101725
497 -0.327278 -0.194306 -0.101584
498 -0.319246 -0.226707 -0.101865
499 -0.383561 -0.224502 0.0441336
500 -0.40898 -0.166913 -0.0223025
501 -0.404748 -0.141091 0.000267587
502 -0.414806 -0.208082 0.0292798
503 -0.449571 -0.226745 0.0176719
504 -0.423612 -0.247179 0.0334969
505 -0.443362 -0.209936 0.0365237
506 -0.391544 -0.205311 -0.0374638
507 -0.418772 -0.229733 -0.0433253
508 -0.428282 -0.186927 -0.0506049
509 -0.408716 -0.209079 -0.0728451
510 -0.456872 -0.22571 -0.0113729
511 -0.454462 -0.228596 -0.0374071
512 -0.441372 -0.22441 0.0597769
513 -0.419066 -0.186166 0.0693944
514 -0.398162 -0.171621 0.0153766
515 -0.396046 -0.182093 0.0438864
516 -0.392439 -0.186627 -0.101199
517 -0.413315 -0.220416 -0.101636
518 -0.422973 -0.189977 -0.101528
519 -0.416657 -0.264377 -0.0378414
520 -0.444679 -0.272597 -0.0334528
521 -0.417714 -0.262537 -0.00371199
522 -0.436691 -0.246822 -0.0332997
523 -0.435495 -0.205651 -0.0268707
524 -0.45655 -0.210093 -0.0572879
525 -0.343152 -0.222597 -0.00297131
526 -0.312301 -0.216428 0.00661372
527 -0.444202 -0.235152 -0.101958
528 -0.452214 -0.265403 -0.102018
529 -0.435895 -0.195713 0.00364909
530 -0.367631 -0.121093 0.0604489
531 -0.391696 -0.320795 0.014525
532 -0.402133 -0.274042 0.0216062
533 -0.409137 -0.149914 -0.0799671
534 -0.474337 -0.243986 0.0622193
535 -0.460511 -0.224422 0.0784774
536 -0.421775 -0.293576 -0.0435655
537 -0.48008 -0.240176 0.0054472
538 -0.402202 -0.209672 -0.00598561
539 -0.392284 -0.243613 0.0176584
540 -0.403976 -0.270133 -0.0663387
541 -0.370792 -0.192798 -0.0162899
542 -0.387177 -0.134496 -0.0267682
543 -0.340091 -0.138653 -0.0229353
544 -0.371047 -0.158112 -0.0408124
545 -0.358407 -0.121817 -0.0461334
546 -0.312623 -0.15649 0.030816
547 -0.309722 -0.163898 0.0658359
548 -0.279878 -0.19421 0.0529926
549 -0.268141 -0.163618 0.0291468
550 -0.461123 -0.257172 -0.0652866
551 -0.474671 -0.244787 -0.10233
552 -0.293888 -0.140396 0.00367008
553 -0.292607 -0.180522 0.00710565
554 -0.396288 -0.247518 -0.0138746
555 -0.43933 -0.225491 -0.0718965
556 -0.463991 -0.214451 -0.101711
557 -0.316274 -0.230639 -0.028698
558 -0.418234 -0.160877 -0.100836
559 -0.435135 -0.180907 -0.0778892
560 -0.389835 -0.122309 0.000846499
561 -0.300108 -0.135456 -0.0642335
562 -0.308519 -0.162427 -0.0259842
563 -0.282944 -0.150676 -0.0360294
564 -0.317479 -0.11938 -0.0377912
565 -0.317353 -0.119271 0.0221015
566 -0.28414 -0.187182 -0.0523896
567 -0.292775 -0.183288 -0.101725
568 -0.306471 -0.161494 -0.0758936
569 -0.277104 -0.156141 -0.0770897
570 -0.362637 -0.158519 0.0361769
571 -0.344481 -0.171389 -0.0298865
572 -0.429723 -0.285037 0.0582871
573 -0.400635 -0.1698 -0.0695778
574 -0.374125 -0.199019 0.0977429
575 -0.341249 -0.184546 0.0969832
576 -0.34881 -0.224869 0.0976661
577 -0.338685 -0.221924 0.0759484
578 -0.406946 -0.147014 -0.051379
579 -0.36798 -0.149775 -0.0747532
580 -0.379961 -0.216521 -0.101614
581 -0.328343 -0.156602 0.0040521
582 -0.304056 -0.131602 -0.0184138
583 -0.31013 -0.197714 0.0664366
584 -0.304205 -0.173773 0.0965539
585 -0.31663 -0.152465 -0.10104
586 -0.322645 -0.114393 -0.0717653
587 -0.30028 -0.135229 -0.100877
588 -0.388948 -0.126783 0.0965423
589 -0.321481 -0.19224 -0.0128651
590 -0.352918 -0.263252 0.0979351
591 -0.358527 -0.273508 0.0738214
592 -0.371378 -0.156658 0.0968982
593 -0.416636 -0.298463 -0.0748965
594 -0.405692 -0.277683 -0.101762
595 -0.385592 -0.300078 -0.0802839
596 -0.426723 -0.231686 -0.00519868
597 -0.386937 -0.251259 -0.101682
598 -0.382976 -0.288331 -0.101796
599 -0.378234 -0.273336 -0.0752698
600 -0.370512 -0.155443 -0.00155383
601 -0.388815 -0.155614 0.0677912
602 -0.39654 -0.177398 0.0975838
603 -0.334922 -0.14546 -0.0608865
604 -0.360829 -0.114243 0.0957494
605 -0.361081 -0.193506 -0.101489
606 -0.372057 -0.171715 -0.101056
607 -0.324525 -0.112368 -0.100047
608 -0.342695 -0.126974 -0.100215
609 -0.357841 -0.152751 0.0685316
610 -0.413133 -0.300788 0.0374887
611 -0.419257 -0.258524 0.0990105
612 -0.40447 -0.275722 0.0989106
613 -0.319957 -0.174046 -0.0480514
614 -0.439085 -0.206451 -0.101699
615 -0.30959 -0.205043 -0.043885
616 -0.415993 -0.156191 0.0489331
617 -0.342038 -0.175745 -0.0718648
618 -0.289652 -0.205291 -0.0184107
619 -0.321255 -0.115889 -0.00495229
620 -0.351039 -0.133517 0.0156572
621 -0.372506 -0.229901 -0.0105428
622 -0.465479 -0.252627 0.0361383
623 -0.452342 -0.264043 0.0707309
624 -0.384289 -0.140813 0.0360317
625 -0.381417 -0.285529 0.0984489
626 -0.4052 -0.306987 0.0988805
627 -0.410124 -0.302897 0.071794
628 -0.355014 -0.26881 -0.101859
629 -0.404571 -0.309559 -0.0544565
630 -0.402701 -0.204503 0.0983341
631 -0.359091 -0.277822 -0.0447288
632 -0.470486 -0.248917 -0.0289874
633 -0.451864 -0.26569 0.00566659
634 -0.370869 -0.122476 -0.100047
635 -0.386492 -0.151949 -0.100643
636 -0.352765 -0.158372 -0.10083
637 -0.348886 -0.090203 -0.0992946
638 -0.432468 -0.283241 0.0270644
639 -0.427138 -0.178083 0.0984451
640 -0.428333 -0.223761 0.0990775
641 -0.308038 -0.197135 -0.0770582
642 -0.427829 -0.2863 0.0993582
643 -0.297031 -0.1374 0.0407919
644 -0.346621 -0.264125 -0.017479
645 -0.462948 -0.223262 0.0999918
646 -0.269286 -0.162976 -0.00556005
647 -0.407027 -0.307381 -0.10171
648 -0.446073 -0.270426 0.0394291
649 -0.274603 -0.156368 0.0959538
650 -0.274297 -0.157356 0.0656625
651 -0.347586 -0.0902012 0.0948372
652 -0.298618 -0.134767 0.0954654
653 -0.275309 -0.185385 0.096432
654 -0.316084 -0.211547 0.0971646
655 -0.383377 -0.300296 -0.0580473
656 -0.45004 -0.265429 0.0999996
657 -0.472329 -0.244538 0.100331
658 -0.276256 -0.156864 -0.101551
659 -0.392072 -0.319944 0.0530837
660 -0.361008 -0.315026 0.0416828
661 -0.314751 -0.391541 -0.102059
662 -0.297854 -0.372941 -0.070577
663 -0.338026 -0.370679 -0.10187
664 -0.335258 -0.372936 -0.0713656
665 -0.239036 -0.306247 -0.0691469
666 -0.231959 -0.297786 -0.102911
667 -0.26664 -0.291798 -0.102546
668 -0.241013 -0.274339 -0.102828
669 -0.258278 -0.210996 -0.0448769
670 -0.265458 -0.199093 -0.0134579
671 -0.254803 -0.262758 0.00731377
672 -0.225075 -0.290927 -0.0155239
673 -0.24659 -0.268861 -0.0243983
674 -0.221918 -0.243838 -0.00219988
675 -0.268809 -0.294852 0.0196543
676 -0.238764 -0.306982 0.0411499
677 -0.235826 -0.303386 0.0113
678 -0.249232 -0.278056 0.0409423
679 -0.341992 -0.326455 0.0587885
680 -0.340429 -0.366961 0.0646757
681 -0.355025 -0.354048 0.041645
682 -0.321782 -0.348203 0.0312692
683 -0.25311 -0.177932 -0.0597846
684 -0.251299 -0.179462 -0.0242542
685 -0.358386 -0.29877 -0.101864
686 -0.323195 -0.28233 0.0977277
687 -0.319685 -0.260402 0.0596143
688 -0.319249 -0.300471 0.0724167
689 -0.344772 -0.285125 0.0531379
690 -0.370871 -0.339267 0.0686151
691 -0.222554 -0.245661 0.0343877
692 -0.214017 -0.278577 0.015538
693 -0.279424 -0.317578 -0.014568
694 -0.256273 -0.326757 0.0199241
695 -0.268583 -0.34046 -0.011515
696 -0.246428 -0.315199 -0.0105707
697 -0.284524 -0.271898 0.0572238
698 -0.318601 -0.30052 0.0333425
699 -0.31009 -0.287757 -0.0308935
700 -0.272498 -0.293399 -0.0397418
701 -0.307881 -0.281767 -0.0702295
702 -0.286911 -0.262282 -0.0377125
703 -0.278704 -0.25612 0.0334074
704 -0.246204 -0.250663 0.0614231
705 -0.254121 -0.236252 0.0286791
706 -0.307701 -0.337716 -0.0293092
707 -0.299128 -0.300456 -0.00765271
708 -0.298683 -0.312845 -0.0507567
709 -0.358673 -0.351484 -0.0257105
710 -0.310381 -0.333255 0.00415954
711 -0.335482 -0.372259 -0.00980983
712 -0.336494 -0.314915 -0.0206715
713 -0.384231 -0.328557 -0.101704
714 -0.39527 -0.318245 -0.076782
715 -0.335572 -0.372433 -0.0397677
716 -0.323537 -0.342718 -0.0564041
717 -0.299524 -0.374987 -0.0429763
718 -0.320582 -0.247346 0.0974097
719 -0.307873 -0.232406 0.0673101
720 -0.313001 -0.352208 0.0724064
721 -0.369764 -0.303871 0.0689163
722 -0.353744 -0.303345 0.098129
723 -0.323197 -0.318873 0.0978516
724 -0.366456 -0.30492 -0.0246622
725 -0.236491 -0.191736 0.0697834
726 -0.256815 -0.215697 0.0966103
727 -0.323917 -0.257135 -0.0546724
728 -0.224969 -0.203228 -0.040151
729 -0.241074 -0.224452 -0.0231369
730 -0.251175 -0.179309 0.00569415
731 -0.295056 -0.275656 0.017264
732 -0.287645 -0.242324 0.00239497
733 -0.226459 -0.248807 -0.102922
734 -0.207964 -0.218717 -0.0731197
735 -0.255365 -0.225757 -0.0732052
736 -0.225864 -0.242595 -0.0520606
737 -0.351966 -0.290118 0.0135712
738 -0.350683 -0.322286 0.0133845
739 -0.279208 -0.261076 -0.0704699
740 -0.273158 -0.299821 -0.0749852
741 -0.290532 -0.325592 0.0975558
742 -0.266149 -0.338285 0.0613166
743 -0.27567 -0.307807 0.061733
744 -0.263067 -0.335051 0.0973361
745 -0.20294 -0.265148 -0.0741829
746 -0.200725 -0.262972 -0.0515958
747 -0.257728 -0.245367 -0.0484912
748 -0.290025 -0.225826 -0.0600876
749 -0.276971 -0.23666 -0.0252168
750 -0.215539 -0.278976 -0.103034
751 -0.182489 -0.24163 -0.103366
752 -0.218794 -0.284293 0.0607495
753 -0.278366 -0.206201 -0.102133
754 -0.308399 -0.258972 -0.0124085
755 -0.208693 -0.217114 0.0252725
756 -0.255704 -0.223052 0.0084039
757 -0.204633 -0.221123 -0.0066605
758 -0.200048 -0.225498 -0.0356955
759 -0.202945 -0.265694 -0.0263277
760 -0.322389 -0.253723 0.0214321
761 -0.314183 -0.236169 -0.0771313
762 -0.248474 -0.316512 -0.102748
763 -0.373465 -0.337356 0.0385954
764 -0.233027 -0.19623 -0.075509
765 -0.257089 -0.288343 0.0753769
766 -0.292151 -0.268462 0.0972998
767 -0.26153 -0.255286 0.0969804
768 -0.314364 -0.391505 -0.0520622
769 -0.289437 -0.234472 0.0969772
770 -0.318185 -0.345513 -0.102048
771 -0.352787 -0.357174 -0.0807099
772 -0.23757 -0.191222 0.0350542
773 -0.253337 -0.176574 0.0589626
774 -0.250569 -0.216009 0.0490826
775 -0.313467 -0.391366 0.0479444
776 -0.294569 -0.370126 0.0382941
777 -0.295795 -0.272698 -0.102218
778 -0.241869 -0.230538 0.0773697
779 -0.215629 -0.247019 0.0725471
780 -0.382425 -0.32811 0.0986302
781 -0.360036 -0.349857 0.0101083
782 -0.229698 -0.19865 -0.00199468
783 -0.277094 -0.204783 0.0180334
784 -0.29183 -0.227781 0.0374102
785 -0.313977 -0.391405 -0.00207487
786 -0.29312 -0.368024 -0.0145003
787 -0.29888 -0.374694 0.0123522
788 -0.229271 -0.199752 -0.102743
789 -0.249774 -0.221363 -0.102548
790 -0.332941 -0.374171 0.0253478
791 -0.217818 -0.282348 -0.050657
792 -0.242648 -0.267218 -0.077814
793 -0.29818 -0.297464 0.0975299
794 -0.279755 -0.35331 0.0183948
795 -0.293266 -0.332485 -0.0717068
796 -0.261042 -0.331327 -0.073012
797 -0.255508 -0.325388 -0.0409314
798 -0.213217 -0.21265 0.062897
799 -0.227631 -0.19933 0.0964212
800 -0.229788 -0.220226 0.0965814
801 -0.204155 -0.220267 0.0963775
802 -0.181304 -0.24148 0.0214947
803 -0.181523 -0.241619 -0.00347992
804 -0.196077 -0.25829 0.0346992
805 -0.239891 -0.308437 0.0716337
806 -0.246571 -0.316198 0.0971344
807 -0.324462 -0.315171 -0.0773375
808 -0.359427 -0.349271 0.098345
809 -0.275221 -0.23292 0.0671924
810 -0.281457 -0.354199 -0.102369
811 -0.382572 -0.329804 -0.0475159
812 -0.322577 -0.289699 0.00133855
813 -0.279618 -0.352596 -0.0507019
814 -0.302903 -0.333108 0.0541013
815 -0.288861 -0.31662 0.0253978
816 -0.249728 -0.276603 -0.0545692
817 -0.348009 -0.286667 -0.0766764
818 -0.264768 -0.295187 0.0971692
819 -0.356483 -0.353622 -0.0559174
820 -0.354199 -0.317073 -0.0605189
821 -0.288717 -0.20449 0.0967793
822 -0.323528 -0.255063 -0.101986
823 -0.181946 -0.241697 -0.0533786
824 -0.304298 -0.307391 -0.10222
825 -0.284939 -0.324739 -0.102375
826 -0.205917 -0.220803 -0.103074
827 -0.333114 -0.294531 -0.0494426
828 -0.276599 -0.280304 -0.0105931
829 -0.313214 -0.391297 0.0729348
830 -0.336281 -0.370292 0.0981108
831 -0.314236 -0.354558 0.0978439
832 -0.379483 -0.332319 -0.0146133
833 -0.279673 -0.3538 0.0975339
834 -0.341736 -0.319747 -0.101858
835 -0.372512 -0.339108 -0.0770051
836 -0.392394 -0.319228 0.0791234
837 -0.221366 -0.286011 -0.0799654
838 -0.25103 -0.178091 0.0962021
839 -0.25266 -0.178581 -0.102167
840 -0.229087 -0.245758 0.096704
841 -0.291085 -0.236275 -0.102166
842 -0.18111 -0.241394 0.0464372
843 -0.198179 -0.260859 0.0673806
844 -0.192778 -0.230678 0.0743904
845 -0.213711 -0.278583 0.0967705
846 -0.239745 -0.273691 0.0969077
847 -0.180722 -0.241083 0.0963823
848 -0.197199 -0.259859 0.0965709
849 -0.329067 -0.287815 -0.101981
850 -0.236678 -0.303925 -0.0366491
851 -0.293923 -0.36965 0.0689395
852 -0.313733 -0.391394 0.0229368
853 -0.31418 -0.391474 -0.0270741
854 -0.302391 -0.210219 -0.101881
855 -0.361198 -0.349623 -0.101732
856 -0.262212 -0.257103 -0.102537
857 -0.180885 -0.241226 0.0713926
858 -0.296301 -0.372527 0.0977209
859 -0.230092 -0.297425 0.096937
860 -0.312972 -0.3912 0.0979202
861 -0.256224 -0.291875 0.000392089
862 -0.258958 -0.303813 0.00631463
863 -0.26787 -0.322175 0.00268276
864 -0.276741 -0.330873 0.00333574
865 -0.246476 -0.292045 -0.017488
866 -0.246791 -0.279914 0.00899647
867 -0.244165 -0.209501 0.0325183
868 -0.238637 -0.216445 0.0423134
869 -0.22525 -0.201983 0.0489941
870 -0.335293 -0.350804 0.0848462
871 -0.273775 -0.225554 0.022917
872 -0.280924 -0.218696 0.0122438
873 -0.272705 -0.214276 -0.00504205
874 -0.271272 -0.201939 0.00217599
875 -0.267357 -0.230668 -0.0101172
876 -0.264934 -0.335369 -0.102554
877 -0.272989 -0.328021 -0.0876876
878 -0.369898 -0.308574 -0.0703993
879 -0.205516 -0.252854 0.0529772
880 -0.189639 -0.25113 0.0568976
881 -0.186916 -0.236053 0.060344
882 -0.219689 -0.246212 0.0501419
883 -0.227702 -0.26033 0.0847312
884 -0.21458 -0.26427 0.0857784
885 -0.272964 -0.180673 -0.0807541
886 -0.280623 -0.171641 -0.0647068
887 -0.268043 -0.164421 -0.0478439
888 -0.267742 -0.183253 -0.0383126
889 -0.318295 -0.373912 -0.0578726
890 -0.306112 -0.382223 -0.061324
891 -0.301492 -0.310085 -0.0764866
892 -0.30915 -0.323689 -0.0745715
893 -0.278971 -0.182989 -0.0116364
894 -0.255714 -0.201275 -0.0887538
895 -0.255941 -0.188633 0.083078
896 -0.251828 -0.177565 0.0832315
897 -0.263627 -0.180734 0.0764548
898 -0.274712 -0.169398 0.0788124
899 -0.291542 -0.175377 0.0818622
900 -0.292937 -0.167512 0.0846679
901 -0.291735 -0.160241 0.0812562
902 -0.292579 -0.191465 0.0816211
903 -0.334505 -0.342373 -0.0107755
904 -0.239923 -0.291572 -0.0846559
905 -0.342708 -0.114512 0.053174
906 -0.350482 -0.113518 0.0487211
907 -0.443398 -0.239199 0.0766999
908 -0.434877 -0.22404 0.0794428
909 -0.47822 -0.224411 0.0900607
910 -0.471273 -0.208611 0.0875233
911 -0.475098 -0.206509 0.100492
912 -0.482094 -0.236357 0.0856693
913 -0.358001 -0.186618 -0.0489438
914 -0.356108 -0.16724 -0.0567615
915 -0.368341 -0.169368 -0.0710346
916 -0.35704 -0.17378 -0.0864906
917 -0.37055 -0.185815 -0.0829039
918 -0.386556 -0.170568 -0.085313
919 -0.389561 -0.169566 -0.10097
920 -0.405017 -0.168145 -0.0460312
921 -0.414759 -0.162084 -0.0511304
922 -0.455305 -0.233118 0.0362814
923 -0.446331 -0.225924 0.0341415
924 -0.417327 -0.280222 0.0785804
925 -0.44786 -0.208275 -0.0795464
926 -0.437617 -0.208464 -0.0742172
927 -0.406505 -0.260715 0.0794673
928 -0.380772 -0.0842896 -0.0155589
929 -0.383391 -0.0780798 -0.0143088
930 -0.476007 -0.218216 -0.0423654
931 -0.487694 -0.215294 -0.0588258
932 -0.496204 -0.203634 -0.0694372
933 -0.498504 -0.188178 -0.065502
934 -0.325588 -0.129146 0.0404697
935 -0.313536 -0.137947 0.0488729
936 -0.321456 -0.149205 0.042455
937 -0.369049 -0.0884397 -0.00964307
938 -0.369511 -0.0885157 0.00815359
939 -0.376342 -0.10272 -0.00546991
940 -0.384622 -0.0739077 0.0164148
941 -0.396174 -0.0647049 0.00690658
942 -0.403111 -0.0805634 0.0147511
943 -0.410229 -0.0768898 -0.000582022
944 -0.40666 -0.0943052 -0.00330672
945 -0.328439 -0.125565 0.0772615
946 -0.320026 -0.115525 0.0741069
947 -0.332538 -0.117073 0.0688095
948 -0.346262 -0.127621 0.0757843
949 -0.445854 -0.0116147 -0.0858047
950 -0.454792 -0.0174405 -0.085488
951 -0.447793 -0.0249481 -0.0804967
952 -0.443298 -0.0288209 -0.0797822
953 -0.452874 -0.0339704 -0.0850979
954 -0.453104 -0.013587 -0.0954781
955 -0.461238 -0.0113323 -0.0834468
956 -0.527757 -0.0879181 0.0555521
957 -0.545535 -0.0848649 0.0483386
958 -0.526611 -0.0794044 0.0428756
959 -0.532342 -0.0592561 0.041493
960 -0.552974 -0.100716 0.0388557
961 -0.514122 -0.095544 0.0624964
962 -0.47583 -0.0652225 0.0786837
963 -0.479446 -0.0431329 0.0812739
964 -0.491302 -0.0689966 0.0812901
965 -0.474943 -0.00751549 0.0772046
966 -0.489852 -0.0748984 0.0468965
967 -0.495515 -0.091501 0.0834647
968 -0.516485 -0.190138 0.0880575
969 -0.524789 -0.198176 0.0905129
970 -0.529961 -0.157153 0.0892112
971 -0.54174 -0.151427 0.103259
972 -0.536992 -0.174513 0.0878169
973 -0.531043 -0.177903 0.0893467
974 -0.572768 -0.142406 -0.039265
975 -0.575874 -0.140762 -0.0243995
976 -0.559298 -0.144523 -0.0520862
977 -0.474051 -0.0301369 0.0150959
978 -0.473208 -0.0401916 0.0113644
979 -0.468398 -0.0535666 -0.00101299
980 -0.465065 -0.0521894 -0.0140216
981 -0.451389 -0.0619446 -0.00865527
982 -0.483264 -0.0462428 -0.0137891
983 -0.491981 -0.0343028 -0.00514415
984 -0.488333 -0.0295712 -0.00322965
985 -0.48097 -0.0819267 0.0492522
986 -0.521427 -0.13965 -0.090333
987 -0.525237 -0.15568 -0.0859154
988 -0.45433 -0.0799759 0.0685265
989 -0.626858 -0.0903477 -0.00192391
990 -0.629887 -0.0879633 -0.00484513
991 -0.579005 -0.0729256 0.0895846
992 -0.57231 -0.0658435 0.0904929
993 -0.571077 0.0465867 0.0330899
994 -0.574818 0.0659871 0.0357115
995 -0.558938 0.042111 0.0468091
996 -0.594835 -0.0563484 0.0806028
997 -0.629584 -0.0594187 0.0734059
998 -0.636638 -0.0429317 0.0900324
999 -0.628207 -0.0545296 0.103758
1000 -0.634701 -0.0356537 0.0860228
1001 -0.626052 -0.0706634 0.0735537
1002 -0.643229 -0.059167 -0.0837827
1003 -0.646235 -0.0514991 -0.0710455
1004 -0.630579 -0.0048891 -0.0626474
1005 -0.636083 -0.0121488 -0.0614478
1006 -0.631336 0.00433866 -0.0476604
1007 -0.646235 0.0212917 -0.0452575
1008 -0.635252 -0.0251221 -0.0872879
1009 -0.597262 -0.116465 0.0955231
1010 -0.590237 -0.119073 0.0891175
1011 -0.581186 -0.125391 0.104779
1012 -0.588579 -0.0646629 -0.0495341
1013 -0.354358 -0.210292 0.0327475
1014 -0.545432 -0.0151941 0.035099
1015 -0.623955 0.0279047 0.0856396
1016 -0.568091 -0.063513 0.0507005
1017 -0.597179 0.0608639 -0.0789483
1018 -0.577889 -0.0337872 0.0527511
1019 -0.330018 -0.328846 -0.0385229
1020 -0.504003 -0.0459185 0.032069
1021 -0.415019 -0.103091 -0.0804765
1022 -0.589151 0.0272393 0.0473661
1023 -0.646235 -0.0010511 0.0787283
1024 -0.560391 -0.0115657 0.0414562
1025 -0.281245 -0.196684 -0.0772622
1026 -0.340836 -0.251367 -0.0644806
1027 -0.334565 -0.258874 0.00194014
1028 -0.348393 -0.28761 0.033354
