1 -0.646235 0.0397274 0.0102966
2 -0.617625 0.0449313 -0.0116516
3 -0.609553 0.0422876 0.0107925
4 -0.618682 0.018589 -0.00702797
5 -0.548021 0.0449075 -0.0089561
6 -0.530345 0.0362321 -0.0358134
7 -0.517535 0.048746 -0.0118679
8 -0.535152 0.0199943 -0.0189638
9 -0.54224 -0.0216829 0.0232341
10 -0.525864 -0.0406641 0.0191196
11 -0.512697 -0.00924593 0.0143021
12 -0.515315 -0.0176875 0.0410165
13 -0.593238 0.0408965 -0.0540439
14 -0.611722 0.0676177 -0.0722016
15 -0.613425 0.0332722 -0.0780008
16 -0.627164 0.0479807 -0.0533341
17 -0.592648 -0.0537233 0.0159011
18 -0.584291 -0.0509457 -0.0164436
19 -0.607742 -0.0399437 -0.00986733
20 -0.591058 -0.0231659 -0.00978916
21 -0.515928 0.0684458 -0.0938828
22 -0.498865 0.0631606 -0.0940249
23 -0.509205 0.0656227 -0.078956
24 -0.526397 0.0582697 -0.0945733
25 -0.526129 -0.0835253 0.0788104
26 -0.546599 -0.0880478 0.0711515
27 -0.542791 -0.0570358 0.0753897
28 -0.529398 -0.0583202 0.0587693
29 -0.6076 -0.110917 -0.0639948
30 -0.605297 -0.0846349 -0.0440696
31 -0.594872 -0.115094 -0.0411188
32 -0.584454 -0.0961013 -0.0719796
33 -0.607089 -0.111955 0.0551307
34 -0.609672 -0.080971 0.0355837
35 -0.588642 -0.0910643 0.0255879
36 -0.61099 -0.111331 0.0325845
37 -0.628496 -0.0807603 0.00992564
38 -0.614047 -0.0620362 0.00921993
39 -0.602122 -0.0786782 -0.0136099
40 -0.625658 -0.0783222 -0.0238427
41 -0.575905 0.0121022 0.0278531
42 -0.543787 0.00932909 0.0315987
43 -0.565132 -0.0067543 0.0468668
44 -0.563281 -0.0176774 0.0257377
45 -0.555495 -0.128137 -0.0299774
46 -0.541044 -0.114478 -0.000204415
47 -0.562519 -0.126007 -0.0118777
48 -0.545808 -0.132096 -0.00346889
49 -0.618037 -0.0501283 -0.0385966
50 -0.625725 -0.0652315 -0.05314
51 -0.590531 -0.00350142 0.00902812
52 -0.590422 0.0185762 0.0134659
53 -0.562889 0.00112661 0.0058419
54 -0.56155 -0.0655494 -0.0377772
55 -0.542041 -0.0816336 -0.0140999
56 -0.556053 -0.0995626 -0.0363769
57 -0.532564 -0.0745858 -0.0337687
58 -0.59134 0.00948443 -0.067494
59 -0.581777 0.0139399 -0.0343673
60 -0.568226 0.0101556 -0.0575267
61 -0.567886 -0.0168775 -0.0767057
62 -0.5602 -0.0408729 -0.0557387
63 -0.591889 -0.0201101 -0.0659767
64 -0.588824 -0.0381651 -0.0790937
65 -0.61815 0.0235193 -0.0414117
66 -0.646235 0.0205317 -0.0690172
67 -0.646235 0.0219004 -0.0403006
68 -0.54235 -0.0573907 0.00607264
69 -0.520201 -0.059377 -0.00833996
70 -0.548955 -0.0328465 -0.00227699
71 -0.546642 -0.0147831 -0.0576635
72 -0.540009 -0.0303477 -0.0759717
73 -0.548814 0.00558688 -0.0764865
74 -0.52138 -0.0163789 -0.0782995
75 -0.558094 -0.0804107 -0.103711
76 -0.540655 -0.0996598 -0.103492
77 -0.549992 -0.0800624 -0.0841484
78 -0.558933 -0.104859 -0.10465
79 -0.507636 0.0271462 -0.0581243
80 -0.532817 0.0518948 -0.0644648
81 -0.52505 0.0294578 -0.0796956
82 -0.539293 0.0246177 -0.0564077
83 -0.576812 0.0195799 -0.0799936
84 -0.572545 -0.0759064 0.0161598
85 -0.572649 -0.0815239 -0.0153869
86 -0.567246 -0.0990294 0.00738367
87 -0.584075 -0.0953717 -0.00364098
88 -0.604979 -0.0248315 0.0254625
89 -0.597859 -0.0191374 0.0586275
90 -0.594555 -0.00437695 0.031348
91 -0.621818 -0.0162688 0.0446989
92 -0.574273 -0.00147663 0.0991638
93 -0.596734 0.00388761 0.0992323
94 -0.585963 0.0150149 0.0763668
95 -0.590931 -0.00910603 0.0818849
96 -0.545258 0.0745045 -0.028323
97 -0.573848 0.0557418 -0.0226066
98 -0.545026 0.0741438 -0.00636884
99 -0.604993 -0.00766483 -0.0294152
100 -0.576024 -0.0117846 -0.0401071
101 -0.609468 -0.00540946 -0.050099
102 -0.646235 0.0495473 -0.0792871
103 -0.5206 0.0117814 0.0528371
104 -0.537359 -0.0128914 0.054886
105 -0.594372 -0.0123274 -0.100365
106 -0.619866 0.00926126 0.0520739
107 -0.61385 0.0287998 0.0763585
108 -0.594278 0.0471703 0.0965844
109 -0.619691 0.0545569 0.0972348
110 -0.613803 0.0308598 0.0981069
111 -0.562574 -0.0624985 0.102833
112 -0.537421 -0.0990158 0.103511
113 -0.545142 -0.105973 0.050324
114 -0.546386 -0.131869 0.026779
115 -0.564283 -0.124805 0.0459843
116 -0.548098 -0.107671 0.0190103
117 -0.559076 0.0347209 -0.071218
118 -0.558145 0.0579673 -0.0801199
119 -0.594448 0.00919183 0.0533941
120 -0.611801 -0.00204389 0.0752583
121 -0.546402 0.00623808 -0.0416314
122 -0.524576 0.00415743 -0.0700144
123 -0.516435 0.00351601 -0.0460711
124 -0.566308 -0.101376 0.0690236
125 -0.574353 -0.119483 0.106082
126 -0.551224 -0.128702 0.0792394
127 -0.557558 -0.109832 0.104757
128 -0.564809 -0.0913353 0.0369073
129 -0.548927 -0.0843278 0.0185996
130 -0.528672 0.0345118 0.0679185
131 -0.529083 0.0527989 0.0951233
132 -0.511536 0.0339527 0.0960832
133 -0.5064 0.0469438 0.070687
134 -0.606298 0.0893882 0.0359856
135 -0.646235 0.1 0.05
136 -0.622861 0.0735294 0.0352929
137 -0.616315 0.0925607 0.0682006
138 -0.556319 0.0792148 0.0763224
139 -0.581995 0.0663291 0.0730598
140 -0.56991 0.0836407 0.0938505
141 -0.582128 0.0852558 0.0735909
142 -0.646235 -0.1 -0.025
143 -0.646235 -0.0669446 -0.00878942
144 -0.626785 -0.107123 -0.0100112
145 -0.522352 -0.090036 0.00315909
146 -0.558004 -0.0538997 0.0237768
147 -0.586154 -0.0655585 0.000590712
148 -0.573957 -0.0325107 0.00740796
149 -0.561533 -0.0644767 -0.00429333
150 -0.585894 0.0442519 -0.0785939
151 -0.622396 0.00488147 -0.0723438
152 -0.646235 0 -0.1
153 -0.618709 -0.0103682 -0.100277
154 -0.622046 -0.0203216 -0.0808552
155 -0.528777 0.0713554 -0.0770829
156 -0.590913 -0.0828586 0.0628129
157 -0.605056 -0.111313 0.0823461
158 -0.615406 -0.0875813 0.0608357
159 -0.564741 0.0348996 -0.0401175
160 -0.592581 -0.0582241 -0.0573883
161 -0.609124 -0.0810413 -0.0785049
162 -0.621111 0.0225377 -0.0987692
163 -0.646235 0.0743902 -0.0647839
164 -0.646235 0.075 -0.1
165 -0.620921 0.0787339 -0.0959594
166 -0.571785 -0.12225 0.00905721
167 -0.574427 -0.121235 -0.0225694
168 -0.58239 0.0319769 -0.0040733
169 -0.591991 0.00939009 -0.014161
170 -0.563853 -0.0694912 0.0499596
171 -0.540042 -0.0770493 0.0481575
172 -0.599437 0.0690381 0.0951553
173 -0.606985 0.0914154 0.0945083
174 -0.51763 0.0669114 -0.0400933
175 -0.555232 0.0547391 -0.0432067
176 -0.572681 -0.0473573 0.0705094
177 -0.54937 -0.0382234 0.101084
178 -0.573994 -0.0723187 0.081739
179 -0.583811 -0.0655231 0.0384358
180 -0.646235 0.0487504 -0.0434844
181 -0.646235 0.0260732 -0.0140953
182 -0.618349 0.0131467 0.0266226
183 -0.646235 0.0139269 0.0173436
184 -0.646235 0.0303691 0.0380635
185 -0.646235 -0.0399062 0.0164898
186 -0.625431 -0.0373528 0.0201741
187 -0.626412 -0.0684537 0.0354616
188 -0.589839 -0.117118 0.0372939
189 -0.596798 0.0413492 0.0559806
190 -0.623573 0.0335316 0.0498695
191 -0.546789 -0.024655 -0.0302074
192 -0.523835 -0.042772 -0.0258006
193 -0.528189 -0.0204299 -0.00430176
194 -0.585173 0.02871 -0.0974709
195 -0.597788 0.00622161 -0.099101
196 -0.579255 0.0835522 -0.0391246
197 -0.567861 0.0806547 -0.0120099
198 -0.614828 -0.0251765 -0.0574346
199 -0.646235 -0.0262817 -0.0475556
200 -0.627426 -0.0257014 -0.0338296
201 -0.537676 -0.0479072 -0.0510585
202 -0.545582 -0.0527343 -0.0231158
203 -0.598183 -0.0472187 0.102595
204 -0.589292 -0.0348821 0.0822289
205 -0.601798 -0.0605764 0.0824328
206 -0.564036 0.0561611 0.0954574
207 -0.570776 0.0233525 0.0974623
208 -0.583549 0.0383182 0.0765778
209 -0.553082 0.0325612 0.0753899
210 -0.549838 -0.000546095 -0.0165993
211 -0.571129 -0.00837731 -0.0134367
212 -0.616597 0.0916404 -0.00883158
213 -0.592939 0.0865981 -0.0171439
214 -0.59226 0.0604263 -0.00175719
215 -0.614459 0.0682545 -0.0218141
216 -0.5698 0.0834479 -0.0937575
217 -0.551887 0.0780989 -0.0807235
218 -0.579036 0.0726904 -0.0945043
219 -0.556471 0.0638357 -0.0943539
220 -0.581643 -0.117985 0.0709449
221 -0.597595 0.0384733 -0.0287258
222 -0.626314 0.054945 -0.0327942
223 -0.530034 -0.112621 -0.0479751
224 -0.553992 -0.104706 -0.0720955
225 -0.536843 -0.0816272 -0.0563242
226 -0.505576 0.0439373 -0.0365859
227 -0.516843 0.0662431 -0.0128596
228 -0.621602 0.0716286 -0.0459214
229 -0.563536 -0.0795457 -0.0622634
230 -0.571554 -0.1218 -0.0511173
231 -0.58203 -0.0910613 -0.0357089
232 -0.500918 0.0170014 0.0739055
233 -0.529829 0.0135042 0.097664
234 -0.525598 0.000212976 0.0768598
235 -0.619856 -0.049643 -0.0767562
236 -0.538456 0.0123754 0.00570263
237 -0.624068 -0.107597 -0.0426486
238 -0.608192 -0.111716 -0.0188597
239 -0.646235 0.075 0.1
240 -0.611941 0.0607316 0.0769627
241 -0.646235 0.0620483 0.00439147
242 -0.621975 0.0512569 0.0308852
243 -0.622495 0.0696766 0.00688869
244 -0.630507 -0.087133 0.104217
245 -0.63024 -0.0678385 0.0765216
246 -0.61285 -0.089622 0.104799
247 -0.542385 0.0467919 0.0212498
248 -0.555327 0.0776031 0.036223
249 -0.57948 0.0468262 0.0282427
250 -0.548825 0.055731 0.0475159
251 -0.537042 -0.034789 0.0422296
252 -0.588614 -0.115981 -0.0766772
253 -0.57451 -0.0986465 -0.105217
254 -0.568337 -0.0950151 -0.0844379
255 -0.589369 0.0650841 0.0473445
256 -0.625033 0.057034 0.0551698
257 -0.626238 -0.06402 -0.102945
258 -0.610756 -0.0833319 -0.104453
259 -0.599266 -0.0535809 -0.102786
260 -0.592594 -0.0781174 0.104315
261 -0.511446 0.0157654 0.027873
262 -0.621115 -0.0660643 0.103574
263 -0.507215 0.0187243 -0.0175449
264 -0.565342 -0.123349 -0.0775058
265 -0.605203 -0.0531428 0.0378329
266 -0.623547 -0.0393586 0.0496306
267 -0.534265 0.0738567 0.0938722
268 -0.542646 0.0581805 0.0727567
269 -0.565127 0.0511703 0.0618905
270 -0.561998 0.0802904 0.0593499
271 -0.646235 0.0819626 -0.0273138
272 -0.579117 0.0845216 -0.0713487
273 -0.57412 0.0622073 -0.0617362
274 -0.59328 0.0656556 -0.0432533
275 -0.571526 0.029513 0.0491362
276 -0.646235 0.1 -0.075
277 -0.529639 -0.100544 0.036742
278 -0.646235 -0.0377395 -0.063314
279 -0.646235 -0.0138787 -0.0726252
280 -0.646235 -5.85977e-05 -0.0473034
281 -0.522828 -0.00985497 -0.0243773
282 -0.522331 -0.0245819 -0.0498755
283 -0.646235 -0.1 0
284 -0.536063 0.0716324 0.0117021
285 -0.562064 0.0789856 0.0110617
286 -0.567807 0.0621144 0.00765093
287 -0.569172 -0.0367991 -0.0229544
288 -0.552736 0.0105201 0.0700106
289 -0.646235 0.0742096 -0.0422098
290 -0.646235 -0.0654509 -0.069399
291 -0.629385 -0.0791861 -0.0822807
292 -0.581991 0.0558185 -0.0956821
293 -0.58608 0.0680339 -0.0823321
294 -0.646235 0.0493613 0.0554558
295 -0.618517 -0.0567813 0.0631284
296 -0.524389 -0.0618456 0.101417
297 -0.646235 0.1 -0.05
298 -0.545752 0.0321359 0.044768
299 -0.566179 -0.0569461 -0.076754
300 -0.523378 0.0683194 0.0328168
301 -0.493238 0.0585787 0.0292851
302 -0.514714 0.0429429 0.0377383
303 -0.510287 0.0643723 0.0109532
304 -0.646235 0.00252473 0.0453561
305 -0.646235 -0.0117437 0.024989
306 -0.613563 0.0558347 -0.096841
307 -0.57303 -0.00289596 -0.0991177
308 -0.536169 0.0237 -0.0970508
309 -0.556766 0.014823 -0.0975981
310 -0.560572 0.0391294 -0.0959307
311 -0.646235 -0.0296928 0.0483759
312 -0.625161 -0.106175 -0.105398
313 -0.631901 -0.0851329 -0.103746
314 -0.624887 -0.107078 -0.0726634
315 -0.548936 -0.0407522 0.0486888
316 -0.540506 -0.0295992 0.0749154
317 -0.55004 -0.00926257 0.0993319
318 -0.568643 -0.0169175 0.0719678
319 -0.646235 0.0208291 0.0702258
320 -0.646235 0.0442966 0.0792631
321 -0.56931 -0.095563 0.104585
322 -0.523623 -0.0313082 0.0660034
323 -0.564672 0.0215377 -0.0158149
324 -0.621498 -0.00959229 0.000631775
325 -0.584089 0.0846907 0.0510997
326 -0.646235 0.05 -0.1
327 -0.581719 -0.0294905 -0.100973
328 -0.551701 -0.048169 -0.0833836
329 -0.599045 0.0262284 0.0350839
330 -0.528946 -0.0331268 0.100155
331 -0.557659 -0.0977159 -0.0104565
332 -0.625915 -0.0878554 -0.0563871
333 -0.646235 0.025 -0.1
334 -0.503214 0.0423204 -0.0774427
335 -0.51094 0.0647221 0.0492546
336 -0.646235 0.0652799 -0.02789
337 -0.646235 0.0687843 -0.0141214
338 -0.578211 -0.0238129 0.100843
339 -0.603714 -0.113245 0.00849962
340 -0.590477 -0.116694 -0.0123123
341 -0.535923 0.072494 0.0599232
342 -0.508492 0.0647489 0.0706266
343 -0.624294 0.00872715 0.0997556
344 -0.646235 -0.0112864 0.0731389
345 -0.520925 0.00474579 -0.00443498
346 -0.524305 0.0290535 0.0081189
347 -0.492582 0.00754334 0.00504635
348 -0.582074 -0.0405179 -0.0473485
349 -0.553466 -0.0303856 -0.100352
350 -0.548501 -0.00699646 -0.0989598
351 -0.598897 -0.0430871 0.0565093
352 -0.646235 0.1 -0.1
353 -0.646235 -0.0494793 -0.0489394
354 -0.610931 0.0916142 -0.0579502
355 -0.60612 -0.0870259 0.0109855
356 -0.511201 0.00581446 -0.0977625
357 -0.491001 0.0086789 -0.0716664
358 -0.526319 -0.0673742 0.0293936
359 -0.646235 0.0518641 -0.0141252
360 -0.646235 0.0819828 -0.0068001
361 -0.531136 -0.112552 -0.0214868
362 -0.646235 0.0708547 0.072385
363 -0.646235 0.05 0.1
364 -0.646235 -0.0350529 -0.00977574
365 -0.646235 -0.1 -0.05
366 -0.646235 -0.0717761 -0.0383868
367 -0.514783 -0.044054 -0.0731343
368 -0.646235 -0.0821871 0.0475877
369 -0.629076 -0.106464 0.0425739
370 -0.646235 -0.0740063 0.0209203
371 -0.62031 -0.0342336 0.0743119
372 -0.646235 -0.0566634 0.0437855
373 -0.562429 0.0308473 0.0145759
374 -0.646235 -0.00715476 -0.00234005
375 -0.646235 -0.075 -0.1
376 -0.646235 -0.1 -0.075
377 -0.492146 0.0129341 -0.0415302
378 -0.539469 -0.0626367 -0.0703512
379 -0.624917 -0.0403931 0.101943
380 -0.635994 -0.104459 -0.0596227
381 -0.646235 -0.05 -0.1
382 -0.622905 -0.0383549 -0.101642
383 -0.646235 -0.0376116 -0.0808832
384 -0.646235 -0.1 0.075
385 -0.646235 -0.0647591 0.0714345
386 -0.588033 0.0872683 -0.0939073
387 -0.609517 0.0912306 -0.08031
388 -0.584917 -0.0798597 -0.104323
389 -0.591409 0.0862262 0.00761963
390 -0.596934 0.0693542 0.0204307
391 -0.589536 -0.115055 0.0909144
392 -0.646235 -0.0384815 0.0755242
393 -0.646235 -0.025 0.1
394 -0.591003 -0.0610272 -0.0301983
395 -0.57923 -0.0344404 0.0410128
396 -0.538486 -0.112753 0.0816435
397 -0.602858 -0.0289084 -0.101307
398 -0.51403 0.0664317 -0.0617069
399 -0.494029 0.04283 -0.0537956
400 -0.535398 0.00315692 -0.0980013
401 -0.525446 -0.0191484 -0.0993271
402 -0.646235 -0.0482393 0.0598669
403 -0.646235 -0.0173233 -0.026685
404 -0.52914 -0.0971509 -0.0802317
405 -0.534585 -0.0756349 -0.102277
406 -0.626929 -0.10696 0.0681967
407 -0.646235 -0.0449504 -0.0292565
408 -0.58017 0.083625 0.0285298
409 -0.546417 0.0757819 -0.0564166
410 -0.646235 -0.025 -0.1
411 -0.61663 -0.0166634 0.100715
412 -0.625559 -0.106528 0.105143
413 -0.59978 -0.111284 0.106114
414 -0.626949 -0.0526297 -0.00956489
415 -0.555275 -0.127666 -0.0542223
416 -0.646235 0.025 0.1
417 -0.512925 0.0362653 -0.095798
418 -0.49105 0.0190075 -0.0965717
419 -0.596521 -0.0318451 -0.0362184
420 -0.599189 -0.111529 -0.10621
421 -0.60849 -0.110172 -0.0852802
422 -0.646235 0.1 0.075
423 -0.585859 -0.069473 -0.0847457
424 -0.646235 0.054683 0.0291586
425 -0.646235 0.00591289 -0.0261435
426 -0.548787 -0.128246 -0.104953
427 -0.619897 0.0923376 0.0155579
428 -0.646235 0.0709588 0.0457403
429 -0.628125 -0.107082 0.0177709
430 -0.646235 0.0778512 0.0206915
431 -0.630135 0.00292974 -0.0310941
432 -0.61427 0.0912893 -0.0337713
433 -0.646235 0.1 0
434 -0.509458 -0.0567848 0.0750436
435 -0.646235 0 0.1
436 -0.503473 -0.00820998 0.0693698
437 -0.540201 0.0447115 -0.0954228
438 -0.573918 -0.119203 -0.10607
439 -0.646235 -0.1 0.05
440 -0.495466 0.0348137 0.0117526
441 -0.598203 0.0734234 -0.0952812
442 -0.606036 0.0911276 -0.0943875
443 -0.533516 0.0735283 -0.0937204
444 -0.541762 0.0368472 0.0960829
445 -0.52627 -0.0504072 -0.10106
446 -0.646235 -0.05 0.1
447 -0.549142 -0.128404 0.105065
448 -0.484684 0.0555446 -0.0024045
449 -0.548831 -0.0574195 -0.101947
450 -0.542202 -0.133048 0.0528788
451 -0.646235 -0.1 0.025
452 -0.544307 -0.131368 -0.0701232
453 -0.570363 -0.0541678 -0.102599
454 -0.494487 0.0292863 0.0525345
455 -0.491733 0.0588137 0.0535982
456 -0.490655 0.0578268 -0.0303714
457 -0.49701 0.0603976 -0.0499403
458 -0.503179 -0.00955709 -0.0158771
459 -0.498811 0.0629525 0.0945652
460 -0.515782 -0.0135787 0.0990035
461 -0.492605 0.00494654 0.097781
462 -0.514717 -0.0616324 -0.0459207
463 -0.646235 -0.1 -0.1
464 -0.488197 0.0583027 -0.0705332
465 -0.646235 0.1 -0.025
466 -0.646235 -0.075 0.1
467 -0.646235 -0.1 0.1
468 -0.646235 0.1 0.1
469 -0.55164 0.0786538 -0.0937035
470 -0.502898 -0.0374678 -0.0219881
471 -0.500865 -0.0687293 -0.0241161
472 -0.499868 -0.0860605 -0.00193117
473 -0.48135 -0.1033 -0.0206858
474 -0.477028 -0.0748456 -0.01883
475 -0.376418 -0.0138123 -0.0776911
476 -0.370048 0.0103777 -0.0969719
477 -0.398379 0.00625629 -0.0970667
478 -0.374644 0.0121246 -0.0816801
479 -0.494945 -0.122231 0.0705504
480 -0.499927 -0.120446 0.0329304
481 -0.517582 -0.101697 0.0513544
482 -0.486236 -0.100152 0.0503857
483 -0.466023 0.0203984 0.010015
484 -0.436104 0.037564 0.0304474
485 -0.439357 0.0113352 0.0146457
486 -0.462932 0.0478195 0.0172099
487 -0.454276 -0.0246724 -0.0220835
488 -0.456783 -0.0115299 0.0121044
489 -0.434927 -0.0334663 -0.00285579
490 -0.446367 -0.00176499 -0.0113783
491 -0.458261 -0.102432 -0.0790049
492 -0.492895 -0.116081 -0.0802929
493 -0.483982 -0.0802147 -0.0797412
494 -0.477565 -0.0931267 -0.101123
495 -0.463699 -0.0717403 -0.0651006
496 -0.46801 -0.050405 -0.099528
497 -0.474073 -0.0448648 -0.0746214
498 -0.44783 -0.0534676 -0.0792651
499 -0.505253 -0.120023 0.000306795
500 -0.483893 -0.106044 0.0138571
501 -0.466759 -0.0141735 0.0494946
502 -0.469868 -0.0441051 0.0483218
503 -0.445159 -0.0288348 0.0653653
504 -0.456762 -0.0420377 0.0757712
505 -0.493197 -0.0428459 -0.0486376
506 -0.48885 -0.0598629 -0.0638292
507 -0.488651 -0.0780883 -0.0458179
508 -0.460648 -0.0773054 -0.100315
509 -0.426308 -0.0101952 -0.000166254
510 -0.402456 -0.0542181 -0.0534959
511 -0.411661 -0.0772334 -0.0776281
512 -0.405122 -0.0871373 -0.0498793
513 -0.423043 -0.0720767 -0.0441441
514 -0.486183 -0.0503522 0.0737628
515 -0.479146 -0.0222617 0.0728937
516 -0.480862 -0.0965515 0.101516
517 -0.506 -0.0895135 0.102069
518 -0.498321 -0.0902517 0.07805
519 -0.495747 -0.107973 0.102411
520 -0.463114 0.0484129 0.0489342
521 -0.48032 0.0330336 0.0348576
522 -0.466498 0.00506562 -0.0511726
523 -0.476155 -0.000247307 -0.0193531
524 -0.455881 0.00230468 -0.031482
525 -0.508822 -0.0971184 -0.0598575
526 -0.481832 -0.101517 -0.0565233
527 -0.507692 -0.0988763 -0.084872
528 -0.518381 -0.121124 -0.076
529 -0.500047 -0.040754 -0.0996701
530 -0.508401 -0.0585609 -0.100605
531 -0.424272 -0.0593991 -0.000221569
532 -0.409872 -0.0467236 -0.0231057
533 -0.401911 -0.0309658 -0.00289694
534 -0.396511 -0.0512589 0.00988311
535 -0.428437 -0.00339004 -0.0311308
536 -0.426476 -0.0325185 -0.0488412
537 -0.401957 -0.0241185 -0.0385067
538 -0.4223 -0.020889 -0.0223179
539 -0.387744 -0.0069018 0.00820596
540 -0.407398 -0.00233658 -0.00617588
541 -0.403175 -0.023121 0.0197587
542 -0.455946 -0.0412135 0.00416649
543 -0.448051 -0.0354774 0.0306783
544 -0.429952 -0.0217506 0.0167327
545 -0.435595 -0.0615213 -0.0594778
546 -0.443402 -0.0473633 -0.0287444
547 -0.459923 -0.0462419 -0.0546655
548 -0.454093 -0.0723426 -0.0372606
549 -0.431441 -0.147516 -0.0150784
550 -0.445327 -0.174851 -0.029429
551 -0.454105 -0.139921 -0.00863867
552 -0.446951 -0.151187 -0.0429027
553 -0.422458 -0.132967 -0.0431522
554 -0.415981 -0.103267 -0.0316549
555 -0.442997 -0.124974 -0.0317917
556 -0.425612 -0.121762 -0.0125697
557 -0.44905 -0.105238 0.0248818
558 -0.46646 -0.0828372 0.0364039
559 -0.464723 -0.113061 0.00764524
560 -0.489555 -0.0693649 -0.100714
561 -0.497873 -0.0946802 -0.101884
562 -0.418673 -0.104533 0.0114488
563 -0.405441 -0.0740286 0.0265169
564 -0.406574 -0.0833308 0.000356054
565 -0.434061 -0.0829838 0.0188654
566 -0.452923 -0.0303912 -0.0703177
567 -0.432794 -0.0297715 -0.0771995
568 -0.432127 -0.00664681 -0.064427
569 -0.446752 -0.0160103 -0.0487526
570 -0.465484 0.0506566 0.0951673
571 -0.481052 0.055578 0.072934
572 -0.479697 0.0309686 0.096239
573 -0.445223 -0.132506 -0.0564984
574 -0.435771 -0.113286 -0.0527129
575 -0.390676 -0.0605533 -0.00740979
576 -0.429574 0.0119973 -0.0128777
577 -0.403461 0.0237819 0.0164313
578 -0.436691 0.0375847 -0.000901386
579 -0.479241 -0.0504142 0.019787
580 -0.471663 -0.0779202 0.00743269
581 -0.452132 -0.0608119 0.0259958
582 -0.414513 0.00247833 0.0219093
583 -0.417284 -0.0303774 0.0422419
584 -0.435632 -0.00871022 0.0411403
585 -0.517754 -0.0856479 -0.0314092
586 -0.489388 -0.0687655 0.1008
587 -0.502711 -0.103468 -0.0294358
588 -0.45087 -0.0651578 -0.00818781
589 -0.453977 -0.0919302 -0.00980288
590 -0.42475 -0.0748261 -0.0231733
591 -0.429512 -0.0939694 -0.00937913
592 -0.398484 -0.111361 -0.0104679
593 -0.510309 -0.0770661 0.0514028
594 -0.502263 -0.0617418 0.020041
595 -0.509389 -0.0493865 0.0472681
596 -0.482048 -0.0155482 0.027414
597 -0.495406 -0.00403942 0.0467811
598 -0.49696 -0.0339456 0.0295824
599 -0.520073 -0.0958614 -0.102552
600 -0.527824 -0.115789 -0.103497
601 -0.450736 -0.0566765 0.0533605
602 -0.437229 -0.0886845 -0.100101
603 -0.412478 -0.0794781 -0.0995161
604 -0.434448 -0.0588523 -0.0993099
605 -0.436078 -0.0779191 -0.0808095
606 -0.475619 -0.101124 0.0810916
607 -0.441332 -0.115856 -1.33081e-05
608 -0.455778 -0.128686 -0.101367
609 -0.471996 -0.130049 -0.0667529
610 -0.48095 -0.121203 -0.101929
611 -0.470554 -0.161778 -0.102409
612 -0.497373 -0.149864 -0.103003
613 -0.478496 -0.158959 -0.0750911
614 -0.417203 -0.0220688 0.098247
615 -0.441736 -0.0371238 0.0988853
616 -0.442126 -0.0125667 0.0981083
617 -0.430293 -0.0427951 0.0800282
618 -0.429858 -0.132567 0.0151076
619 -0.473088 -0.0547191 -0.0345513
620 -0.417617 0.00863694 -0.0730761
621 -0.424293 0.0108696 -0.0969355
622 -0.414938 -0.0084633 -0.0975789
623 -0.477169 0.0298994 -0.0733643
624 -0.446051 0.0110365 0.0679305
625 -0.481863 -0.134926 0.0209571
626 -0.452407 -0.135319 0.0277048
627 -0.472736 -0.120444 0.039969
628 -0.421176 -0.016888 0.0720844
629 -0.499348 -0.0197963 -0.0742661
630 -0.494515 -0.0144876 -0.0429801
631 -0.467823 -0.0267803 -0.0439711
632 -0.405433 0.00453219 -0.030354
633 -0.405244 0.000112652 -0.0515722
634 -0.380323 -0.00707031 -0.0471478
635 -0.434901 -0.09515 0.070382
636 -0.44212 -0.083766 0.0472927
637 -0.429292 -0.0687766 0.0740533
638 -0.415923 -0.0814973 0.0520204
639 -0.47468 -0.0175688 -0.0656083
640 -0.399161 -0.00589406 0.0440637
641 -0.374652 -0.0243691 0.0205919
642 -0.374049 0.011056 0.0290535
643 -0.371873 -0.0230889 0.0486237
644 -0.404608 -0.021642 -0.0689184
645 -0.389669 0.0185983 0.0704801
646 -0.391126 0.0185795 0.0436122
647 -0.412259 0.00795101 0.0666998
648 -0.475493 -0.129397 -0.0339015
649 -0.45821 -0.113738 -0.04786
650 -0.501874 -0.149349 0.0543484
651 -0.523415 -0.140284 0.0417272
652 -0.502109 -0.149603 0.0273229
653 -0.425783 -0.0564675 0.0453489
654 -0.461323 0.0171582 -0.0967648
655 -0.446154 0.0216215 -0.0681868
656 -0.453908 -0.00263602 -0.0778201
657 -0.489163 -0.154867 -0.0498877
658 -0.509912 -0.145122 -0.0725617
659 -0.501315 -0.128975 -0.0494732
660 -0.494171 -0.152064 -0.0754321
661 -0.477115 -0.0489655 -0.010783
662 -0.494897 -0.0453286 -0.0823461
663 -0.510219 -0.0743558 -0.0783265
664 -0.512975 -0.0740699 -0.101668
665 -0.512205 -0.111243 0.102933
666 -0.519733 -0.11195 0.0771469
667 -0.392836 -0.0769479 -0.0289789
668 -0.464861 -0.0895191 -0.0374289
669 -0.507433 -0.118384 -0.10286
670 -0.535767 -0.135508 -0.0422439
671 -0.536525 -0.135742 -0.022357
672 -0.525711 -0.139704 -0.0270993
673 -0.371204 0.0100975 0.0537954
674 -0.391841 -0.0177958 -0.0978061
675 -0.391247 -0.00021892 -0.0721819
676 -0.454395 -0.112947 -0.0200505
677 -0.494676 -0.0310348 0.0546289
678 -0.456186 -0.169262 -0.0720326
679 -0.44902 -0.172957 -0.0513869
680 -0.429948 -0.153781 -0.0705811
681 -0.521828 -0.140295 0.0715166
682 -0.445011 -0.123571 -0.0762581
683 -0.412063 -0.0942076 0.0800535
684 -0.425917 -0.121411 0.100898
685 -0.431674 -0.0960287 0.100484
686 -0.415242 -0.123474 0.0764815
687 -0.478365 0.00933776 0.0568098
688 -0.470817 -0.00419312 0.0790916
689 -0.459309 0.0119876 0.0350709
690 -0.428441 0.0166766 0.0429364
691 -0.498387 -0.0837344 0.0306592
692 -0.448955 0.0182636 -0.0367472
693 -0.456016 0.0225562 -0.0134966
694 -0.431733 0.0133043 -0.0462972
695 -0.396149 -0.0265359 0.0688569
696 -0.376599 -0.00692625 0.0715244
697 -0.401533 0.000920906 0.0976068
698 -0.422592 -0.046279 0.0192674
699 -0.47211 0.0314567 0.0718629
700 -0.455674 -0.146124 -0.0763491
701 -0.484655 -0.0597518 0.0467051
702 -0.461164 -0.0733725 0.0706436
703 -0.484326 -0.0789821 0.062429
704 -0.432396 0.0374898 0.0960114
705 -0.436674 0.0383876 0.0661602
706 -0.453266 0.0272945 0.0963399
707 -0.456561 0.0465426 0.0756832
708 -0.429553 0.0348464 -0.0303107
709 -0.480969 0.0112229 0.0327244
710 -0.420895 -0.050134 0.0992452
711 -0.460166 0.0280199 0.0514865
712 -0.494278 -0.0599328 -0.00328114
713 -0.386127 -0.0202942 0.0982607
714 -0.397835 -0.0474473 0.0989597
715 -0.456085 -0.169385 0.0755019
716 -0.458651 -0.168697 0.0425405
717 -0.466382 -0.141865 0.0548336
718 -0.437734 -0.144564 0.0679696
719 -0.385787 -0.0186812 -0.0225158
720 -0.478548 0.0276597 -0.0319066
721 -0.482637 0.034158 -0.00996584
722 -0.403498 -0.0993701 0.0308316
723 -0.448997 -0.113413 0.0800017
724 -0.46033 -0.0991614 0.0564137
725 -0.439438 -0.157806 0.0138625
726 -0.437842 -0.0963278 -0.0355168
727 -0.460052 0.00699545 0.0972252
728 -0.42936 0.00933058 0.0971542
729 -0.390646 -0.0465076 0.0384371
730 -0.468414 -0.0479738 0.0995547
731 -0.506285 -0.0285694 0.0749745
732 -0.420417 -0.0305218 -0.0983363
733 -0.41606 -0.0532141 -0.0777571
734 -0.510025 -0.144635 0.0893522
735 -0.480142 -0.0296813 -0.0233127
736 -0.375208 -0.0340538 -0.0532802
737 -0.505089 -0.12867 -0.0243542
738 -0.396478 -0.0608757 0.0501894
739 -0.367429 -0.0156316 -0.00631044
740 -0.460942 0.0469538 -0.00275169
741 -0.434246 -0.143275 0.101268
742 -0.453454 -0.115043 0.101246
743 -0.456979 -0.141731 0.0806132
744 -0.459348 -0.0825026 0.100555
745 -0.459741 0.0465548 -0.0241042
746 -0.49311 -0.153396 -0.0258858
747 -0.512074 -0.145396 -0.0353916
748 -0.523137 -0.140747 -0.011762
749 -0.45809 -0.103659 -0.100954
750 -0.473881 -0.161945 -0.0192095
751 -0.480693 -0.132055 -0.0077933
752 -0.502498 -0.0405392 0.0999139
753 -0.526245 -0.138599 -0.0598584
754 -0.472618 0.0293932 -0.0526709
755 -0.386994 -0.0757264 -0.077216
756 -0.397084 -0.0526408 -0.0987355
757 -0.390356 -0.042043 -0.0774237
758 -0.41144 -0.0473324 0.067535
759 -0.397608 -0.0715382 0.0768499
760 -0.3812 -0.0479708 -0.0299552
761 -0.486087 0.0377129 -0.0956241
762 -0.483882 -0.0238357 -0.000104482
763 -0.418592 -0.129658 -0.0765647
764 -0.415361 0.0291664 0.0504458
765 -0.437535 0.0384058 0.0491383
766 -0.414983 0.0298677 0.0760351
767 -0.463353 -0.143835 0.102006
768 -0.443777 -0.174476 0.10192
769 -0.523322 -0.140663 0.0140496
770 -0.518002 -0.112965 0.0192224
771 -0.465468 -0.14334 -0.0454353
772 -0.465289 -0.0186036 0.098353
773 -0.505032 -0.0373802 0.00136802
774 -0.410002 -0.107848 0.0572925
775 -0.438231 -0.066496 0.0998173
776 -0.500568 -0.150388 -0.00384573
777 -0.477644 -0.16037 0.0152697
778 -0.467991 -0.118874 0.064315
779 -0.477349 -0.134031 0.0824635
780 -0.443389 -0.120365 0.0541236
781 -0.473379 0.0522767 -0.0492455
782 -0.401165 0.0243477 0.0968854
783 -0.450198 -0.172766 0.00556727
784 -0.436391 -0.179119 0.0311322
785 -0.4383 -0.152598 0.0439108
786 -0.445 0.0413317 -0.0492396
787 -0.455988 0.0463777 -0.0713457
788 -0.488877 -0.0224819 0.0988479
789 -0.382272 -0.0495033 0.0736454
790 -0.427133 -0.097952 -0.0666271
791 -0.400171 -0.105673 -0.078223
792 -0.436346 -0.113637 -0.100659
793 -0.375586 0.0118784 -0.0383966
794 -0.367708 0.0085899 -0.0617254
795 -0.385017 0.0163516 -0.0542994
796 -0.46492 -0.165686 -0.0486027
797 -0.483568 -0.157455 0.0407868
798 -0.447864 -0.0889281 -0.0550389
799 -0.522838 -0.138508 -0.104148
800 -0.432052 0.0376023 -0.0959173
801 -0.375922 0.0117268 0.00572179
802 -0.388572 0.0173708 -0.0149862
803 -0.42717 -0.109043 0.036058
804 -0.432066 -0.180898 -0.058487
805 -0.424487 0.0330218 -0.0483865
806 -0.409778 -0.076293 0.0996969
807 -0.483377 -0.00140721 -0.0977231
808 -0.477145 -0.0246614 -0.0985692
809 -0.403504 0.0240359 -0.0432035
810 -0.391808 0.019771 -0.0721267
811 -0.362171 0.005651 -0.0139696
812 -0.43416 -0.143118 -0.101024
813 -0.478169 -0.159599 0.0660088
814 -0.470811 -0.161954 0.10244
815 -0.443554 -0.174481 -0.101697
816 -0.412061 0.027399 -0.0144655
817 -0.499971 -0.0162824 -0.0985935
818 -0.438101 -0.00978227 -0.097578
819 -0.419669 -0.09967 -0.100128
820 -0.400732 0.0242757 -0.0964861
821 -0.497346 -0.14989 0.103292
822 -0.497378 -0.15061 0.0806495
823 -0.501652 -0.12579 0.102994
824 -0.422002 0.0324115 -0.0685757
825 -0.460927 -0.0106966 -0.0979345
826 -0.449115 -0.0315542 -0.0985483
827 -0.406113 -0.109504 0.100298
828 -0.523199 -0.13878 0.104189
829 -0.418522 -0.134029 0.0463756
830 -0.465334 0.0509474 -0.0949074
831 -0.530526 -0.136312 -0.0820159
832 -0.404709 -0.116505 -0.0495211
833 -0.422798 -0.151263 0.0802555
834 -0.354889 0.0023261 0.01317
835 -0.481807 -0.12258 0.102353
836 -0.361941 0.00602834 0.0758858
837 -0.429209 -0.18204 0.0643103
838 -0.385309 0.0173196 -0.0967349
839 -0.370473 0.0106037 0.0974242
840 -0.399906 -0.0985021 -0.0997511
841 -0.413643 -0.118751 -0.10028
842 -0.326673 -0.0105719 0.0477821
843 -0.345772 -0.0309245 0.0312652
844 -0.317059 -0.0152035 0.0243375
845 -0.32244 -0.0360526 0.022922
846 -0.382636 -0.178295 -0.0138543
847 -0.362957 -0.151317 -0.000898977
848 -0.386134 -0.153801 -0.00544505
849 -0.372102 -0.182508 0.00910897
850 -0.389751 -0.150739 -0.0763057
851 -0.397457 -0.158555 -0.100561
852 -0.380088 -0.169693 -0.100336
853 -0.395678 -0.176175 -0.0855535
854 -0.287418 -0.0929979 0.0558975
855 -0.30463 -0.111598 0.0373859
856 -0.279706 -0.114183 0.0277622
857 -0.281627 -0.122121 0.0586539
858 -0.403189 -0.193966 -0.100913
859 -0.389817 -0.186197 -0.100591
860 -0.401669 -0.176466 -0.100766
861 -0.376026 -0.159163 0.047917
862 -0.388214 -0.177435 0.0315911
863 -0.361974 -0.189647 0.0519731
864 -0.397898 -0.174087 0.0544079
865 -0.35659 -0.12144 0.0718326
866 -0.332723 -0.135784 0.0383933
867 -0.333006 -0.102269 0.048095
868 -0.329828 -0.127062 0.0774558
869 -0.338915 -0.0722928 -0.0389346
870 -0.320445 -0.0811711 -0.0529314
871 -0.316256 -0.0939391 -0.0208611
872 -0.335317 -0.104818 -0.0384263
873 -0.344464 -0.185405 0.100426
874 -0.356484 -0.190672 0.0795068
875 -0.35166 -0.158414 0.0826322
876 -0.33113 -0.175914 0.0844126
877 -0.39857 -0.170607 0.0117629
878 -0.30485 -0.0208572 0.00461046
879 -0.290563 -0.0276781 -0.0133779
880 -0.311956 -0.03578 -0.0223871
881 -0.311408 -0.0178603 -0.0171164
882 -0.345442 -0.162695 -0.0531844
883 -0.363062 -0.138154 -0.0708678
884 -0.353693 -0.120337 -0.0443631
885 -0.332508 -0.131475 -0.0654933
886 -0.304765 -0.0591747 -0.0367379
887 -0.276962 -0.0869497 -0.0468806
888 -0.301893 -0.092935 -0.0393125
889 -0.288469 -0.0606854 -0.0552802
890 -0.405172 -0.141496 0.100779
891 -0.389529 -0.200642 0.100946
892 -0.367156 -0.175322 0.100602
893 -0.361806 -0.214051 0.100758
894 -0.399474 -0.137894 -0.0230337
895 -0.381541 -0.107466 -0.0286537
896 -0.417175 -0.158363 0.0549575
897 -0.38042 -0.174399 0.0738325
898 -0.395768 -0.170845 0.100947
899 -0.30606 -0.131434 -0.0995294
900 -0.295849 -0.110297 -0.0851707
901 -0.284841 -0.119026 -0.0994166
902 -0.301868 -0.108315 -0.0993297
903 -0.373321 -0.131737 -0.0179479
904 -0.36872 -0.105091 -0.00083633
905 -0.3549 -0.151814 0.0601422
906 -0.416445 -0.188494 0.0306073
907 -0.398243 -0.196964 0.0521006
908 -0.37802 -0.156146 0.0192507
909 -0.338763 -0.117092 -0.0787884
910 -0.322287 -0.108379 -0.0993422
911 -0.314218 -0.125739 -0.079461
912 -0.329747 -0.127039 -0.0995376
913 -0.419742 -0.163265 -0.0400722
914 -0.350576 -0.160442 0.0148597
915 -0.400337 -0.130833 0.0166177
916 -0.415901 -0.15954 0.0280708
917 -0.33553 -0.168879 -0.0998955
918 -0.359138 -0.176704 -0.100177
919 -0.338908 -0.176946 -0.0784914
920 -0.359251 -0.15922 -0.100083
921 -0.390257 -0.0898727 0.0530786
922 -0.405122 -0.166655 0.0812788
923 -0.336661 -0.0659927 0.0651467
924 -0.338754 -0.0945227 0.079203
925 -0.361085 -0.0902015 0.0520111
926 -0.369529 -0.21057 0.0681509
927 -0.391587 -0.199925 0.0747529
928 -0.429092 -0.18257 0.0118794
929 -0.366258 -0.173005 0.0295174
930 -0.367367 -0.140201 0.0368221
931 -0.414671 -0.149914 0.000421757
932 -0.359989 -0.215253 -0.0649926
933 -0.377634 -0.206609 -0.0662957
934 -0.358585 -0.193024 -0.0691184
935 -0.369253 -0.210596 -0.0829798
936 -0.350796 -0.124201 -0.01384
937 -0.375666 -0.12622 0.00589357
938 -0.321384 -0.0565403 -0.0539723
939 -0.329733 -0.037436 -0.0390149
940 -0.309667 -0.0369012 -0.0526118
941 -0.323738 -0.0979936 0.0997237
942 -0.327138 -0.123535 0.0999899
943 -0.347009 -0.00124295 -0.0384742
944 -0.35795 -0.0119547 -0.0578568
945 -0.37746 -0.107741 0.0316091
946 -0.390055 -0.124894 0.0509819
947 -0.389174 -0.201456 0.00451176
948 -0.41081 -0.19125 0.00210467
949 -0.394325 -0.19899 -0.0189357
950 -0.343766 -0.223172 0.0368221
951 -0.321615 -0.20471 0.017916
952 -0.354592 -0.218027 0.0115038
953 -0.346182 -0.189406 0.0239301
954 -0.300779 -0.121275 -0.0217498
955 -0.322591 -0.119823 0.00341458
956 -0.326041 -0.120759 -0.0215326
957 -0.281071 -0.111456 -0.0221521
958 -0.268019 -0.0997955 0.00452051
959 -0.288992 -0.0785363 -0.0107947
960 -0.300846 -0.102062 0.00644959
961 -0.331557 -0.0226126 -0.06288
962 -0.318344 -0.0140333 -0.078453
963 -0.335684 -0.0307981 -0.0830859
964 -0.335106 -0.00610431 -0.0833956
965 -0.357791 -0.0806273 -0.0697397
966 -0.377879 -0.0950489 -0.0994644
967 -0.35924 -0.0677918 -0.0989745
968 -0.346165 -0.0316645 0.00605577
969 -0.332332 -0.00815173 -0.00556808
970 -0.345728 -0.083302 0.0309656
971 -0.348828 -0.12096 0.0178081
972 -0.319318 -0.104129 0.0230479
973 -0.345703 -0.141824 -0.0998181
974 -0.375914 -0.142467 -0.10008
975 -0.397303 -0.197555 0.022994
976 -0.324 -0.0659715 -0.018939
977 -0.307932 -0.049484 0.00991986
978 -0.310965 -0.0711539 0.00722794
979 -0.296698 -0.0484599 -0.010025
980 -0.304949 -0.136346 -0.0511412
981 -0.322585 -0.167998 -0.0491545
982 -0.313901 -0.151859 -0.07392
983 -0.386693 -0.0943945 0.0998742
984 -0.367525 -0.080211 0.0784043
985 -0.385638 -0.0702798 0.0994371
986 -0.395064 -0.152054 0.0385679
987 -0.395796 -0.145575 0.0705414
988 -0.387763 -0.11799 -0.0999074
989 -0.354491 -0.0241641 -0.0374214
990 -0.342834 -0.0239364 -0.0187429
991 -0.366996 -0.152397 -0.0340045
992 -0.385285 -0.13506 -0.0478812
993 -0.392347 -0.168338 -0.0397657
994 -0.340186 -0.224754 0.0704487
995 -0.323473 -0.206692 0.0484779
996 -0.35606 -0.180326 -0.0120428
997 -0.330983 -0.176898 0.00494203
998 -0.310373 -0.107186 0.0721944
999 -0.314035 -0.0802797 0.0494918
1000 -0.298815 -0.167104 -0.0996945
1001 -0.319529 -0.196796 -0.0999046
1002 -0.311675 -0.185226 -0.0718186
1003 -0.310311 -0.0177445 0.098658
1004 -0.323262 -0.0378238 0.0756852
1005 -0.325629 -0.0298133 0.0987642
1006 -0.313563 -0.0164859 0.0742309
1007 -0.268357 -0.0621398 -0.0259981
1008 -0.254973 -0.098277 -0.0216341
1009 -0.326629 -0.155928 0.0670889
1010 -0.340973 -0.161019 0.100295
1011 -0.339894 -0.137295 0.100118
1012 -0.323488 -0.0120625 -0.0332859
1013 -0.336462 -0.226483 -0.0661491
1014 -0.334408 -0.198388 -0.0538178
1015 -0.333374 -0.207419 -0.0799037
1016 -0.335801 -0.0936489 0.00350393
1017 -0.359969 -0.0702468 -0.00543978
1018 -0.350466 -0.095451 -0.0176899
1019 -0.397735 -0.197168 -0.0515797
1020 -0.406603 -0.163445 -0.0712737
1021 -0.246634 -0.0483872 0.0254565
1022 -0.254049 -0.0730352 0.0501566
1023 -0.257769 -0.0430584 0.0554007
1024 -0.270464 -0.056834 0.0362029
1025 -0.388685 -0.0786753 -0.0992652
1026 -0.305601 -0.0733461 0.0760921
1027 -0.300864 -0.0493086 0.0631152
1028 -0.278147 -0.0653574 0.0599046
1029 -0.274141 -0.0351952 0.0769353
1030 -0.282214 -0.0314963 0.0536124
1031 -0.287687 -0.0715463 -0.0787418
1032 -0.262101 -0.0722993 -0.075237
1033 -0.336506 -0.151193 -0.0798695
1034 -0.278236 -0.127633 0.00377974
1035 -0.293768 -0.0260966 0.0306734
1036 -0.282788 -0.141491 0.0446638
1037 -0.310091 -0.131289 0.0532229
1038 -0.344921 -0.195637 -0.0326186
1039 -0.312661 -0.199363 -0.0404435
1040 -0.325428 -0.178967 -0.0224059
1041 -0.296087 -0.0637475 0.0994033
1042 -0.275292 -0.0830865 0.08227
1043 -0.280514 -0.0619703 0.0832601
1044 -0.277692 -0.0627977 0.0100736
1045 -0.386534 -0.0769618 0.0188999
1046 -0.368295 -0.0502893 0.0990241
1047 -0.352923 -0.0509409 0.0783964
1048 -0.295749 -0.0546626 0.0366404
1049 -0.27887 -0.033155 0.0132743
1050 -0.271338 -0.0366604 0.0369676
1051 -0.346737 -0.165454 0.0408789
1052 -0.343056 -0.0719148 0.0994763
1053 -0.374588 -0.208419 0.0270594
1054 -0.36022 -0.143446 0.10037
1055 -0.351807 -0.111134 0.0999189
1056 -0.279681 -0.0327527 -0.0346721
1057 -0.302445 -0.0219336 -0.0345929
1058 -0.293103 -0.0262744 -0.0542935
1059 -0.317498 -0.181044 0.0402352
1060 -0.326092 -0.161352 0.0262302
1061 -0.368224 -0.211417 -0.00876586
1062 -0.431252 -0.181588 -0.00784695
1063 -0.318298 -0.100987 -0.077192
1064 -0.318663 -0.11254 -0.0508678
1065 -0.345079 -0.0290465 0.0598439
1066 -0.350623 0.000502317 0.0429242
1067 -0.390917 -0.0998628 0.0114095
1068 -0.360297 -0.0479366 -0.0249724
1069 -0.328655 -0.0423307 -0.00830706
1070 -0.371784 -0.0397718 -0.00241184
1071 -0.379591 -0.101371 -0.0568126
1072 -0.368427 -0.111443 -0.0793328
1073 -0.298941 -0.0889779 0.0996463
1074 -0.317095 -0.068376 0.0993331
1075 -0.286818 -0.0842533 0.0305483
1076 -0.319365 -0.147964 0.100139
1077 -0.307432 -0.183955 0.0722808
1078 -0.299909 -0.159941 0.0467746
1079 -0.256624 -0.0436506 -0.0355076
1080 -0.337854 -0.17975 0.0600679
1081 -0.378008 -0.206686 -0.0336599
1082 -0.380016 -0.12295 0.100303
1083 -0.386381 -0.102449 0.0762561
1084 -0.332645 -0.139037 -0.0379842
1085 -0.324942 -0.0106658 -0.0979137
1086 -0.339261 -0.0228559 -0.0980973
1087 -0.251845 -0.0827411 0.0253076
1088 -0.377863 -0.0768589 0.036571
1089 -0.36571 -0.0936576 0.0162178
1090 -0.363972 -0.0823782 -0.0373712
1091 -0.339344 -0.0581051 0.0138512
1092 -0.366185 -0.0578757 0.0192531
1093 -0.372398 -0.0617248 0.0588765
1094 -0.358489 -0.0549803 0.0455229
1095 -0.378357 -0.0642994 -0.0524787
1096 -0.414016 -0.189012 -0.0816996
1097 -0.417629 -0.163661 -0.100943
1098 -0.265107 -0.0396638 -0.00874271
1099 -0.380348 -0.0883186 -0.00780297
1100 -0.372375 -0.192417 -0.100393
1101 -0.377401 -0.187876 -0.0863999
1102 -0.266783 -0.0385638 0.0993282
1103 -0.264789 -0.0561523 0.0995187
1104 -0.281582 -0.0505221 0.0993033
1105 -0.367221 -0.0837598 0.0996315
1106 -0.246611 -0.0482356 0.0805694
1107 -0.344488 -0.160132 -0.0213517
1108 -0.32972 -0.203713 0.0769474
1109 -0.405257 -0.140733 -0.100497
1110 -0.391479 -0.12621 -0.0765139
1111 -0.300308 -0.137044 0.0761785
1112 -0.30201 -0.130854 0.00447772
1113 -0.418666 -0.16381 0.101278
1114 -0.252869 -0.0723477 -0.00209832
1115 -0.256996 -0.0629559 -0.0536626
1116 -0.341194 -0.0381682 -0.0612579
1117 -0.3661 -0.182137 -0.0444424
1118 -0.362502 -0.162784 -0.0765903
1119 -0.378552 -0.171088 -0.0655029
1120 -0.357943 -0.020611 0.0984542
1121 -0.338431 -0.00483717 -0.0636749
1122 -0.35205 -0.0224474 -0.0787346
1123 -0.354243 0.00276283 -0.0808301
1124 -0.365837 -0.0347162 0.0754519
1125 -0.345042 -0.0198398 0.0822168
1126 -0.30018 -0.04779 -0.0671885
1127 -0.270697 -0.0368677 -0.0607271
1128 -0.287622 -0.028669 -0.0747183
1129 -0.334339 -0.202487 0.100456
1130 -0.3442 -0.0401484 0.0988815
1131 -0.338613 -0.06255 0.0397755
1132 -0.30332 -0.0212566 -0.0688653
1133 -0.300587 -0.0224392 -0.08372
1134 -0.317412 -0.0395757 -0.0769953
1135 -0.355764 0.00315213 0.0615887
1136 -0.344107 -0.0983507 -0.0641565
1137 -0.333908 -0.0878748 -0.0991996
1138 -0.335508 -0.0646934 -0.0740519
1139 -0.389883 -0.200607 -0.0826546
1140 -0.418821 -0.187451 -0.0267866
1141 -0.336436 -0.00620729 0.0236867
1142 -0.362569 -0.0482789 -0.0777218
1143 -0.275287 -0.0754665 0.0995971
1144 -0.251573 -0.0795661 0.0759205
1145 -0.333971 -0.227545 -0.10004
1146 -0.347247 -0.195885 -0.100124
1147 -0.35202 -0.218931 -0.0831672
1148 -0.371334 -0.103514 0.0999417
1149 -0.291093 -0.164099 -0.0556158
1150 -0.319116 -0.0440944 0.043478
1151 -0.304585 -0.0209006 0.0498403
1152 -0.353713 -0.110631 -0.0995394
1153 -0.3732 -0.208897 -0.0509142
1154 -0.327944 -0.0499121 0.0991257
1155 -0.330151 -0.146071 -0.000398143
1156 -0.309737 -0.161368 0.0014825
1157 -0.31872 -0.0759649 0.027428
1158 -0.284639 -0.0925188 -0.0992109
1159 -0.298163 -0.0910635 -0.0727501
1160 -0.300525 -0.0715519 -0.0989271
1161 -0.318634 -0.18051 0.100298
1162 -0.373398 -0.0377871 -0.0983813
1163 -0.307883 -0.152539 -0.0257656
1164 -0.289034 -0.104824 0.0788611
1165 -0.267524 -0.105103 0.0718209
1166 -0.37162 -0.145503 0.0740633
1167 -0.339711 -0.00365989 -0.0976264
1168 -0.358699 -0.11656 0.0433674
1169 -0.293576 -0.0259775 0.0678235
1170 -0.302618 -0.0420291 0.0855994
1171 -0.379241 -0.120292 0.0676998
1172 -0.290299 -0.114993 -0.0618745
1173 -0.271239 -0.103411 -0.0777969
1174 -0.381184 -0.151846 0.10055
1175 -0.300957 -0.124569 0.0999313
1176 -0.361527 -0.0172565 -0.0979213
1177 -0.354306 -0.0543864 -0.049767
1178 -0.325027 -0.010767 0.098517
1179 -0.339048 -0.00455782 0.0719308
1180 -0.311806 -0.0699136 -0.0787714
1181 -0.306659 -0.0455194 -0.0986462
1182 -0.322851 -0.14687 -0.0997184
1183 -0.313142 -0.207377 -0.0155265
1184 -0.31603 -0.188384 -0.000768001
1185 -0.340816 -0.200973 -0.00401313
1186 -0.304531 -0.17758 0.0180948
1187 -0.416854 -0.187338 -0.101173
1188 -0.406196 -0.192942 0.0786128
1189 -0.417094 -0.187433 0.101458
1190 -0.309113 -0.211704 -0.0719542
1191 -0.407895 -0.169497 -0.0130292
1192 -0.405136 -0.141747 -0.0570745
1193 -0.305856 -0.161806 0.0789195
1194 -0.304168 -0.139141 0.0225896
1195 -0.26782 -0.0884331 0.0589862
1196 -0.355132 -0.217693 -0.0397592
1197 -0.322633 -0.027714 -0.0982858
1198 -0.274626 -0.0503673 -0.078378
1199 -0.326372 -0.231427 -0.0331712
1200 -0.334126 -0.227485 0.100504
1201 -0.352367 -0.218798 0.0843804
1202 -0.36184 -0.214068 -0.10037
1203 -0.331038 -0.00846095 -0.0477665
1204 -0.305945 -0.0433013 0.0990307
1205 -0.281267 -0.031689 0.0990992
1206 -0.29411 -0.0256629 0.0833922
1207 -0.281087 -0.0316244 -0.0985903
1208 -0.277914 -0.0610208 -0.0989861
1209 -0.289255 -0.127994 -0.0801902
1210 -0.261359 -0.101484 0.0471873
1211 -0.311231 -0.089031 -0.099189
1212 -0.280765 -0.14629 -0.0728721
1213 -0.346512 -0.221865 -0.0174393
1214 -0.315693 -0.0155723 -0.0544452
1215 -0.334073 -0.227809 0.00118041
1216 -0.266556 -0.0386068 -0.0987935
1217 -0.273186 -0.03555 -0.0827818
1218 -0.350889 -0.21978 -0.00322655
1219 -0.353619 -0.0371602 -0.0983771
1220 -0.338933 -0.0208541 0.0985545
1221 -0.277247 -0.106842 0.0998656
1222 -0.310239 -0.0176265 -0.098177
1223 -0.252399 -0.0454097 0.099502
1224 -0.293758 -0.162027 0.100171
1225 -0.295028 -0.185337 -0.0372377
1226 -0.323734 -0.0670955 -0.0988832
1227 -0.33358 -0.044045 -0.0985046
1228 -0.288437 -0.115238 -0.0440723
1229 -0.257605 -0.0429729 -0.0802379
1230 -0.254679 -0.0583014 -0.0990608
1231 -0.266067 -0.110371 -0.0469685
1232 -0.37568 -0.207321 -0.100529
1233 -0.389471 -0.200623 -0.100696
1234 -0.239994 -0.0515076 -0.010371
1235 -0.283792 -0.148858 -0.00921517
1236 -0.278096 -0.136394 -0.0395163
1237 -0.285337 -0.157914 0.0162661
1238 -0.33988 -0.00382554 0.098143
1239 -0.284503 -0.141435 -0.099562
1240 -0.246386 -0.0483745 -0.0584794
1241 -0.312191 -0.211794 0.100364
1242 -0.270523 -0.129977 0.0761948
1243 -0.252166 -0.045459 -0.0989693
1244 -0.251293 -0.083923 -0.0992459
1245 -0.296763 -0.181003 -0.0120284
1246 -0.223576 -0.0589759 -0.0992054
1247 -0.207125 -0.0886534 -0.0804094
1248 -0.195053 -0.0723881 -0.0993845
1249 -0.206302 -0.0671855 -0.072997
1250 -0.271746 -0.137432 0.0154214
1251 -0.206349 -0.135815 0.0367462
1252 -0.192975 -0.149613 0.058695
1253 -0.221457 -0.149492 0.0538694
1254 -0.203913 -0.165834 0.0422009
1255 -0.287044 -0.215703 -0.0241479
1256 -0.289233 -0.213294 -0.0562731
1257 -0.268725 -0.232411 -0.0417453
1258 -0.306058 -0.223449 -0.0445043
1259 -0.194209 -0.222302 -0.0114007
1260 -0.223631 -0.216987 0.00439095
1261 -0.22901 -0.241711 -0.00775948
1262 -0.197116 -0.228638 0.0125256
1263 -0.319248 -0.23468 0.0801608
1264 -0.300011 -0.217592 0.0745454
1265 -0.197635 -0.117672 -0.0995389
1266 -0.18253 -0.135051 -0.0685869
1267 -0.171921 -0.127208 -0.0996126
1268 -0.181136 -0.104227 -0.0806555
1269 -0.24868 -0.179351 -0.07105
1270 -0.267352 -0.157778 -0.0995928
1271 -0.252471 -0.152471 -0.0763589
1272 -0.246482 -0.17099 -0.099623
1273 -0.22867 -0.0867957 0.0507168
1274 -0.245344 -0.105275 0.0623284
1275 -0.234113 -0.104951 0.033753
1276 -0.241078 -0.102529 0.0999452
1277 -0.253069 -0.116342 0.0754165
1278 -0.22583 -0.0981688 0.0784732
1279 -0.193211 -0.117826 0.037
1280 -0.188549 -0.145355 0.0178244
1281 -0.169487 -0.123052 0.0181776
1282 -0.176272 -0.135937 0.0450321
1283 -0.177277 -0.184732 0.0501139
1284 -0.165602 -0.158847 0.0667581
1285 -0.200263 -0.17117 0.0728765
1286 -0.297965 -0.204724 0.0090919
1287 -0.295386 -0.20012 0.0445563
1288 -0.295792 -0.21931 0.0360432
1289 -0.255733 -0.18261 0.0669394
1290 -0.2691 -0.202793 0.0491245
1291 -0.237401 -0.202705 0.0515094
1292 -0.253937 -0.214021 0.0762426
1293 -0.18698 -0.150546 0.0833372
1294 -0.249309 -0.267561 -0.0997137
1295 -0.220914 -0.28068 -0.0996836
1296 -0.232005 -0.255248 -0.0996834
1297 -0.238766 -0.272485 -0.0799651
1298 -0.200826 -0.236843 -0.04613
1299 -0.219398 -0.219202 -0.0340855
1300 -0.208668 -0.253903 -0.0218556
1301 -0.290761 -0.248184 -0.0706872
1302 -0.29695 -0.245337 -0.0387
1303 -0.256028 -0.149521 0.0535281
1304 -0.280512 -0.159515 0.0710996
1305 -0.201244 -0.105886 -0.0233036
1306 -0.193216 -0.11807 -0.000355294
1307 -0.179623 -0.122644 -0.031653
1308 -0.179607 -0.101727 -0.0248217
1309 -0.186691 -0.205607 0.0221147
1310 -0.189273 -0.21127 0.0483292
1311 -0.19626 -0.190131 0.051666
1312 -0.207471 -0.207115 0.0372406
1313 -0.275747 -0.20154 -0.0110114
1314 -0.284221 -0.22756 -0.0997863
1315 -0.267177 -0.236767 -0.0765605
1316 -0.287643 -0.219186 -0.0805537
1317 -0.244139 -0.212576 -0.0996854
1318 -0.216594 -0.21275 -0.0996402
1319 -0.243184 -0.223882 -0.0817536
1320 -0.225883 -0.234882 -0.0996681
1321 -0.241495 -0.241932 -0.0357325
1322 -0.243629 -0.27031 -0.0229551
1323 -0.261158 -0.262196 -0.0157079
1324 -0.260468 -0.13343 -0.0111229
1325 -0.272804 -0.163472 -0.0284112
1326 -0.244247 -0.150961 -0.0282616
1327 -0.216673 -0.0926933 -0.053697
1328 -0.189163 -0.0751906 -0.0604437
1329 -0.279209 -0.199155 0.0776388
1330 -0.267094 -0.174987 0.100151
1331 -0.258987 -0.201044 0.100225
1332 -0.262385 -0.124137 -0.0645849
1333 -0.263948 -0.130843 -0.0995156
1334 -0.242111 -0.127365 -0.0808089
1335 -0.269807 -0.224381 0.100267
1336 -0.242843 -0.160581 0.100159
1337 -0.216412 -0.149903 0.100199
1338 -0.23224 -0.167179 0.0745236
1339 -0.224339 -0.135726 0.0792872
1340 -0.269264 -0.140379 0.100071
1341 -0.235802 -0.11684 -0.0994445
1342 -0.240555 -0.100498 -0.0750992
1343 -0.263728 -0.10814 -0.0993857
1344 -0.199252 -0.171975 -0.0158632
1345 -0.197805 -0.163736 -0.0473143
1346 -0.208697 -0.139247 -0.021732
1347 -0.181779 -0.148142 -0.032305
1348 -0.271997 -0.216504 0.0260682
1349 -0.28696 -0.250111 0.0140363
1350 -0.292553 -0.225151 0.00288856
1351 -0.257838 -0.233355 -0.00120588
1352 -0.242329 -0.224244 0.100256
1353 -0.269383 -0.233636 0.0807382
1354 -0.262733 -0.222174 -0.0650089
1355 -0.26656 -0.194301 -0.0445593
1356 -0.260767 -0.203341 -0.0726368
1357 -0.23354 -0.124931 -0.0224494
1358 -0.229082 -0.139922 -0.0514544
1359 -0.180012 -0.0795037 0.00711553
1360 -0.183898 -0.0994382 0.0187094
1361 -0.175363 -0.0816512 0.03124
1362 -0.196594 -0.0718341 0.0239602
1363 -0.269608 -0.2582 0.076042
1364 -0.277821 -0.254336 0.100292
1365 -0.255192 -0.243905 0.100266
1366 -0.248844 -0.144192 0.0198465
1367 -0.257301 -0.125825 0.0454958
1368 -0.266401 -0.160194 0.029147
1369 -0.279298 -0.183629 -0.073372
1370 -0.268089 -0.21315 -0.0997309
1371 -0.291186 -0.201878 -0.0997814
1372 -0.264803 -0.18799 -0.0996739
1373 -0.241201 -0.131109 0.100062
1374 -0.200131 -0.0701333 -0.0448864
1375 -0.198684 -0.0984934 0.0714737
1376 -0.222226 -0.11752 0.0517172
1377 -0.203288 -0.126484 0.0693406
1378 -0.223344 -0.083123 0.019709
1379 -0.222585 -0.112426 0.0124175
1380 -0.211057 -0.107583 0.0239922
1381 -0.216945 -0.155378 0.0228113
1382 -0.232138 -0.133085 0.0303256
1383 -0.214763 -0.113901 -0.0336209
1384 -0.210547 -0.0894696 -0.0234037
1385 -0.236832 -0.0999902 -0.041081
1386 -0.227369 -0.100404 -0.0167626
1387 -0.253278 -0.15177 0.0816215
1388 -0.204739 -0.194499 0.00420172
1389 -0.214302 -0.163021 0.00239337
1390 -0.192931 -0.169782 0.0125446
1391 -0.181705 -0.0786307 -0.0788345
1392 -0.193387 -0.101239 -0.0689087
1393 -0.222743 -0.0595513 -0.051606
1394 -0.235551 -0.0759921 -0.0681235
1395 -0.222965 -0.0793508 -0.0368039
1396 -0.239631 -0.226545 0.0220723
1397 -0.257281 -0.24445 0.0316693
1398 -0.249555 -0.214955 0.0303772
1399 -0.287843 -0.179737 0.0567063
1400 -0.203892 -0.149156 -0.0735935
1401 -0.213334 -0.143298 -0.0995722
1402 -0.214238 -0.118784 -0.0758298
1403 -0.248197 -0.073394 0.0997533
1404 -0.159038 -0.144021 0.100366
1405 -0.169325 -0.16675 0.100367
1406 -0.157174 -0.140045 0.0843585
1407 -0.161549 -0.103187 -0.0340435
1408 -0.148336 -0.121156 -0.0407051
1409 -0.138068 -0.0987511 -0.0246261
1410 -0.14707 -0.118409 -0.0191578
1411 -0.27462 -0.180921 0.00874164
1412 -0.257293 -0.189337 0.0318181
1413 -0.249639 -0.198771 0.00294046
1414 -0.226727 -0.179764 0.00162239
1415 -0.230898 -0.196977 0.0247524
1416 -0.213833 -0.188287 -0.0401296
1417 -0.182321 -0.196088 -0.0259892
1418 -0.245764 -0.183941 -0.0314252
1419 -0.248824 -0.213166 -0.0219414
1420 -0.241787 -0.213198 -0.050187
1421 -0.221522 -0.19651 -0.020784
1422 -0.291313 -0.225524 0.100299
1423 -0.306049 -0.240914 0.100364
1424 -0.205812 -0.179654 0.0272154
1425 -0.188175 -0.157663 0.0338812
1426 -0.172136 -0.173468 0.0227223
1427 -0.173233 -0.082564 -0.0597632
1428 -0.173406 -0.106847 -0.052897
1429 -0.168411 -0.0848223 -0.0385614
1430 -0.183374 -0.0779056 -0.0448734
1431 -0.232156 -0.195849 -0.0556036
1432 -0.204034 -0.200952 -0.0554899
1433 -0.21938 -0.218879 -0.0675557
1434 -0.219078 -0.0613374 0.0105515
1435 -0.229194 -0.0773984 -0.0115587
1436 -0.312919 -0.237737 -0.0582379
1437 -0.199947 -0.0952051 0.0445277
1438 -0.204933 -0.067887 0.0667418
1439 -0.234091 -0.150453 -0.000571235
1440 -0.246148 -0.17076 0.0107323
1441 -0.220663 -0.236671 0.100263
1442 -0.210511 -0.257782 0.0850015
1443 -0.200168 -0.235198 0.100268
1444 -0.210604 -0.257967 0.10027
1445 -0.177425 -0.118481 0.0721703
1446 -0.152543 -0.13008 0.0608546
1447 -0.145793 -0.115166 0.0785521
1448 -0.26729 -0.179539 -0.0149291
1449 -0.271942 -0.171483 0.0450102
1450 -0.210772 -0.258605 -0.0648234
1451 -0.239225 -0.243428 -0.0664868
1452 -0.200978 -0.237262 -0.0763403
1453 -0.221039 -0.28073 -0.0246996
1454 -0.21477 -0.267126 -0.00967717
1455 -0.186488 -0.076501 -0.0213298
1456 -0.160255 -0.0885994 -0.0138458
1457 -0.187852 -0.0956051 -0.00630216
1458 -0.242125 -0.147688 -0.099551
1459 -0.245228 -0.0753166 -0.0341706
1460 -0.190264 -0.094794 -0.0994809
1461 -0.158321 -0.143047 -0.026923
1462 -0.157556 -0.141334 -0.0508745
1463 -0.260831 -0.262243 -0.0740861
1464 -0.164976 -0.157697 -0.0703119
1465 -0.165937 -0.159883 -0.0451808
1466 -0.264401 -0.260688 0.00483897
1467 -0.280694 -0.25305 -0.0149173
1468 -0.251913 -0.0938365 -0.0548132
1469 -0.284709 -0.186202 0.0321503
1470 -0.261463 -0.262039 0.0554464
1471 -0.278254 -0.228466 0.0581222
1472 -0.277661 -0.254337 -0.0997749
1473 -0.25432 -0.23763 -0.0997059
1474 -0.212986 -0.112723 -0.00757732
1475 -0.236499 -0.0531227 -0.0356282
1476 -0.233558 -0.190862 -0.0996371
1477 -0.240662 -0.201112 -0.0804731
1478 -0.207488 -0.0918225 0.000953942
1479 -0.199846 -0.070318 0.000965866
1480 -0.216451 -0.0905865 -0.0993843
1481 -0.222785 -0.245044 0.0833631
1482 -0.224411 -0.225834 0.0722371
1483 -0.24657 -0.24363 0.0788589
1484 -0.288047 -0.249567 0.0475705
1485 -0.189599 -0.0750501 0.0485367
1486 -0.179995 -0.0794742 0.0745166
1487 -0.166576 -0.0856914 0.0533977
1488 -0.230911 -0.166555 -0.0519546
1489 -0.220703 -0.179542 -0.0732657
1490 -0.225534 -0.155643 -0.0802494
1491 -0.189847 -0.212361 0.100291
1492 -0.217485 -0.215245 0.100259
1493 -0.199909 -0.234663 0.07768
1494 -0.259117 -0.157925 -0.0509482
1495 -0.253749 -0.125423 -0.0376604
1496 -0.23122 -0.0555549 0.0579407
1497 -0.220369 -0.060606 0.0805294
1498 -0.261521 -0.153788 -0.000694072
1499 -0.242248 -0.17102 -0.0148098
1500 -0.192139 -0.217561 0.0684672
1501 -0.199362 -0.233497 0.0537528
1502 -0.287838 -0.197523 0.100232
1503 -0.234811 -0.198644 0.0816859
1504 -0.18464 -0.144277 -0.0996162
1505 -0.236582 -0.168662 0.035243
1506 -0.200014 -0.235183 -0.0996296
1507 -0.189671 -0.212361 -0.0996216
1508 -0.193197 -0.220164 -0.083942
1509 -0.222646 -0.165962 -0.0251022
1510 -0.192953 -0.0945843 -0.0416913
1511 -0.242796 -0.134808 0.064911
1512 -0.231023 -0.248848 0.052693
1513 -0.250561 -0.228284 0.0521445
1514 -0.167037 -0.113395 -0.00710585
1515 -0.210444 -0.257966 -0.0996512
1516 -0.267942 -0.258985 -0.0418963
1517 -0.150625 -0.126032 -0.0694695
1518 -0.15888 -0.144041 -0.099652
1519 -0.138082 -0.0987097 -0.0496235
1520 -0.138109 -0.0986613 -0.0746289
1521 -0.155118 -0.0909062 -0.056167
1522 -0.221812 -0.223967 0.0384943
1523 -0.252659 -0.114953 0.0211578
1524 -0.177616 -0.185334 0.0805213
1525 -0.17956 -0.189555 0.100321
1526 -0.193855 -0.166023 0.100287
1527 -0.191193 -0.115468 0.100209
1528 -0.200494 -0.0980355 0.100093
1529 -0.214767 -0.117605 0.100107
1530 -0.233436 -0.25122 0.100263
1531 -0.222921 -0.16862 -0.0996071
1532 -0.19596 -0.167277 -0.0996363
1533 -0.159077 -0.0890577 -0.078171
1534 -0.236526 -0.115642 -0.0531871
1535 -0.221167 -0.182898 0.0532359
1536 -0.207027 -0.201932 0.07077
1537 -0.156314 -0.0904227 0.035442
1538 -0.158571 -0.0893837 0.0145163
1539 -0.175134 -0.180165 -0.0796422
1540 -0.169121 -0.166769 -0.0996683
1541 -0.194612 -0.172423 -0.0793692
1542 -0.239884 -0.272005 -0.0523758
1543 -0.165316 -0.158498 -0.00172157
1544 -0.183382 -0.146356 -0.00669662
1545 -0.171415 -0.171994 -0.0258914
1546 -0.155252 -0.0908619 0.0761122
1547 -0.220648 -0.0866266 0.0999492
1548 -0.214291 -0.0635782 0.0392359
1549 -0.229329 -0.250052 0.0167234
1550 -0.221059 -0.280737 0.000303764
1551 -0.247069 -0.268733 -0.00338048
1552 -0.148569 -0.12132 -0.0996518
1553 -0.221084 -0.280717 0.0503004
1554 -0.209501 -0.255621 0.0382385
1555 -0.242364 -0.27091 0.0426074
1556 -0.178039 -0.18662 -0.0530505
1557 -0.264968 -0.260409 0.0310542
1558 -0.209653 -0.201686 -0.0795776
1559 -0.190976 -0.21525 -0.0634195
1560 -0.184294 -0.200466 -0.0798258
1561 -0.16838 -0.108704 0.0478407
1562 -0.236245 -0.201155 0.100225
1563 -0.244799 -0.183947 0.100221
1564 -0.158539 -0.143503 0.0234469
1565 -0.148746 -0.12194 0.0373707
1566 -0.158273 -0.142761 0.0463411
1567 -0.296659 -0.245433 0.07631
1568 -0.258219 -0.115271 0.099936
1569 -0.219066 -0.234525 -0.0511085
1570 -0.201887 -0.1237 -0.048776
1571 -0.184801 -0.201274 0.0683786
1572 -0.212586 -0.133165 0.00799979
1573 -0.211923 -0.261043 -0.0422607
1574 -0.221008 -0.280715 -0.0497022
1575 -0.209711 -0.256051 0.0627841
1576 -0.313273 -0.23767 0.0239617
1577 -0.138079 -0.0987854 0.000363385
1578 -0.147076 -0.118385 0.017054
1579 -0.169234 -0.107736 -0.09958
1580 -0.215218 -0.184458 0.100238
1581 -0.152367 -0.129982 -0.00134417
1582 -0.208204 -0.252843 0.00787101
1583 -0.138105 -0.098758 0.0253568
1584 -0.215049 -0.0632153 -0.0210019
1585 -0.166599 -0.0855734 -0.0995322
1586 -0.316092 -0.236168 -0.0794504
1587 -0.188 -0.140279 0.100272
1588 -0.17141 -0.121331 0.100288
1589 -0.16118 -0.105458 0.100294
1590 -0.18091 -0.0997936 0.100201
1591 -0.166281 -0.160481 0.0421673
1592 -0.244089 -0.123816 0.0026532
1593 -0.31752 -0.235605 0.0553321
1594 -0.195197 -0.0723781 0.10004
1595 -0.30761 -0.21882 -0.0998833
1596 -0.198303 -0.231195 0.0305251
1597 -0.306249 -0.240993 -0.00855616
1598 -0.178769 -0.188173 -0.00273672
1599 -0.238721 -0.0947704 0.00607704
1600 -0.241057 -0.271495 0.0724983
1601 -0.221084 -0.280699 0.0752884
1602 -0.138159 -0.0986133 -0.099631
1603 -0.223751 -0.0589658 0.0998038
1604 -0.189299 -0.211481 -0.0395113
1605 -0.206198 -0.190538 -0.0996299
1606 -0.260288 -0.0942841 0.0998058
1607 -0.221076 -0.280738 0.0253083
1608 -0.148714 -0.121311 0.100377
1609 -0.22096 -0.280696 -0.0746936
1610 -0.166744 -0.0855672 0.100225
1611 -0.138161 -0.0987275 0.0503605
1612 -0.243551 -0.270353 0.0167571
1613 -0.138323 -0.098608 0.100362
1614 -0.305904 -0.240952 -0.0998767
1615 -0.151978 -0.092365 -0.0365235
1616 -0.179382 -0.189552 -0.0996475
1617 -0.233839 -0.0542177 -0.0772307
1618 -0.138228 -0.0986598 0.0753585
1619 -0.221079 -0.280685 0.100279
1620 -0.249472 -0.26757 0.100268
1621 -0.149477 -0.100891 -0.042054
1622 -0.151966 -0.104986 -0.048976
1623 -0.144353 -0.112375 -0.0595453
1624 -0.212078 -0.110329 0.00719635
1625 -0.200326 -0.10496 0.000303377
1626 -0.2015 -0.113199 0.0109672
1627 -0.212451 -0.114433 0.00802822
1628 -0.212827 -0.122925 0.000210761
1629 -0.209564 -0.226288 0.0256152
1630 -0.202886 -0.219149 0.0338828
1631 -0.213816 -0.240632 0.0236224
1632 -0.20416 -0.243996 0.017133
1633 -0.16182 -0.0997804 0.0619723
1634 -0.166423 -0.104777 0.0741284
1635 -0.168078 -0.0953444 0.088159
1636 -0.158981 -0.100044 0.0913211
1637 -0.152534 -0.0920907 0.100295
1638 -0.17337 -0.0825208 0.0873705
1639 -0.192819 -0.195499 0.0860785
1640 -0.191676 -0.185027 0.0878808
1641 -0.188763 -0.1916 0.0768291
1642 -0.189979 -0.191187 0.0698927
1643 -0.195052 -0.198906 -0.0432469
1644 -0.183664 -0.19904 -0.0462772
1645 -0.198645 -0.202643 -0.0397521
1646 -0.225783 -0.264644 0.0787498
1647 -0.215402 -0.268379 0.0690326
1648 -0.235333 -0.237697 0.0373787
1649 -0.248096 -0.171438 0.0929308
1650 -0.237536 -0.163925 0.0873494
1651 -0.323026 -0.225154 -0.0565782
1652 -0.311022 -0.224725 -0.0651008
1653 -0.278314 -0.224983 -0.0663558
1654 -0.274239 -0.220815 -0.072167
1655 -0.274453 -0.208111 -0.0647786
1656 -0.313316 -0.226469 0.00204032
1657 -0.30971 -0.224192 -0.0120301
1658 -0.275392 -0.119709 -0.0543078
1659 -0.285306 -0.123708 -0.0527828
1660 -0.255237 -0.0618159 -0.0678918
1661 -0.246265 -0.0694795 -0.06088
1662 -0.238288 -0.237606 -0.0895997
1663 -0.238422 -0.23608 -0.0996834
1664 -0.179215 -0.13593 0.0918126
1665 -0.213865 -0.244212 -0.0364849
1666 -0.224639 -0.24808 -0.0286075
1667 -0.213789 -0.237315 -0.0277112
1668 -0.197519 -0.229568 -0.0287674
1669 -0.203989 -0.243721 -0.0363441
1670 -0.225231 -0.261689 -0.0223695
1671 -0.225253 -0.268286 -0.0144943
1672 -0.235273 -0.253958 -0.0142571
1673 -0.230147 -0.276533 -0.0090574
1674 -0.211372 -0.226641 -0.0583077
1675 -0.202477 -0.22065 0.0606761
1676 -0.201596 -0.220004 0.0695697
1677 -0.291484 -0.206551 0.034538
1678 -0.296145 -0.201453 0.0342305
1679 -0.247624 -0.259056 -0.0858078
1680 -0.218325 -0.24674 -0.0822413
1681 -0.205419 -0.246971 -0.0872782
1682 -0.192593 -0.182025 0.037817
1683 -0.193023 -0.173587 0.0454357
1684 -0.183751 -0.168638 0.0404563
1685 -0.191478 -0.197877 0.0368899
1686 -0.231644 -0.204854 -0.0354829
1687 -0.256066 -0.221484 0.0240931
1688 -0.251743 -0.219839 0.0219905
1689 -0.244635 -0.212664 0.012499
1690 -0.314544 -0.0457273 0.0919398
1691 -0.320562 -0.0512717 0.0861241
1692 -0.30873 -0.0530827 0.0913497
1693 -0.303952 -0.0553834 0.0815195
1694 -0.299106 -0.0537229 0.0930022
1695 -0.29378 -0.0469543 0.0991535
1696 -0.291908 -0.03689 0.0923312
1697 -0.299435 -0.0335501 0.0903508
1698 -0.295519 -0.0248706 0.0988555
1699 -0.289819 -0.0389561 0.0816607
1700 -0.291789 -0.0517931 0.0844719
1701 -0.297839 -0.033531 0.0762026
1702 -0.307621 -0.0301526 0.0803307
1703 -0.317842 -0.0293349 0.0853751
1704 -0.315836 -0.0350157 0.0931748
1705 -0.38852 -0.115977 0.061171
1706 -0.389617 -0.116224 0.0643652
1707 -0.402769 -0.124354 0.0636618
1708 -0.407359 -0.139869 0.0584673
1709 -0.416409 -0.143107 0.0644496
1710 -0.409526 -0.148359 0.0753714
1711 -0.351503 -0.00584174 0.0695934
1712 -0.361314 -0.0175842 0.0661649
1713 -0.368869 -0.0288728 0.0620395
1714 -0.348219 -0.000339583 0.0736245
1715 -0.261556 -0.0468727 -0.0988957
1716 -0.263509 -0.054788 -0.0898611
1717 -0.256252 -0.0500644 -0.0889532
1718 -0.39474 -0.187019 0.0645688
1719 -0.394461 -0.184438 0.0763902
1720 -0.350181 -0.046343 -0.0867846
1721 -0.3357 -0.0476873 -0.0785702
1722 -0.356638 -0.0523891 -0.0986021
1723 -0.255914 -0.0437803 0.0892536
1724 -0.357133 -0.126562 -0.0895452
1725 -0.362107 -0.122548 -0.0997463
1726 -0.378532 -0.113546 0.0484885
1727 -0.376813 -0.194789 0.0633355
1728 -0.380846 -0.205231 0.0618823
1729 -0.327848 -0.0814473 0.0892958
1730 -0.333147 -0.0852716 0.0995693
1731 -0.327134 -0.0671225 0.0820807
1732 -0.32424 -0.178956 0.022591
1733 -0.333744 -0.17205 0.025342
1734 -0.407626 -0.169382 -0.0938945
1735 -0.402038 -0.160966 -0.0859254
1736 -0.36931 -0.113426 0.0737236
1737 -0.364735 -0.00628553 -0.0380215
1738 -0.373457 -0.00268411 -0.0351197
1739 -0.300362 -0.0351036 -0.0754505
1740 -0.309594 -0.0293753 -0.0724692
1741 -0.303322 -0.121233 0.0209543
1742 -0.290383 -0.122148 0.0166405
1743 -0.289537 -0.114846 0.00511881
1744 -0.289205 -0.124566 -0.00863203
1745 -0.27977 -0.11875 -0.0104781
1746 -0.264248 -0.116603 -0.00329731
1747 -0.311109 -0.116881 0.0143113
1748 -0.418279 -0.146781 -0.088724
1749 -0.418419 -0.141781 -0.100751
1750 -0.428814 -0.18186 -0.0914852
1751 -0.272462 -0.0522678 -0.0453593
1752 -0.537332 -0.133655 0.091762
1753 -0.531455 -0.1247 0.0919602
1754 -0.529835 -0.119268 0.103863
1755 -0.521229 -0.123822 0.0890107
1756 -0.511025 -0.128831 0.0959455
1757 -0.506642 -0.121806 0.0959151
1758 -0.461125 0.0298623 0.0259546
1759 -0.453143 0.0274822 0.0189757
1760 -0.449975 0.0287622 0.0159111
1761 -0.436496 0.0374507 0.0147772
1762 -0.444368 0.0324682 0.0246807
1763 -0.461263 0.034865 0.0328262
1764 -0.44139 0.0244713 0.0584188
1765 -0.43302 0.0291759 0.0562452
1766 -0.517229 -0.143397 -0.0249933
1767 -0.515302 -0.134202 -0.0256913
1768 -0.527948 -0.124328 -0.0390569
1769 -0.518758 -0.131977 -0.045914
1770 -0.519787 -0.141854 -0.0484925
1771 -0.454623 0.0351164 0.06878
1772 -0.536143 -0.123612 -0.0868742
1773 -0.537006 -0.133539 -0.0899278
1774 -0.542649 -0.117275 -0.0851521
1775 -0.47199 -0.00296193 0.030946
1776 -0.46246 -0.0131499 0.0320807
1777 -0.467401 -0.024416 0.0287902
1778 -0.42419 0.0233221 0.0664172
1779 -0.415196 0.0295141 0.0632354
1780 -0.531991 -0.127658 -0.00591287
1781 -0.534727 -0.136218 0.00539066
1782 -0.537113 -0.135428 -0.00664069
1783 -0.53829 -0.126953 -0.013102
1784 -0.525045 -0.116884 -7.25691e-05
1785 -0.39619 -0.0436645 0.0595877
1786 -0.51586 -0.0714441 -0.0285386
1787 -0.516497 -0.0766641 -0.0368612
1788 -0.494564 -0.100124 -0.0705816
1789 -0.489619 -0.101866 -0.0799973
1790 -0.431773 -0.133028 0.0844533
1791 -0.418136 -0.044442 0.087138
1792 -0.51892 -0.0973489 0.0908408
1793 -0.444578 0.0325669 0.0811716
1794 -0.447147 0.0065389 -0.0221523
1795 -0.518992 -0.121022 0.0614197
1796 -0.520464 -0.12268 0.0460955
1797 -0.474158 0.00799539 -0.0364877
1798 -0.469254 0.0173278 -0.0318047
1799 -0.387347 -0.00380759 -0.0874302
1800 -0.383285 -0.00659498 -0.0973543
1801 -0.637124 -0.0376706 -0.0414001
1802 -0.635037 -0.0471083 -0.0328496
1803 -0.627095 -0.0381748 -0.0228056
1804 -0.627202 -0.0373275 -0.00993551
1805 -0.634751 -0.0355323 -0.0439933
1806 -0.630799 -0.0315842 -0.0604384
1807 -0.633475 -0.0430197 -0.0524216
1808 -0.635491 -0.0515416 -0.0580926
1809 -0.634283 -0.0290359 -0.0720999
1810 -0.646235 0.1 0.0260099
1811 -0.628508 0.0940275 0.0287578
1812 -0.554526 -0.106621 0.00347031
1813 -0.552928 -0.102774 0.00407342
1814 -0.633891 0.0690329 -0.0034822
1815 -0.629725 0.0748094 -0.0142245
1816 -0.630624 0.0869526 -0.00786218
1817 -0.63158 0.0533407 -0.00374566
1818 -0.525864 0.0604746 0.000398472
1819 -0.531648 0.062924 -0.00866764
1820 -0.54786 0.0606219 -0.0186891
1821 -0.557552 0.0662371 -0.0131926
1822 -0.574031 -0.099076 -0.0721507
1823 -0.57618 0.0474005 0.00174684
1824 -0.585721 0.0536857 0.0132404
1825 -0.603849 0.0561485 0.0154902
1826 -0.602458 0.0491944 0.0297325
1827 -0.525896 0.0439117 -0.0871623
1828 -0.526893 0.0405338 -0.0955852
1829 -0.51365 0.0495849 -0.0853098
1830 -0.601359 -0.0671247 0.0256819
1831 -0.590274 -0.0728717 0.0209781
1832 -0.596978 -0.0948309 -0.0948942
1833 -0.593401 -0.105402 -0.0924954
1834 -0.58151 -0.107237 -0.0908185
1835 -0.599148 -0.0805215 -0.0895
1836 -0.598284 -0.0761603 -0.0943793
1837 -0.604743 -0.0685476 -0.0897674
1838 -0.543306 -0.0270285 0.0517819
1839 -0.557093 -0.0303857 0.058799
1840 -0.55603 -0.0252966 0.0479903
1841 -0.563752 -0.0381182 0.0450822
1842 -0.560157 -0.0438596 0.0584234
1843 -0.544484 -0.0348823 0.0624985
1844 -0.555978 -0.0539823 0.0491648
1845 -0.554256 -0.0477704 0.0357489
1846 -0.539517 -0.0518176 0.040896
1847 -0.533369 -0.0465861 0.0504337
1848 -0.545824 -0.0316876 0.0364136
1849 -0.541498 0.057671 -0.0875301
1850 -0.631851 0.083305 0.0847876
1851 -0.620272 -0.0982226 0.0867185
1852 -0.616715 -0.108311 0.0953402
1853 -0.614132 -0.0885815 0.0831689
1854 -0.603287 -0.0865697 0.0865138
1855 -0.606605 -0.0733416 0.0923615
1856 -0.621858 -0.0779607 0.089839
1857 -0.63037 -0.0790704 0.092537
1858 -0.639186 -0.0827806 0.0764661
1859 -0.638786 -0.0749312 0.0622192
1860 -0.628423 -0.0678581 0.0575585
1861 -0.628499 -0.0567701 0.0561165
1862 -0.638553 -0.0622813 0.0602996
1863 -0.640469 -0.0716595 0.0902082
1864 -0.639335 -0.058091 0.0890771
1865 -0.627915 -0.0542726 0.0891393
1866 -0.625521 -0.0503157 0.0753509
1867 -0.623891 -0.0874303 0.0841323
1868 -0.575962 -0.106583 0.0776623
1869 -0.582349 -0.0944458 0.086547
1870 -0.606708 -0.00463341 -0.0876735
1871 -0.608368 -0.00201077 -0.099702
1872 -0.592969 -0.00215753 -0.0848214
1873 -0.580588 -0.0147019 -0.0879921
1874 -0.578592 -0.107398 0.0222307
1875 -0.56566 0.0756207 -0.0874179
1876 -0.567339 0.0739483 -0.0812149
1877 -0.627606 -0.0520068 0.0124722
1878 -0.636018 -0.061 0.0130211
1879 -0.63359 0.0762433 -0.0810447
1880 -0.634302 0.0899597 -0.0835835
1881 -0.628294 0.0948149 -0.0904386
1882 -0.588429 0.0298797 -0.0742115
1883 -0.543918 -0.0735189 0.0902497
1884 -0.286433 -0.0608387 -0.0313721
1885 -0.354224 -0.189555 0.0379243
1886 -0.331811 -0.0620289 -0.00254568
1887 -0.445582 -0.00910776 0.0667107
1888 -0.30336 -0.185287 -0.0545229
1889 -0.269258 -0.243215 -0.00805338
1890 -0.272662 -0.247015 0.0396103
1891 -0.323635 -0.177084 -0.0858504
1892 -0.577759 -0.103752 0.0371209
1893 -0.368355 -0.199038 0.0395092
1894 -0.229567 -0.0674681 -0.0836514
1895 -0.271984 -0.0884516 -0.0161936
1896 -0.300588 -0.172985 0.0862205
1897 -0.312268 -0.171143 0.0896187
1898 -0.31619 -0.138477 0.0020217
1899 -0.351197 -0.207215 0.0612072
1900 -0.408773 -0.180248 -0.045815
1901 -0.605939 0.0324151 -0.0477251
1902 -0.611754 0.0433561 -0.0404293
1903 -0.305234 -0.176159 -0.0857501
1904 -0.213442 -0.151887 -0.0493917
1905 -0.51043 -0.0868162 0.0169784
1906 -0.618538 0.0158851 0.0098026
1907 -0.561745 0.0167032 0.083791
1908 -0.619497 0.0832043 0.0521
1909 -0.251324 -0.252065 -0.0257259
1910 -0.274052 -0.152029 -0.0862316
1911 -0.266822 -0.217491 -0.00610661
1912 -0.550166 -0.0808761 0.103168
1913 -0.458564 -0.158989 0.0145857
1914 -0.452049 -0.156332 -0.0015502
1915 -0.27239 -0.241759 0.00641207
1916 -0.633881 -0.0135203 0.0588955
1917 -0.578153 -0.0690267 -0.0599328
1918 -0.249253 -0.0655612 0.0253821
1919 -0.332853 -0.118964 0.0432552
