1 -0.0818398 0.592874 0.266445
2 0.0142812 -0.817483 0.289001
3 0.0667943 -0.826078 0.261332
4 0.0796288 0.603267 0.213866
5 0.110378 -0.83531 0.223436
6 0.123063 0.598994 0.175789
7 0.150686 -0.839972 0.176116
8 0.186973 0.578477 0.0851316
9 0.203368 0.570234 0.0304589
10 0.210119 0.563767 -0.0232884
11 0.16441 0.554302 -0.185319
12 0.148184 -0.823399 -0.160709
13 0.127365 0.548107 -0.229939
14 0.081634 0.547655 -0.264473
15 0.0613164 -0.829128 -0.239363
16 0.0303307 0.545095 -0.291889
17 0.00957939 -0.831948 -0.267362
18 -0.0464668 -0.831868 -0.283349
19 -0.195978 0.541368 -0.291126
20 -0.218339 -0.810354 -0.265809
21 -0.247885 0.540887 -0.263964
22 -0.291357 0.543473 -0.226732
23 -0.318188 -0.787861 -0.204211
24 -0.327785 0.547566 -0.182692
25 -0.38446 -0.779413 -0.105642
26 -0.401855 -0.779023 -0.0486154
27 -0.369584 0.555269 -0.0782311
28 -0.375395 0.558046 -0.0213729
29 -0.406353 -0.781479 0.0104247
30 -0.399871 -0.786257 0.0702069
31 -0.351288 0.565346 0.0895642
32 -0.325876 0.571072 0.139925
33 -0.244834 0.577712 0.219221
34 -0.138857 0.584403 0.263002
35 0.196146 -0.830769 -0.0529543
36 -0.382801 -0.789502 0.126308
37 -0.351705 -0.799183 0.177861
38 0.0368523 -0.849818 0.143834
39 -0.100196 -0.807967 0.31114
40 -0.15832 -0.810369 0.305221
41 -0.27111 -0.799898 -0.23986
42 0.179907 -0.83383 0.123543
43 0.0783582 -0.850178 0.0818958
44 -0.0405907 -0.808841 0.306262
45 0.17766 -0.829473 -0.107999
46 -0.311821 -0.80858 0.224292
47 -0.265231 -0.811244 0.260631
48 0.195595 -0.834691 0.0662966
49 -0.3565 -0.783476 -0.15859
50 -0.241293 -0.814655 -0.125305
51 -0.214938 -0.809777 0.289702
52 0.201894 -0.831166 0.00582004
53 -0.162877 -0.820825 -0.283721
54 -0.104551 -0.825348 -0.289646
55 0.108517 -0.827677 -0.204549
56 0.00437541 -0.84333 0.171215
57 -0.211471 -0.820312 -0.149378
58 -0.265989 -0.810002 -0.0963676
59 0.030478 -0.842487 -0.12663
60 4.25949e-05 -0.842339 -0.148938
61 -0.0683778 -0.847246 -0.175623
62 -0.207304 -0.832023 0.171402
63 0.0598972 -0.85807 0.114719
64 0.0881779 -0.84869 0.0460751
65 0.0920765 -0.849202 0.00670437
66 -0.29382 -0.806405 -0.0280749
67 0.0874821 -0.847441 -0.0297101
68 0.0754922 -0.847117 -0.0648223
69 0.0573736 -0.845156 -0.0967893
70 -0.263336 -0.824111 0.115207
71 -0.0328861 -0.846464 -0.165676
72 -0.10085 -0.826066 0.202142
73 -0.0283478 -0.833521 0.187979
74 -0.10532 -0.843784 -0.179125
75 -0.141988 -0.833858 -0.175214
76 -0.283533 -0.807321 -0.0635365
77 -0.249802 0.529867 -0.0903011
78 -0.26029 0.531456 -0.0554529
79 0.0975953 0.540886 -0.0575586
80 -0.297602 -0.809081 0.00875157
81 -0.262757 0.534156 -0.0186272
82 0.0876622 0.537878 -0.0924375
83 0.0700929 0.534935 -0.124627
84 -0.292647 -0.809539 0.0479929
85 -0.28073 -0.81733 0.0830251
86 -0.260257 0.538244 0.0125809
87 -0.240406 -0.827693 0.144525
88 -0.23248 0.544893 0.0802754
89 -0.208282 0.547121 0.108327
90 -0.0107157 0.528041 -0.189178
91 -0.0640264 -0.826489 0.198642
92 -0.0467421 0.575445 0.153202
93 -0.0823657 0.524114 -0.202971
94 -0.173688 -0.827734 0.187649
95 0.0197647 0.574968 0.126224
96 -0.13789 -0.824216 0.198134
97 -0.118034 0.563022 0.155116
98 -0.177489 -0.828071 -0.165658
99 -0.118738 0.524778 -0.199773
100 -0.153699 0.525771 -0.189045
101 0.045574 0.566215 0.104665
102 0.0681372 0.558981 0.0764378
103 -0.185085 0.527014 -0.171354
104 0.096494 0.545758 0.00963327
105 0.0297206 0.604786 0.241867
106 -0.0253667 0.602425 0.2589
107 -0.289761 0.574058 0.182938
108 -0.18424 0.552687 0.128638
109 -0.15225 0.558986 0.145208
110 0.16003 0.588747 0.135238
111 -0.0115134 0.576777 0.143793
112 -0.194739 0.581482 0.246375
113 -0.0826248 0.570096 0.158376
114 0.0856745 0.551506 0.0447116
115 0.206247 0.556406 -0.0804045
116 0.101016 0.541774 -0.0213484
117 -0.368105 0.561325 0.034278
118 -0.249212 0.541795 0.0480111
119 -0.232678 0.527679 -0.123312
120 -0.21317 0.526019 -0.147824
121 -0.353026 0.549727 -0.133129
122 0.19004 0.559266 -0.136636
123 -0.0246125 0.542488 -0.308672
124 -0.0824469 0.540992 -0.314073
125 0.0486728 0.533241 -0.149048
126 0.0216238 0.530847 -0.172382
127 -0.0460115 0.52576 -0.199381
128 -0.140245 0.540679 -0.308131
129 -0.139215 0.582008 0.229451
130 0.104591 0.591125 0.149189
131 -0.0342989 0.586274 0.193733
132 -0.0866819 0.583123 0.211467
133 0.0351269 0.592922 0.173616
134 -0.236901 -0.126788 -0.100669
135 -0.356087 -0.1256 -0.109329
136 -0.371342 -0.11842 0.0630516
137 -0.18359 -0.119075 0.160762
138 -0.191791 -0.118392 0.27923
139 -0.288442 -0.116771 0.215496
140 -0.354194 -0.117746 0.119122
141 -0.326315 -0.116567 0.170309
142 -0.243124 -0.116643 0.251653
143 -0.135878 -0.118935 0.295576
144 0.130551 -0.126444 0.212145
145 0.210586 -0.133775 -0.0550292
146 -0.0228969 -0.135879 -0.288983
147 -0.213491 -0.127318 -0.129814
148 -0.246383 -0.131507 -0.244949
149 -0.138542 -0.132562 -0.288644
150 -0.194671 -0.132744 -0.272605
151 -0.0806992 -0.133089 -0.294251
152 -0.291463 -0.129657 -0.207272
153 -0.328549 -0.12687 -0.161837
154 -0.184825 -0.12917 -0.153151
155 -0.152241 -0.130228 -0.17069
156 -0.11675 -0.12991 -0.182202
157 -0.0805186 -0.130653 -0.186281
158 -0.0440486 -0.132872 -0.182207
159 -0.00877715 -0.133468 -0.171254
160 0.0235904 -0.133939 -0.153639
161 0.0519362 -0.133549 -0.130227
162 0.0753921 -0.133234 -0.101296
163 0.0928143 -0.132661 -0.068891
164 0.104015 -0.131529 -0.0339806
165 0.108026 -0.130251 0.00235172
166 0.104007 -0.129578 0.0394148
167 0.0935021 -0.128654 0.0745354
168 0.0764364 -0.127289 0.106828
169 0.0534289 -0.125407 0.135283
170 0.0252013 -0.123558 0.159399
171 -0.00735348 -0.123687 0.176745
172 -0.0423229 -0.122514 0.187561
173 -0.0787845 -0.120804 0.191539
174 -0.115454 -0.120568 0.187879
175 -0.150767 -0.119633 0.17761
176 0.129888 -0.137298 -0.207638
177 0.0333257 -0.13687 -0.272288
178 0.0849955 -0.137439 -0.24498
179 0.166388 -0.13559 -0.162817
180 0.194146 -0.136141 -0.111225
181 0.194186 -0.130695 0.115948
182 0.215692 -0.132694 0.00260301
183 0.210876 -0.13258 0.0604655
184 0.167294 -0.127063 0.166832
185 0.0350952 -0.121752 0.276697
186 -0.0776955 -0.119617 0.300491
187 -0.0201082 -0.121115 0.294397
188 0.0859169 -0.123332 0.24875
189 -0.212299 -0.117888 0.137401
190 -0.235753 -0.118713 0.108853
191 -0.253338 -0.119007 0.0763742
192 -0.264675 -0.119001 0.0411164
193 -0.268491 -0.119774 0.00404138
194 -0.264586 -0.122601 -0.0323836
195 -0.254231 -0.124785 -0.0678807
196 -0.377359 -0.119098 0.00476321
197 -0.372633 -0.122657 -0.0532441
198 -0.236983 0.208624 -0.110818
199 -0.356137 0.206345 -0.119093
200 -0.246125 0.200206 -0.25475
201 -0.00711914 0.206508 -0.18139
202 -0.0208927 0.199998 -0.300214
203 -0.138052 0.199313 -0.300238
204 -0.0795228 0.199351 -0.306067
205 -0.194376 0.199699 -0.282769
206 0.0870403 0.202976 -0.255197
207 0.109885 0.218129 -0.00678059
208 0.213821 0.219127 0.0520214
209 -0.00555518 0.226664 0.168153
210 0.0370209 0.229366 0.268939
211 0.169496 0.225944 0.158686
212 0.0880451 0.228287 0.241239
213 0.132624 0.226775 0.204275
214 0.196761 0.221895 0.107845
215 -0.0183719 0.229947 0.286371
216 -0.181555 0.225578 0.152233
217 -0.241203 0.227091 0.243673
218 -0.134125 0.228788 0.286701
219 -0.189378 0.228975 0.269874
220 -0.0761941 0.229364 0.29214
221 -0.325061 0.223204 0.161418
222 -0.377545 0.21202 -0.00433194
223 -0.353603 0.218583 0.110785
224 -0.371066 0.215365 0.0547185
225 -0.372647 0.208109 -0.0626395
226 -0.263651 0.215958 0.0323353
227 -0.268096 0.213813 -0.00550721
228 -0.264647 0.211036 -0.0422487
229 -0.254263 0.209971 -0.0780543
230 -0.252438 0.219105 0.0676917
231 -0.235048 0.222104 0.100196
232 -0.211383 0.224528 0.128536
233 -0.286708 0.225521 0.206769
234 -0.148987 0.226324 0.169505
235 -0.113853 0.225882 0.179739
236 -0.0770691 0.226542 0.182725
237 -0.040575 0.22664 0.178836
238 0.0266827 0.225818 0.150688
239 0.0555211 0.225409 0.126878
240 0.078755 0.223422 0.0984829
241 0.0958252 0.221376 0.0661095
242 0.106341 0.219429 0.0308396
243 0.196785 0.210607 -0.120334
244 0.219519 0.216894 -0.00647885
245 0.214013 0.213347 -0.0646252
246 0.169058 0.20829 -0.172438
247 0.132103 0.204972 -0.218006
248 0.106181 0.215465 -0.0433987
249 0.0959383 0.213728 -0.0788628
250 0.078415 0.211331 -0.111413
251 0.0542341 0.210014 -0.140824
252 0.0256126 0.207854 -0.163955
253 0.0353324 0.200946 -0.283189
254 -0.042515 0.205513 -0.192149
255 -0.0794469 0.204983 -0.19581
256 -0.11636 0.204998 -0.192164
257 -0.15185 0.205176 -0.181257
258 -0.184717 0.205957 -0.163829
259 -0.21339 0.207424 -0.14032
260 -0.291487 0.201834 -0.217448
261 -0.328577 0.205061 -0.171911
262 -0.242819 -0.464423 -0.0951455
263 -0.361638 -0.462535 -0.104339
264 -0.297236 -0.466551 -0.20138
265 -0.0516629 -0.479479 -0.176459
266 -0.0881743 -0.479992 -0.28917
267 0.0247166 -0.484739 -0.266493
268 0.120364 -0.488679 -0.201747
269 0.183062 -0.487141 -0.105712
270 0.206117 -0.487193 0.00684549
271 0.184552 -0.486224 0.119078
272 0.0777158 -0.482735 0.252696
273 -0.086738 -0.470545 0.195314
274 -0.123013 -0.468675 0.191969
275 -0.0860704 -0.471184 0.303557
276 -0.199306 -0.467518 0.282583
277 -0.271176 -0.461033 0.0464901
278 -0.38367 -0.458202 0.00999967
279 -0.332915 -0.46151 0.174833
280 -0.250735 -0.466076 0.25592
281 -0.296033 -0.464491 0.219822
282 -0.360538 -0.461026 0.12368
283 -0.377455 -0.459516 0.0681553
284 -0.378074 -0.460259 -0.0481577
285 -0.274546 -0.460037 0.00952416
286 -0.270715 -0.461548 -0.0272208
287 -0.259939 -0.463166 -0.0624452
288 -0.259901 -0.463036 0.0811108
289 -0.242577 -0.464504 0.11339
290 -0.21904 -0.4648 0.141363
291 -0.190469 -0.466512 0.164296
292 -0.158159 -0.467495 0.181361
293 -0.143665 -0.469354 0.298434
294 0.0267108 -0.47965 0.280272
295 -0.0284937 -0.474649 0.297442
296 -0.0506491 -0.473755 0.190858
297 -0.0156664 -0.477853 0.180085
298 0.0162097 -0.479623 0.162531
299 0.0444064 -0.480391 0.138888
300 0.0671754 -0.482178 0.110636
301 0.0839612 -0.482996 0.0784013
302 0.0939207 -0.48343 0.0434438
303 0.0977921 -0.483173 0.00692852
304 0.0939592 -0.483143 -0.0294026
305 0.0837852 -0.483537 -0.0646961
306 0.0665288 -0.484453 -0.0969144
307 0.0436081 -0.483525 -0.125284
308 0.014965 -0.482548 -0.148203
309 -0.0168441 -0.480815 -0.165869
310 0.157772 -0.484303 0.170154
311 0.121955 -0.483108 0.215631
312 0.201325 -0.487013 0.0642245
313 0.200543 -0.48716 -0.0504945
314 0.156599 -0.488631 -0.156604
315 0.0761101 -0.486667 -0.239327
316 -0.0305619 -0.482447 -0.283492
317 -0.201423 -0.473525 -0.266508
318 -0.145905 -0.476492 -0.283956
319 -0.252578 -0.47009 -0.238738
320 -0.0879316 -0.477598 -0.179816
321 -0.124166 -0.475446 -0.175764
322 -0.159067 -0.47293 -0.165173
323 -0.191174 -0.470037 -0.147565
324 -0.219627 -0.46627 -0.124402
325 -0.334284 -0.463563 -0.1561
326 -0.00784982 0.371094 -0.189817
327 0.0339857 0.369896 -0.291752
328 -0.022356 0.368645 -0.308907
329 -0.139399 0.366735 -0.308763
330 -0.0807031 0.370203 -0.204138
331 -0.0436436 0.370417 -0.200589
332 -0.11787 0.369476 -0.200313
333 -0.153644 0.369166 -0.18964
334 -0.18639 0.369751 -0.172182
335 -0.293402 0.369496 -0.226358
336 -0.359422 0.375069 -0.127914
337 -0.381404 0.380966 -0.0124629
338 -0.267214 0.382587 0.0248128
339 -0.27167 0.379631 -0.0134227
340 -0.268324 0.376573 -0.0502443
341 -0.257416 0.373841 -0.0856988
342 -0.239893 0.372549 -0.118719
343 -0.215351 0.370333 -0.148503
344 -0.255734 0.385522 0.0601056
345 -0.329261 0.393474 0.154221
346 -0.243486 0.400669 0.236633
347 -0.213386 0.390611 0.121036
348 -0.184044 0.394124 0.144455
349 -0.15045 0.396761 0.161824
350 -0.13514 0.407349 0.279002
351 -0.0196511 0.412345 0.278099
352 -0.00661385 0.403633 0.161208
353 -0.0416838 0.403972 0.171818
354 0.0258789 0.403353 0.144574
355 0.0863854 0.41138 0.234419
356 0.168492 0.40354 0.153042
357 0.0958869 0.393266 0.0601265
358 0.106603 0.389922 0.0247674
359 0.220082 0.388242 -0.0142178
360 0.196485 0.398013 0.102104
361 0.213943 0.393116 0.0461776
362 0.214921 0.384794 -0.07295
363 0.169599 0.377437 -0.182415
364 0.0251364 0.373277 -0.172367
365 0.0541995 0.37513 -0.149078
366 0.0787384 0.376972 -0.119797
367 0.0958298 0.379218 -0.086692
368 0.106379 0.382252 -0.0510301
369 0.110277 0.385751 -0.0140826
370 0.0862054 0.371123 -0.264643
371 0.132016 0.373891 -0.228288
372 0.197909 0.380504 -0.128853
373 0.0784894 0.396453 0.0925374
374 0.0549002 0.400171 0.120665
375 0.131005 0.408276 0.197977
376 0.035421 0.412662 0.261503
377 -0.0772947 0.410109 0.283913
378 -0.0782346 0.402015 0.175499
379 -0.114877 0.399963 0.17221
380 -0.19113 0.40377 0.26307
381 -0.237768 0.38774 0.0927894
382 -0.289916 0.397044 0.201057
383 -0.357318 0.388648 0.102999
384 -0.375059 0.384884 0.0474702
385 -0.376206 0.376865 -0.071418
386 -0.330668 0.37205 -0.180527
387 -0.248101 0.368486 -0.263756
388 -0.19588 0.367096 -0.291495
389 -0.0809652 0.367691 -0.314644
390 -0.00692718 0.0382982 -0.174928
391 0.0867976 0.0355149 -0.248749
392 0.16875 0.0378606 -0.166531
393 0.0540992 0.0394577 -0.133994
394 0.0774453 0.040353 -0.105501
395 0.0947258 0.0414231 -0.07305
396 0.10533 0.0429796 -0.0378686
397 0.218276 0.0432297 -0.00120679
398 0.196059 0.0478316 0.11213
399 0.0778173 0.0485975 0.103057
400 0.0547677 0.0499307 0.131532
401 0.0879257 0.0531856 0.245465
402 0.168838 0.0499767 0.163412
403 0.132473 0.0514802 0.20835
404 -0.0185 0.0554328 0.290645
405 -0.00565645 0.0519297 0.172728
406 0.0265406 0.0511818 0.155157
407 -0.0406424 0.0528399 0.183682
408 -0.0771381 0.0531798 0.187539
409 -0.113775 0.0534325 0.18415
410 -0.134208 0.0562323 0.291832
411 -0.241772 0.0563323 0.248553
412 -0.324892 0.0536246 0.16726
413 -0.210422 0.0529812 0.133526
414 -0.233982 0.0518662 0.105183
415 -0.251735 0.0504238 0.0728681
416 -0.262788 0.0488064 0.037456
417 -0.37076 0.0496249 0.0601038
418 -0.371948 0.0446287 -0.0573463
419 -0.328 0.040044 -0.165889
420 -0.25307 0.0433684 -0.0721897
421 -0.235863 0.0419292 -0.104987
422 -0.212582 0.0404684 -0.133719
423 -0.184122 0.0395242 -0.157422
424 -0.245705 0.0367095 -0.248895
425 -0.137663 0.0354043 -0.293881
426 -0.0423336 0.0384419 -0.185745
427 -0.0791852 0.0386326 -0.189425
428 -0.116035 0.0387024 -0.18579
429 -0.151482 0.0389835 -0.174972
430 -0.0207285 0.0349131 -0.29372
431 0.0353322 0.0348458 -0.276684
432 -0.0791342 0.0350611 -0.29957
433 -0.193885 0.0358739 -0.276772
434 -0.291066 0.0380916 -0.211474
435 -0.263509 0.0452358 -0.036614
436 -0.266868 0.0473149 0.000284243
437 -0.355285 0.0424545 -0.113695
438 -0.37723 0.0471415 0.00120999
439 -0.352948 0.0517148 0.115917
440 -0.181638 0.0535973 0.156707
441 -0.149052 0.0534264 0.173794
442 -0.287328 0.0553097 0.212003
443 -0.190102 0.0563278 0.275513
444 -0.0762385 0.0558318 0.29695
445 0.0369393 0.0543898 0.273227
446 0.0949592 0.0471524 0.0706291
447 0.10546 0.0456951 0.0355229
448 0.108948 0.043997 -0.00127113
449 0.212735 0.0457424 0.0565005
450 0.19597 0.0394256 -0.114871
451 0.21276 0.0414309 -0.059101
452 0.0256872 0.0387857 -0.157541
453 0.131964 0.0365887 -0.211652
454 -0.0469873 -0.304712 -0.178881
455 -0.0836436 -0.305074 -0.292086
456 0.0299802 -0.308484 -0.269206
457 0.126104 -0.309881 -0.204711
458 0.0486627 -0.306717 -0.127434
459 0.0203791 -0.306418 -0.150761
460 -0.0119121 -0.305789 -0.168151
461 0.0716745 -0.306883 -0.0989068
462 0.0888675 -0.306917 -0.0664858
463 0.206652 -0.309535 -0.0524777
464 0.20681 -0.307943 0.0629913
465 0.102932 -0.306721 0.00505308
466 0.099451 -0.306632 -0.0313729
467 0.0995097 -0.30581 0.0419336
468 0.0891472 -0.304837 0.0770164
469 0.0720805 -0.303488 0.109362
470 0.126905 -0.303192 0.214549
471 0.190146 -0.306919 0.118492
472 0.163095 -0.305361 0.169628
473 0.0318052 -0.298708 0.279404
474 0.021136 -0.300384 0.161319
475 -0.0108806 -0.298606 0.178862
476 -0.0458134 -0.29696 0.189711
477 -0.0822389 -0.295117 0.193558
478 -0.0811245 -0.294153 0.302798
479 -0.139051 -0.292413 0.297742
480 -0.246508 -0.28982 0.254567
481 -0.329379 -0.288154 0.17333
482 -0.214994 -0.290976 0.139907
483 -0.238517 -0.290463 0.111718
484 -0.256027 -0.290066 0.0793855
485 -0.266904 -0.290343 0.0441484
486 -0.374453 -0.288374 0.0661622
487 -0.375183 -0.290491 -0.0504636
488 -0.25666 -0.293185 -0.0650504
489 -0.239455 -0.294798 -0.0977093
490 -0.331144 -0.294846 -0.158843
491 -0.294105 -0.296841 -0.204212
492 -0.141693 -0.303442 -0.286197
493 -0.187632 -0.298592 -0.150182
494 -0.216003 -0.297002 -0.126568
495 -0.155165 -0.30008 -0.167743
496 -0.120037 -0.301658 -0.178729
497 -0.0835385 -0.303395 -0.182452
498 -0.248907 -0.298957 -0.24137
499 -0.197444 -0.301212 -0.269179
500 -0.358516 -0.292353 -0.106575
501 -0.267121 -0.291922 -0.0296471
502 -0.270538 -0.290988 0.00713415
503 -0.380659 -0.289052 0.00779409
504 -0.357064 -0.287737 0.122047
505 -0.186532 -0.291927 0.163024
506 -0.154037 -0.293049 0.180031
507 -0.118771 -0.293972 0.190366
508 -0.291891 -0.288732 0.218124
509 -0.194933 -0.291073 0.281438
510 -0.0234081 -0.296761 0.29673
511 0.0490966 -0.301913 0.13778
512 0.082506 -0.301468 0.251588
513 0.212292 -0.309456 0.00515822
514 0.18988 -0.309769 -0.108081
515 0.16277 -0.310376 -0.159579
516 0.0813042 -0.309408 -0.241708
517 -0.0257336 -0.307148 -0.286318
518 -0.247892 -0.636622 -0.0931113
519 -0.36712 -0.626068 -0.102251
520 -0.303459 -0.63246 -0.199068
521 -0.207734 -0.645254 -0.264353
522 -0.197663 -0.644131 -0.145238
523 -0.225355 -0.640526 -0.121431
524 -0.165711 -0.64852 -0.163135
525 -0.131184 -0.652786 -0.173503
526 -0.0954941 -0.656331 -0.177501
527 -0.0960196 -0.656135 -0.28633
528 -0.0391602 -0.659537 -0.280997
529 0.0670814 -0.661336 -0.236164
530 0.149102 -0.662102 -0.154429
531 0.193698 -0.662845 -0.0478842
532 0.0859354 -0.662843 -0.0267538
533 0.0751528 -0.662404 -0.0616679
534 0.0576048 -0.662329 -0.0936179
535 0.0348636 -0.662138 -0.122447
536 0.00731436 -0.661269 -0.146299
537 -0.0250368 -0.660084 -0.163389
538 -0.0596261 -0.658084 -0.173912
539 0.0896444 -0.663415 0.00950935
540 0.0860211 -0.663966 0.0455257
541 0.177098 -0.663758 0.121114
542 0.199115 -0.662521 0.00955783
543 0.193633 -0.66289 0.0660048
544 0.14999 -0.662664 0.171981
545 0.0712609 -0.656757 0.252381
546 -0.0347562 -0.648515 0.297569
547 -0.0221484 -0.654072 0.179536
548 -0.0568309 -0.651133 0.190732
549 -0.0932015 -0.649077 0.194632
550 -0.129701 -0.646677 0.19144
551 -0.206043 -0.64247 0.281874
552 -0.301571 -0.63749 0.218739
553 -0.196581 -0.644523 0.16439
554 -0.16467 -0.645737 0.180902
555 -0.224778 -0.643182 0.14202
556 -0.24818 -0.640777 0.114783
557 -0.265203 -0.638977 0.0823679
558 -0.383057 -0.627075 0.0692739
559 -0.265253 -0.634965 -0.0605675
560 -0.275688 -0.634108 -0.0252321
561 -0.278942 -0.633925 0.0112958
562 -0.275448 -0.636875 0.0473399
563 -0.383763 -0.62511 -0.0456889
564 -0.389026 -0.625518 0.0126266
565 -0.365482 -0.631021 0.125244
566 -0.33788 -0.633712 0.176242
567 -0.256663 -0.639538 0.254903
568 -0.0926031 -0.644878 0.303884
569 -0.150596 -0.642949 0.298733
570 0.00984724 -0.657813 0.162124
571 0.0372116 -0.662504 0.140736
572 0.0599303 -0.664427 0.112693
573 0.0764944 -0.664655 0.0805755
574 0.0207111 -0.652699 0.279801
575 0.115788 -0.660927 0.215678
576 0.176556 -0.662046 -0.103363
577 0.112918 -0.661081 -0.19972
578 0.0161062 -0.661605 -0.264111
579 -0.152704 -0.651219 -0.280986
580 -0.258556 -0.639059 -0.236449
581 -0.340538 -0.628393 -0.153593
582 -0.152615 0.289035 -0.185755
583 -0.185477 0.289951 -0.168224
584 -0.214271 0.290815 -0.144556
585 -0.238683 0.291512 -0.114556
586 -0.25599 0.293176 -0.0816465
587 -0.266612 0.295512 -0.0460367
588 -0.26982 0.297882 -0.00913152
589 -0.265587 0.300776 0.0286023
590 -0.254372 0.30369 0.0639918
591 -0.236609 0.307056 0.0964881
592 -0.212581 0.309513 0.124638
593 -0.182378 0.311594 0.148782
594 -0.149311 0.313689 0.165796
595 -0.113885 0.315471 0.176163
596 -0.0771719 0.316259 0.179226
597 -0.0407174 0.31681 0.175631
598 -0.00576949 0.316828 0.165082
599 0.0266501 0.315931 0.148055
600 0.0554227 0.313397 0.124171
601 0.0788937 0.311388 0.0961471
602 0.0963445 0.308862 0.0636415
603 0.106819 0.306364 0.0281066
604 0.110366 0.303378 -0.0105889
605 0.106763 0.300971 -0.0473294
606 0.0961604 0.298372 -0.0828936
607 0.078834 0.295861 -0.115629
608 0.0547173 0.29296 -0.145164
609 0.0255442 0.291452 -0.168344
610 -0.00736865 0.289755 -0.185814
611 -0.0430679 0.289389 -0.196627
612 -0.0800576 0.28882 -0.200264
613 -0.117079 0.289084 -0.196537
614 -0.215434 0.449527 -0.14997
615 -0.186735 0.447631 -0.173833
616 -0.153841 0.447306 -0.190707
617 -0.118483 0.44671 -0.201714
618 -0.0816033 0.447789 -0.205313
619 -0.0443423 0.448573 -0.202524
620 -0.00849632 0.449278 -0.191875
621 0.0238933 0.451023 -0.174465
622 0.0524321 0.452614 -0.15104
623 0.0760871 0.454971 -0.123262
624 0.093243 0.45779 -0.0902739
625 0.103906 0.460717 -0.0549509
626 0.107244 0.462971 -0.018371
627 0.102948 0.468249 0.0182332
628 0.0922418 0.472519 0.0535294
629 0.0744786 0.477062 0.085943
630 0.0508076 0.482604 0.113999
631 0.0237645 0.488535 0.138289
632 -0.00785055 0.490115 0.155354
633 -0.0427947 0.489462 0.165789
634 -0.0791623 0.485876 0.169075
635 -0.11581 0.483243 0.165644
636 -0.15141 0.478149 0.156001
637 -0.183983 0.473507 0.13833
638 -0.21295 0.469414 0.115508
639 -0.237466 0.466739 0.0876604
640 -0.254842 0.463205 0.0552402
641 -0.265954 0.460312 0.0197243
642 -0.269896 0.456746 -0.016575
643 -0.266562 0.454691 -0.0535223
644 -0.255996 0.452005 -0.0887863
645 -0.2385 0.45053 -0.121861
646 -0.00680255 0.122728 -0.177846
647 0.0258218 0.123581 -0.160424
648 0.0543531 0.124429 -0.136956
649 0.077838 0.125692 -0.108057
650 0.095167 0.127165 -0.0755716
651 0.105912 0.129108 -0.0404
652 0.109758 0.131287 -0.00375977
653 0.106024 0.132991 0.0331833
654 0.0954564 0.134423 0.0683332
655 0.0782021 0.135876 0.10073
656 0.0550631 0.13734 0.129111
657 0.0268534 0.138592 0.153059
658 -0.00534253 0.139443 0.170526
659 -0.0403826 0.139745 0.181221
660 -0.0768854 0.139727 0.185082
661 -0.113463 0.139143 0.181852
662 -0.148756 0.139018 0.171431
663 -0.181659 0.138655 0.154181
664 -0.210324 0.138263 0.130993
665 -0.234019 0.136372 0.102713
666 -0.251791 0.134434 0.0703317
667 -0.262863 0.132166 0.0350873
668 -0.266744 0.129865 -0.00221515
669 -0.263489 0.127965 -0.0392119
670 -0.253108 0.126254 -0.0748131
671 -0.235913 0.12495 -0.107631
672 -0.21259 0.123333 -0.136356
673 -0.184078 0.122107 -0.160053
674 -0.151429 0.121964 -0.17766
675 -0.115954 0.12199 -0.188537
676 -0.0790597 0.122044 -0.192242
677 -0.0422092 0.122207 -0.188649
678 -0.0075271 -0.0461152 -0.172798
679 -0.0427875 -0.0453152 -0.183233
680 -0.0795716 -0.0445037 -0.186963
681 -0.116395 -0.0448404 -0.18335
682 -0.151764 -0.0443141 -0.172702
683 -0.184396 -0.0437007 -0.15524
684 -0.21288 -0.0430014 -0.131586
685 -0.236148 -0.0411694 -0.102793
686 -0.253409 -0.0395149 -0.0699783
687 -0.263733 -0.0377934 -0.0345026
688 -0.267084 -0.0358941 0.00230154
689 -0.263054 -0.0342737 0.0395833
690 -0.252093 -0.0334634 0.0749391
691 -0.234449 -0.0328206 0.107336
692 -0.210791 -0.0318904 0.135574
693 -0.182268 -0.0311136 0.158526
694 -0.149618 -0.0317742 0.175626
695 -0.114432 -0.0325112 0.18608
696 -0.0778414 -0.0333276 0.189506
697 -0.041353 -0.0338877 0.185638
698 -0.00633782 -0.0349316 0.174705
699 0.0258802 -0.0361274 0.157163
700 0.0542045 -0.037424 0.133527
701 0.0772868 -0.0387329 0.105087
702 0.0944744 -0.039952 0.0727117
703 0.104916 -0.0412817 0.0375631
704 0.108312 -0.0422687 0.000537668
705 0.104701 -0.043869 -0.0359124
706 0.0940796 -0.0447676 -0.0710466
707 0.0765107 -0.0457515 -0.103384
708 0.0533111 -0.0461474 -0.131883
709 0.0249208 -0.0464523 -0.155317
710 -0.045253 -0.218977 -0.180186
711 -0.0101001 -0.219394 -0.169615
712 0.0222457 -0.22012 -0.152164
713 0.0506481 -0.220085 -0.128834
714 0.0738441 -0.220033 -0.100079
715 0.0909766 -0.219768 -0.0676568
716 0.10159 -0.219714 -0.0325928
717 0.10517 -0.21906 0.00390804
718 0.101683 -0.218643 0.0408191
719 0.0913102 -0.2173 0.0759386
720 0.0741954 -0.215825 0.10824
721 0.0511344 -0.214212 0.136578
722 0.023094 -0.21306 0.160243
723 -0.00895942 -0.211463 0.177718
724 -0.0439264 -0.210027 0.188633
725 -0.0803711 -0.208382 0.192571
726 -0.116936 -0.207281 0.189278
727 -0.15216 -0.206349 0.17892
728 -0.184751 -0.205777 0.16192
729 -0.213467 -0.205292 0.138778
730 -0.236927 -0.204667 0.110508
731 -0.254487 -0.204814 0.0780846
732 -0.265348 -0.205368 0.0428025
733 -0.269072 -0.20631 0.00583337
734 -0.265709 -0.207604 -0.0308947
735 -0.255256 -0.209129 -0.0663972
736 -0.238069 -0.210665 -0.0991683
737 -0.214658 -0.212656 -0.128274
738 -0.186077 -0.213749 -0.151754
739 -0.153646 -0.215223 -0.169294
740 -0.118444 -0.216445 -0.180103
741 -0.0818068 -0.217823 -0.183676
742 0.0862515 -0.392952 -0.0654904
743 0.0965902 -0.393244 -0.0302511
744 0.100264 -0.393498 0.00618178
745 0.0970848 -0.393366 0.0428432
746 0.086771 -0.392679 0.0778967
747 0.0696476 -0.391542 0.110219
748 0.0466685 -0.390445 0.138556
749 0.0186808 -0.38843 0.161927
750 -0.0132746 -0.386162 0.179439
751 -0.048051 -0.384517 0.190359
752 -0.0844029 -0.382167 0.194133
753 -0.120893 -0.380567 0.190898
754 -0.156105 -0.379346 0.180636
755 -0.188507 -0.378164 0.163615
756 -0.216811 -0.377143 0.140892
757 -0.240177 -0.376115 0.112587
758 -0.257565 -0.374999 0.080296
759 -0.268454 -0.374942 0.045094
760 -0.272195 -0.375452 0.00840772
761 -0.268768 -0.376128 -0.0283457
762 -0.258264 -0.377453 -0.0637882
763 -0.24107 -0.379167 -0.0964251
764 -0.217704 -0.381096 -0.125252
765 -0.189282 -0.382997 -0.148789
766 -0.157022 -0.385323 -0.166421
767 -0.121981 -0.387428 -0.1773
768 -0.0855075 -0.389295 -0.180952
769 -0.0490443 -0.391243 -0.177521
770 -0.014073 -0.39258 -0.166752
771 0.0181854 -0.393483 -0.149545
772 0.046351 -0.39396 -0.126167
773 0.0690975 -0.393308 -0.0978647
774 -0.221919 -0.553435 -0.122539
775 -0.244605 -0.551132 -0.0940429
776 -0.261698 -0.549357 -0.0614141
777 -0.272302 -0.548361 -0.0260389
778 -0.275725 -0.547978 0.0104598
779 -0.272175 -0.548912 0.0465965
780 -0.261557 -0.550179 0.0816194
781 -0.244282 -0.551889 0.113869
782 -0.220858 -0.553315 0.141643
783 -0.193355 -0.554249 0.163502
784 -0.161006 -0.555787 0.180477
785 -0.126258 -0.55796 0.191205
786 -0.089915 -0.559983 0.19421
787 -0.0536834 -0.562657 0.190266
788 -0.0189191 -0.564923 0.17926
789 0.0131475 -0.568137 0.161729
790 0.040275 -0.570132 0.139514
791 0.0630269 -0.572032 0.1112
792 0.0796894 -0.572599 0.079017
793 0.0896001 -0.572848 0.0439834
794 0.0928976 -0.57313 0.0082451
795 0.0892177 -0.573045 -0.0280797
796 0.0788125 -0.573127 -0.0630442
797 0.0615257 -0.572946 -0.0951857
798 0.0393518 -0.572237 -0.123401
799 0.0113055 -0.57124 -0.146914
800 -0.0207049 -0.570564 -0.164296
801 -0.0552735 -0.568368 -0.17499
802 -0.0913229 -0.565992 -0.178365
803 -0.127417 -0.563419 -0.174472
804 -0.162222 -0.560693 -0.164053
805 -0.193922 -0.556646 -0.146058
806 -0.254327 -0.72315 -0.0935096
807 -0.231892 -0.726171 -0.121537
808 -0.203509 -0.732006 -0.144355
809 -0.172077 -0.73865 -0.163
810 -0.136946 -0.744863 -0.174611
811 -0.100929 -0.751178 -0.178237
812 -0.0645022 -0.75365 -0.174704
813 -0.0294596 -0.753253 -0.164118
814 0.00312795 -0.75193 -0.146383
815 0.0310935 -0.751482 -0.122455
816 0.056636 -0.753188 -0.0932362
817 0.0747308 -0.754804 -0.061819
818 0.0856045 -0.756463 -0.0268913
819 0.089293 -0.755695 0.00972525
820 0.085941 -0.758167 0.0472999
821 0.0755295 -0.760475 0.0825162
822 0.0583126 -0.759445 0.11384
823 0.0357215 -0.757273 0.141882
824 0.006868 -0.750342 0.164537
825 -0.0250165 -0.745116 0.18167
826 -0.0603574 -0.740025 0.192913
827 -0.0970105 -0.737569 0.196322
828 -0.133402 -0.736795 0.193477
829 -0.168966 -0.737626 0.182981
830 -0.201645 -0.73708 0.165357
831 -0.229811 -0.735982 0.143131
832 -0.253203 -0.730971 0.115601
833 -0.270591 -0.727825 0.083268
834 -0.280787 -0.723953 0.0477149
835 -0.285691 -0.722166 0.01129
836 -0.282228 -0.720699 -0.0256345
837 -0.271676 -0.721294 -0.0608063
838 -0.320954 -0.792242 -0.105588
839 -0.149399 -0.81583 0.245295
840 0.140558 -0.837408 -0.0120199
841 -0.17818 -0.822047 -0.217489
842 -0.319522 -0.802925 0.120071
843 0.0880865 -0.847883 0.162316
844 0.0111113 -0.83481 -0.199686
845 -0.0814188 -0.815444 0.25216
846 -0.346776 -0.790879 -0.0111557
847 0.111496 -0.832947 -0.108837
848 -0.240511 -0.805247 -0.188842
849 -0.253642 -0.819676 0.199328
850 0.135999 -0.840833 0.0572893
851 -0.0825076 -0.846432 -0.227313
852 0.0135072 -0.825513 0.226946
853 -0.260886 0.554649 0.127944
854 0.147947 0.546351 -0.0659171
855 0.122906 0.566094 0.0826213
856 -0.304093 0.549607 0.0451802
857 -0.232304 0.533386 -0.199895
858 -0.313705 0.541799 -0.0425113
859 0.0319935 0.535023 -0.227405
860 -0.106692 0.529952 -0.255473
861 0.12434 0.542748 -0.130042
862 0.0832709 -0.222939 -0.243071
863 0.128112 -0.223086 -0.205907
864 0.164756 -0.222931 -0.160775
865 0.192115 -0.222467 -0.109311
866 0.208902 -0.222221 -0.053776
867 0.214582 -0.221446 0.00402062
868 0.209203 -0.220495 0.0619689
869 0.192368 -0.218757 0.117362
870 0.165133 -0.216524 0.16852
871 0.129022 -0.214537 0.213593
872 0.0846014 -0.212977 0.250747
873 0.0337471 -0.210975 0.278414
874 -0.0216272 -0.209034 0.295677
875 -0.0793259 -0.206826 0.301827
876 -0.137243 -0.205452 0.296712
877 -0.193079 -0.204523 0.280466
878 -0.244725 -0.203749 0.253534
879 -0.290121 -0.203119 0.216941
880 -0.327637 -0.202327 0.171897
881 -0.355556 -0.202671 0.120655
882 -0.372979 -0.203762 0.064807
883 -0.379096 -0.20481 0.00666208
884 -0.373761 -0.206659 -0.0516376
885 -0.357114 -0.208888 -0.10786
886 -0.329632 -0.21082 -0.160128
887 -0.29267 -0.213231 -0.205701
888 -0.247483 -0.21504 -0.24293
889 -0.195789 -0.216599 -0.270583
890 -0.139988 -0.218334 -0.287751
891 -0.0819491 -0.219743 -0.293842
892 -0.0238211 -0.221274 -0.28789
893 0.0319379 -0.222265 -0.270692
894 0.0209767 -0.573015 -0.265157
895 0.0718903 -0.57461 -0.237806
896 0.116416 -0.575936 -0.200667
897 0.153124 -0.576593 -0.155458
898 0.179936 -0.576909 -0.104668
899 0.196625 -0.576435 -0.0494074
900 0.202196 -0.575792 0.00809132
901 0.197316 -0.575231 0.0648483
902 0.18092 -0.575131 0.119939
903 0.154537 -0.574164 0.171161
904 0.118886 -0.572147 0.214977
905 0.0747274 -0.569846 0.252588
906 0.0235859 -0.567087 0.280185
907 -0.0315276 -0.562519 0.297473
908 -0.0891428 -0.559004 0.303674
909 -0.14688 -0.557305 0.298366
910 -0.202547 -0.555549 0.282145
911 -0.253451 -0.552881 0.255381
912 -0.298564 -0.550899 0.219376
913 -0.335396 -0.54828 0.175419
914 -0.363006 -0.546494 0.124514
915 -0.38004 -0.545141 0.0689543
916 -0.385912 -0.542548 0.011551
917 -0.380553 -0.543828 -0.0469944
918 -0.363879 -0.545443 -0.103039
919 -0.336574 -0.547322 -0.154855
920 -0.300152 -0.551607 -0.200252
921 -0.255427 -0.554725 -0.237196
922 -0.20409 -0.558792 -0.264715
923 -0.148835 -0.562648 -0.282189
924 -0.0917216 -0.567833 -0.287595
925 -0.034229 -0.570312 -0.282112
926 -0.0814931 0.452421 -0.316875
927 -0.140061 0.450603 -0.311054
928 -0.196299 0.45144 -0.293956
929 -0.248398 0.452492 -0.266199
930 -0.293762 0.454613 -0.229225
931 -0.330521 0.456162 -0.183521
932 -0.359079 0.461951 -0.13068
933 -0.375921 0.465269 -0.0745537
934 -0.380204 0.466269 -0.0165983
935 -0.374398 0.471795 0.0425676
936 -0.356659 0.476566 0.0975777
937 -0.328574 0.478502 0.149346
938 -0.290959 0.483755 0.193846
939 -0.244729 0.486619 0.230458
940 -0.193013 0.491443 0.256738
941 -0.137103 0.495925 0.272526
942 -0.0788744 0.501018 0.27713
943 -0.022447 0.50596 0.269602
944 0.0324224 0.507436 0.253377
945 0.083289 0.504958 0.226368
946 0.127881 0.502031 0.190444
947 0.166206 0.497256 0.145416
948 0.194036 0.487137 0.0959952
949 0.211482 0.479827 0.0404544
950 0.217669 0.474601 -0.0186424
951 0.212291 0.470732 -0.0772842
952 0.1956 0.468572 -0.132175
953 0.166087 0.463136 -0.183719
954 0.130175 0.459864 -0.229614
955 0.0847866 0.456908 -0.267303
956 0.033041 0.454947 -0.294339
957 -0.0230057 0.453768 -0.311165
958 -0.0630134 -0.602286 0.242882
959 -0.0769687 -0.0308332 0.298866
960 -0.134944 -0.0300625 0.293837
961 -0.190848 -0.0293535 0.277548
962 -0.242598 -0.0287055 0.250517
963 -0.288045 -0.0291674 0.214036
964 -0.325437 -0.0307802 0.169325
965 -0.353564 -0.0316655 0.118054
966 -0.371365 -0.0326527 0.0620682
967 -0.377581 -0.0350551 0.00315531
968 -0.37236 -0.0378229 -0.0553382
969 -0.35553 -0.0400064 -0.111488
970 -0.328235 -0.0424684 -0.163754
971 -0.291264 -0.044237 -0.209198
972 -0.245953 -0.0456279 -0.24659
973 -0.194226 -0.0465602 -0.274498
974 -0.138138 -0.0472179 -0.291689
975 -0.0796818 -0.0473206 -0.297465
976 -0.0212754 -0.0479022 -0.291646
977 0.034538 -0.0491346 -0.274304
978 0.0859429 -0.0494188 -0.246667
979 0.130918 -0.0488614 -0.209444
980 0.167618 -0.0484186 -0.164466
981 0.19506 -0.0466683 -0.112989
982 0.21191 -0.0450092 -0.0571936
983 0.217624 -0.0432921 0.000764715
984 0.21205 -0.0416826 0.0583702
985 0.195379 -0.0397719 0.114028
986 0.168337 -0.0384768 0.16521
987 0.131869 -0.0361157 0.210245
988 0.0872686 -0.034584 0.247438
989 0.036345 -0.0330476 0.275292
990 -0.0191503 -0.0318404 0.292641
991 -0.112166 -0.612037 0.244423
992 -0.327026 -0.580518 0.0343034
993 -0.320811 0.411677 0.00980994
994 -0.382399 -0.373335 0.00883836
995 -0.376797 -0.374237 -0.0492235
996 -0.360053 -0.376206 -0.105335
997 -0.332455 -0.378806 -0.157374
998 -0.295727 -0.380304 -0.202842
999 -0.250724 -0.382987 -0.240126
1000 -0.199504 -0.386066 -0.267846
1001 -0.143725 -0.388968 -0.284963
1002 -0.0856751 -0.390712 -0.290794
1003 -0.027793 -0.393346 -0.28486
1004 0.0277453 -0.395357 -0.267805
1005 0.0789562 -0.39652 -0.240313
1006 0.123679 -0.397364 -0.203438
1007 0.160263 -0.397177 -0.158694
1008 0.18738 -0.396871 -0.107122
1009 0.204242 -0.396837 -0.0515821
1010 0.209864 -0.396809 0.00606289
1011 0.204169 -0.396167 0.0636349
1012 0.187504 -0.395339 0.119111
1013 0.160518 -0.393838 0.1703
1014 0.1244 -0.391992 0.215109
1015 0.0799774 -0.390068 0.252034
1016 0.0294413 -0.387078 0.279945
1017 -0.0257624 -0.384675 0.297236
1018 -0.0834231 -0.380942 0.303661
1019 -0.141356 -0.379263 0.298444
1020 -0.197165 -0.377759 0.282226
1021 -0.248674 -0.376325 0.255445
1022 -0.293865 -0.375216 0.218916
1023 -0.331178 -0.373964 0.174319
1024 -0.35923 -0.372889 0.123333
1025 -0.376526 -0.372507 0.067675
1026 0.126381 0.417013 -0.134406
1027 -0.212801 -0.728883 -0.262534
1028 -0.2652 -0.71975 -0.236252
1029 -0.310408 -0.712754 -0.199378
1030 -0.347236 -0.708069 -0.153354
1031 -0.3737 -0.704313 -0.10324
1032 -0.390675 -0.703854 -0.0464537
1033 -0.39602 -0.704209 0.0120983
1034 -0.388238 -0.708218 0.069932
1035 -0.370801 -0.713048 0.12632
1036 -0.342174 -0.720345 0.177615
1037 -0.30502 -0.72425 0.220258
1038 -0.259869 -0.727787 0.256922
1039 -0.209485 -0.728321 0.284136
1040 -0.153892 -0.727296 0.300735
1041 -0.0956205 -0.725884 0.306741
1042 -0.0371745 -0.730262 0.300494
1043 0.0180649 -0.736766 0.28305
1044 0.0683394 -0.741816 0.253431
1045 0.112221 -0.749287 0.217269
1046 0.147254 -0.753866 0.173581
1047 0.175265 -0.753322 0.122923
1048 0.192873 -0.751066 0.067768
1049 0.199067 -0.747653 0.00897692
1050 0.192101 -0.749359 -0.0492648
1051 0.174961 -0.746729 -0.103827
1052 0.147922 -0.745345 -0.155848
1053 0.109991 -0.745983 -0.20053
1054 0.0638702 -0.746933 -0.236596
1055 0.0116359 -0.749352 -0.263592
1056 -0.0431622 -0.750199 -0.279546
1057 -0.100551 -0.748955 -0.284447
1058 -0.157246 -0.739086 -0.279785
1059 -0.263557 -0.0804847 -0.150019
1060 -0.0908781 -0.428875 0.243956
1061 -0.120752 -0.724817 0.244598
1062 -0.305096 -0.753381 0.133087
1063 -0.300136 -0.585647 0.12345
1064 0.0071306 -0.347539 -0.212908
1065 -0.340972 -0.795935 0.0566064
1066 -0.0748088 0.452185 0.222963
1067 -0.329383 -0.418389 -0.00205229
1068 -0.274888 -0.264923 -0.132281
1069 0.147675 -0.436851 0.0336279
1070 -0.358256 0.290695 -0.12302
1071 -0.329934 0.288498 -0.176541
1072 -0.29262 0.286425 -0.222094
1073 -0.247095 0.285097 -0.259615
1074 -0.195202 0.283764 -0.287621
1075 -0.13878 0.283745 -0.304638
1076 -0.0801074 0.284164 -0.310194
1077 -0.0215326 0.285263 -0.304573
1078 0.0345478 0.286809 -0.287489
1079 0.0865444 0.287999 -0.259929
1080 0.132038 0.290397 -0.222805
1081 0.169518 0.292676 -0.17737
1082 0.197529 0.296705 -0.124664
1083 0.214728 0.30038 -0.0687104
1084 0.22022 0.303226 -0.0102647
1085 0.214137 0.307262 0.0494431
1086 0.196633 0.311053 0.105436
1087 0.169278 0.314167 0.156937
1088 0.131718 0.31783 0.201732
1089 0.0871479 0.32088 0.238063
1090 0.0362933 0.322028 0.265505
1091 -0.0188209 0.322486 0.282425
1092 -0.0762735 0.321007 0.288507
1093 -0.134051 0.319743 0.283627
1094 -0.190237 0.317476 0.267317
1095 -0.242128 0.315089 0.240516
1096 -0.288299 0.31202 0.204432
1097 -0.327332 0.308811 0.158098
1098 -0.355355 0.303985 0.107083
1099 -0.373227 0.300962 0.0512977
1100 -0.380016 0.296459 -0.00807275
1101 -0.374644 0.293612 -0.0666836
1102 0.131116 -0.0806702 0.113865
1103 -0.276227 -0.240218 0.142894
1104 0.157831 -0.0825181 0.000143799
1105 -0.193802 -0.353754 -0.205585
1106 -0.124564 -0.342916 -0.228068
1107 -0.0399249 0.259166 0.227954
1108 0.132184 0.120871 -0.214411
1109 0.169117 0.123157 -0.169164
1110 0.196553 0.125018 -0.11742
1111 0.213223 0.12757 -0.0616142
1112 0.218657 0.130463 -0.00357906
1113 0.213196 0.132642 0.0543111
1114 0.196453 0.134822 0.109932
1115 0.169076 0.137162 0.161222
1116 0.132671 0.139289 0.206305
1117 0.0880487 0.140633 0.24338
1118 0.0371266 0.141937 0.271179
1119 -0.0182736 0.142649 0.288387
1120 -0.0759707 0.142788 0.294714
1121 -0.133828 0.142259 0.289629
1122 -0.189775 0.14178 0.273303
1123 -0.241474 0.141492 0.246299
1124 -0.286985 0.14012 0.209649
1125 -0.324873 0.137697 0.164894
1126 -0.35303 0.135221 0.113631
1127 -0.370653 0.13232 0.0576827
1128 -0.377327 0.129376 -0.00105512
1129 -0.37217 0.126743 -0.0597589
1130 -0.355563 0.124539 -0.116245
1131 -0.328064 0.122174 -0.168432
1132 -0.291184 0.119796 -0.214187
1133 -0.245854 0.118302 -0.251732
1134 -0.19404 0.11766 -0.279668
1135 -0.137713 0.117499 -0.296679
1136 -0.0791751 0.117367 -0.302533
1137 -0.0206775 0.117562 -0.296651
1138 0.0354992 0.118382 -0.279385
1139 0.0870394 0.11954 -0.251607
1140 -0.175778 0.323887 -0.233065
1141 0.13219 -0.620503 -0.0611902
1142 0.0772661 -0.783372 0.167718
1143 -0.0981615 -0.52514 0.244181
1144 0.150808 0.0844927 -0.0724787
1145 0.134118 0.0941847 0.106112
1146 -0.134462 -0.435458 -0.22645
1147 -0.229539 0.56018 0.160913
1148 0.151051 0.17005 -0.0747252
1149 0.0742893 0.1907 0.180882
1150 -0.296196 0.16015 -0.10212
1151 0.111802 -0.715602 0.119244
1152 0.101845 -0.259231 -0.146279
1153 -0.291625 -0.104132 -0.106451
1154 -0.29196 -0.160239 0.118055
1155 0.15637 0.144278 0.0679186
1156 0.150562 -0.369011 -0.0178704
1157 -0.195082 -0.430618 0.21971
1158 -0.287335 0.536268 -0.131149
1159 0.130139 -0.170852 0.115489
1160 0.133051 0.00282604 -0.108824
1161 0.0505904 -0.163235 0.202571
1162 -0.117674 -0.605366 -0.227965
1163 0.084248 -0.709261 -0.142409
1164 -0.268001 0.407692 -0.169282
1165 0.0979828 -0.441876 -0.14166
1166 0.0340266 0.161471 -0.21777
1167 -0.302559 -0.674385 0.124854
1168 0.133754 -0.708157 -0.033526
1169 -0.185472 0.00944778 0.214943
1170 0.154198 0.0155105 -0.0358425
1171 -0.194503 -0.694656 0.221192
1172 -0.19869 -0.509038 0.217016
1173 -0.0543021 -0.0728019 0.241411
1174 0.0720578 -0.0754054 0.188188
1175 0.140852 -0.626163 0.0311447
1176 -0.218402 -0.17081 0.19771
1177 -0.315214 -0.512966 0.0791985
1178 -0.291608 -0.335891 -0.107583
1179 0.0325396 -0.00168832 -0.206401
1180 0.10206 -0.168124 -0.148917
1181 -0.31325 -0.139407 0.0737042
1182 0.0510955 -0.842366 0.198585
1183 0.0501634 0.00995552 0.199561
1184 0.102509 -0.0121524 0.153521
1185 -0.314954 -0.496189 -0.058293
1186 0.156715 -0.175209 0.0220704
1187 -0.112407 0.582058 0.221145
1188 -0.0832598 0.35434 0.226464
1189 0.141671 -0.350953 -0.062182
1190 -0.291021 0.473069 -0.127466
1191 0.113696 -0.856225 0.120241
1192 -0.249176 -0.175184 -0.164136
1193 -0.309375 0.347791 0.0686877
1194 -0.149525 0.157411 -0.235613
1195 -0.0311083 -0.819029 0.243734
1196 0.0513282 -0.465576 -0.18388
1197 0.126352 -0.3448 0.116328
1198 -0.21011 -0.346762 0.206561
1199 -0.321863 0.338887 -0.0341703
1200 -0.218115 -0.420686 0.141237
1201 -0.115321 0.0029282 -0.233756
1202 -0.281684 -0.512446 -0.127191
1203 0.00134882 -0.436713 -0.213696
1204 0.0237498 -0.51819 0.211153
1205 0.159987 0.130235 -0.0274414
1206 -0.149933 0.0762421 -0.232111
1207 -0.0146366 0.534767 -0.244663
1208 -0.338875 -0.717445 0.0264829
1209 -0.21889 0.255697 -0.201724
1210 -0.292691 -0.204511 -0.10913
1211 -0.225035 -0.0637647 0.188237
1212 -0.287499 -0.423192 -0.117333
1213 0.0573705 0.0884805 -0.19868
1214 -0.0131024 -0.0485291 0.231179
1215 -0.111979 -0.520716 -0.230663
1216 -0.158845 -0.54347 0.242388
1217 -0.143228 0.28259 0.219293
1218 -0.289126 0.0136854 0.114722
1219 -0.0994346 0.0966995 0.236462
1220 -0.0677586 -0.635978 -0.226388
1221 -0.292924 -0.794792 -0.14765
1222 0.0894296 -0.619403 -0.141458
1223 0.0654509 -0.194841 -0.183742
1224 -0.279103 -0.739148 -0.145846
1225 0.122246 -0.531928 0.120427
1226 -0.309005 0.170518 0.0523253
1227 -0.229927 0.472432 -0.20454
1228 -0.239644 -0.673589 -0.173573
1229 0.132 -0.436232 -0.0758693
1230 -0.328557 -0.657583 0.00295589
1231 -0.0446499 0.0608951 -0.238022
1232 0.132937 0.187321 0.10865
1233 0.116289 0.441879 0.129946
1234 -0.317529 0.00966749 -0.000858796
1235 -0.314516 0.223814 -0.0758841
1236 -0.308857 -0.0520351 0.0701076
1237 -0.258824 0.0881993 0.150678
1238 0.109105 -0.617071 0.12278
1239 -0.132837 -0.172855 -0.228572
1240 -0.0100929 -0.0950821 -0.225882
1241 0.151512 0.550786 0.000356193
1242 -0.324269 -0.48758 0.0198954
1243 -0.304887 -0.668066 -0.101539
1244 -0.0429605 -0.18177 -0.23089
1245 -0.309049 -0.174195 -0.0645686
1246 0.0449484 -0.768543 -0.176391
1247 -0.17869 -0.637617 -0.213465
1248 -0.0598229 0.530641 -0.25487
1249 -0.316651 0.0940733 0.0254173
1250 0.158575 0.432574 -0.0134823
1251 0.00952602 -0.619664 0.216873
1252 -0.299563 0.42206 0.0831023
1253 -0.319096 -0.166991 0.0277202
1254 0.136728 -0.750613 0.0440987
1255 0.0521922 -0.253868 0.200338
1256 -0.17996 0.566096 0.189654
1257 0.0501007 -0.435301 0.198445
1258 -0.0709846 -0.164953 0.240528
1259 -0.188374 -0.103005 0.219623
1260 -0.177037 0.342014 0.205603
1261 0.0635194 -0.376512 -0.180788
1262 0.150816 -0.170307 -0.0463076
1263 -0.0677916 -0.736482 -0.224139
1264 -0.236321 0.06873 -0.178923
1265 -0.30721 -0.276389 -0.0533856
1266 0.068925 -0.568698 0.18113
1267 -0.265816 0.00452309 -0.150475
1268 0.149458 0.354132 -0.0843006
1269 0.151901 -0.265929 -0.00723232
1270 0.14375 -0.585837 0.0812555
1271 -0.0757153 -0.344745 0.242508
1272 -0.308958 0.258469 0.0640201
1273 0.0347769 0.258211 0.203402
1274 -0.238693 -0.510203 -0.176441
1275 -0.24816 -0.588625 -0.164615
1276 0.150319 0.0235425 0.0689942
1277 -0.0935633 0.00408211 0.233526
1278 -0.146251 0.407319 0.216713
1279 -0.332418 -0.729217 0.086409
1280 0.0997107 0.257391 0.1485
1281 -0.306824 0.538628 -0.0888107
1282 -0.0238246 -0.548968 0.238593
1283 -0.1963 -0.21582 -0.203721
1284 0.13175 0.00568749 0.112102
1285 0.103516 -0.101082 0.155081
1286 0.135262 -0.131532 0.0618521
1287 0.123153 -0.670494 0.0724055
1288 -0.308355 0.486121 0.0567005
1289 -0.314041 0.0798013 -0.0660397
1290 0.098557 -0.366814 0.15698
1291 0.132686 -0.197224 -0.0968517
1292 -0.170933 0.413998 -0.238218
1293 -0.0245032 -0.612563 -0.218685
1294 -0.0119512 -0.197341 0.224146
1295 0.12929 -0.258114 0.116378
1296 0.0264053 -0.173117 -0.210118
1297 -0.0362637 -0.848749 -0.218658
1298 -0.24162 -0.419837 -0.1733
1299 -0.296352 0.376873 -0.12904
1300 -0.313241 -0.409098 0.0633842
1301 -0.0714702 0.241139 -0.247247
1302 -0.0570644 0.416486 -0.256688
1303 0.117859 -0.536385 -0.0958339
1304 -0.319121 -0.252141 0.0273026
1305 -0.264477 0.319068 -0.161566
1306 -0.320306 -0.335619 0.010822
1307 0.130881 0.500267 0.0866559
1308 -0.267552 -0.32991 0.158185
1309 -0.148782 0.516703 0.205552
1310 -0.147529 0.243001 -0.237761
1311 0.144592 -0.53414 0.0303762
1312 0.113989 0.33903 -0.153991
1313 0.159806 0.180699 0.0187652
1314 -0.11404 0.0104155 0.185105
1315 0.146267 -0.293951 0.0613462
1316 -0.0177626 -0.440869 0.233883
1317 -0.194056 -0.251274 0.221666
1318 -0.233294 -0.43855 0.190714
1319 0.0342979 0.451676 0.195993
1320 -0.262444 -0.00477466 0.154304
1321 0.0345294 0.36359 0.20117
1322 -0.123072 0.568856 0.188491
1323 0.0160298 -0.376507 0.223843
1324 -0.085399 -0.087838 -0.235893
1325 0.0800128 -0.662431 0.166807
1326 0.102891 -0.762016 -0.0981952
1327 0.156207 -0.054459 0.0697732
1328 -0.301066 -0.582814 -0.0931892
1329 0.0896038 -0.481675 0.162363
1330 0.107701 0.247633 -0.161243
1331 -0.134786 0.175491 0.222026
1332 -0.116247 -0.252221 -0.230239
1333 0.106555 0.165045 0.14784
1334 0.139655 -0.601349 -0.0194908
1335 0.0697713 0.101678 0.183906
1336 -0.321681 0.221935 0.0181652
1337 0.000129097 0.527877 0.201036
1338 0.0372819 -0.700181 0.198636
1339 -0.00405672 -0.132454 0.242594
1340 -0.0810708 -0.250066 0.24247
1341 -0.290847 0.301823 0.108834
1342 0.15736 -4.1283e-05 0.0236456
1343 -0.320693 -0.630045 -0.057088
1344 0.0657945 -0.54733 -0.167646
1345 -0.205915 -0.730155 -0.20097
1346 -0.0511121 0.0486022 0.237467
1347 0.150561 0.0876289 0.0299693
1348 -0.228095 0.36762 -0.203775
1349 0.105741 0.157545 -0.158454
1350 0.150733 -0.350636 0.0283986
1351 0.0385118 0.154308 0.211495
1352 -0.104769 0.186921 -0.249377
1353 -0.262639 0.272774 0.146223
1354 0.00748721 -0.258648 -0.215421
1355 -0.197066 0.448196 0.191895
1356 0.119241 -0.65109 -0.103211
1357 -0.0132571 0.475194 -0.242043
1358 -0.0641881 0.165764 0.233621
1359 -0.276322 -0.508162 0.160616
1360 -0.148379 -0.190877 0.230694
1361 -0.186592 0.100619 0.207413
1362 -0.16422 -0.278992 -0.219294
1363 -0.304318 -0.0363634 -0.0759155
1364 -0.135531 -0.707217 -0.220488
1365 -0.31918 0.256872 -0.0311033
1366 -0.148911 0.0962356 0.172651
1367 -0.0421109 -0.0320637 -0.23802
1368 0.0341619 0.332969 -0.224884
1369 -0.371297 -0.0741327 0.0626621
1370 -0.153051 0.528959 -0.245875
1371 -0.264675 0.479785 0.13833
1372 -0.265772 0.532682 -0.168055
1373 -0.190688 0.00654835 -0.210247
1374 -0.242495 -0.745616 0.201394
1375 -0.34111 -0.788899 -0.0612569
1376 -0.291689 0.247969 -0.119787
1377 -0.0436838 -0.697963 0.237815
1378 -0.267273 -0.358223 -0.151223
1379 -0.326047 -0.732091 -0.0643456
1380 -0.333899 -0.504971 0.175184
1381 0.129968 -0.439722 0.101068
1382 0.053594 -0.662054 -0.174672
1383 0.100581 0.5707 0.110894
1384 -0.23229 0.159769 -0.190667
1385 0.0171576 -0.617197 -0.199795
1386 -0.249341 0.181615 0.160667
1387 -0.143368 0.0788607 0.222373
1388 -0.105496 0.429219 -0.255367
1389 -0.315532 0.41071 -0.0671948
1390 0.078032 0.303075 0.181523
1391 -0.00753056 -0.709274 -0.206367
1392 0.0552563 -0.101184 -0.194091
1393 -0.319522 -0.0728176 0.0164685
1394 -0.305987 0.317892 -0.0911062
1395 -0.271006 0.108904 -0.158412
1396 -0.206029 -0.0973176 -0.199103
1397 0.125065 -0.0986856 -0.106412
1398 0.104609 0.0760248 0.151116
1399 -0.288061 0.552077 0.0891503
1400 -0.210362 0.0955635 0.132379
1401 -0.316632 -0.12393 -0.0301269
1402 0.13243 0.0972773 -0.116122
1403 -0.226827 0.110569 0.181879
1404 0.0826114 0.392886 -0.192552
1405 0.099739 -0.347477 -0.145139
1406 -0.229249 0.354389 0.173465
1407 0.0728522 0.180873 -0.192381
1408 -0.292776 0.108672 0.100815
1409 -0.143243 -0.303205 0.24072
1410 0.149065 0.462761 -0.0853719
1411 0.0569535 -0.337127 0.196463
1412 -0.288795 0.1956 0.109507
1413 -0.32591 -0.552821 -0.019387
1414 0.0709015 0.415311 0.166442
1415 0.16102 0.334051 -0.0331021
1416 0.163797 -0.218763 0.0695669
1417 -0.0135756 0.437879 0.216044
1418 -0.320263 -0.38742 -0.0609596
1419 -0.00255308 -0.529249 -0.211022
1420 0.0753474 0.518604 0.154248
1421 -0.221987 0.273815 0.180147
1422 -0.0570184 -0.280974 -0.232548
1423 -0.277841 -0.632259 -0.13901
1424 -0.0660814 -0.545189 -0.228848
1425 -0.317413 0.162221 -0.0264528
1426 -0.0878262 0.332792 -0.251139
1427 0.0984955 -0.0479472 -0.157132
1428 -0.151029 -0.0583789 -0.232855
1429 -0.203212 -0.592564 0.215818
1430 -0.31984 0.483122 -0.0325378
1431 -0.0552309 0.153698 -0.244615
1432 0.100291 0.457106 -0.169523
1433 0.0114802 -0.753336 0.221043
1434 0.159439 0.352587 0.0161797
1435 0.0844677 0.537308 -0.186937
1436 -0.30792 -0.228652 0.0809715
1437 -0.261192 0.216361 -0.155369
1438 0.0978481 0.0619928 -0.160609
1439 0.149288 0.336506 0.0621159
1440 -0.371842 0.085718 -0.0584604
1441 -0.0025096 0.092047 -0.229473
1442 0.116832 0.354492 0.124804
1443 0.141381 0.420011 0.0698284
1444 0.0967156 -0.191017 0.157358
1445 -0.00451483 -0.296169 0.229863
1446 -0.305285 -0.314618 0.0892033
1447 -0.29391 -0.352892 0.120915
1448 0.140534 -0.36569 0.072503
1449 -0.105442 0.521896 0.216823
1450 -0.203521 -0.558448 -0.201317
1451 -0.10575 -0.102732 0.244517
1452 -0.239701 -0.531997 0.194817
1453 -0.316486 -0.62954 0.0715351
1454 0.152494 -0.0544878 -0.0677482
1455 -0.233927 -0.29846 -0.179409
1456 -0.160199 -0.614717 0.235464
1457 0.14128 0.557949 0.042735
1458 -0.259315 -0.607668 0.173933
1459 0.136917 0.288231 -0.125389
1460 -0.193961 -0.247748 0.280994
1461 0.033449 0.242941 -0.220596
1462 0.00387446 0.0943911 0.217354
1463 -0.29633 -0.4378 0.121575
1464 -0.264461 -0.118529 0.156564
1465 0.16065 0.243085 -0.0308652
1466 -0.129897 -0.843143 -0.226987
1467 -0.116777 0.523014 0.160618
1468 -0.199527 -0.454004 -0.20852
1469 -0.306977 0.0466952 0.0667121
1470 -0.314301 0.544954 0.00364647
1471 -0.193222 0.0960694 -0.214419
1472 0.138161 -0.515096 0.0752505
1473 -0.289494 0.0489915 -0.116592
1474 -0.228185 0.0285519 0.183442
1475 -0.137578 0.541311 0.266659
1476 -0.26396 -0.411334 0.159574
1477 -0.0121494 0.324816 0.219477
1478 -0.290022 -0.821685 0.161277
1479 -0.0796968 0.547039 0.272153
1480 -0.194085 0.193902 -0.221802
1481 -0.0635778 -0.465369 -0.233893
1482 -0.290002 -0.0762916 0.116273
1483 0.144914 -0.487298 -0.0251626
1484 -0.0986675 0.238544 0.237197
1485 -0.190364 0.013406 0.276518
1486 -0.149138 -0.0103091 0.234599
1487 0.133649 0.276395 0.105061
1488 -0.150954 -0.406669 0.235093
1489 -0.323995 0.0850661 -0.0251487
1490 -0.00481667 0.0138459 0.22796
1491 0.133251 -0.278821 -0.0911562
1492 -0.303046 -0.510816 0.127376
1493 -0.210761 -0.825352 0.224633
1494 -0.237536 -0.273606 0.194432
1495 0.0424252 0.426691 -0.220512
1496 -0.00766645 0.184564 0.223109
1497 0.0670952 -0.831825 -0.160505
1498 0.15102 0.263012 -0.078081
1499 -0.195894 0.530905 -0.227298
1500 -0.320883 0.323671 0.0140076
1501 -0.147556 -0.0916754 0.232588
1502 0.129744 -0.845096 -0.0618177
1503 0.0604637 -0.284086 -0.18074
1504 0.100243 -0.276649 0.157216
1505 -0.0131944 0.393183 -0.246147
1506 -0.235005 -0.0221029 -0.18529
1507 -0.196329 0.219673 0.201704
1508 -0.237704 0.42683 0.159513
1509 0.18285 -0.530813 0.119716
1510 -0.0569659 0.533922 0.219551
1511 -0.269282 0.366784 0.129399
1512 -0.151356 -0.486122 0.22784
1513 -0.0620396 -0.376164 -0.226676
1514 -0.0501378 -0.492296 0.243267
1515 0.0744943 0.290988 -0.197137
1516 0.127906 -0.378514 -0.108768
1517 0.15658 0.272402 0.0159445
1518 -0.318065 -0.225733 -0.0261824
1519 -0.102882 0.0926337 -0.241926
1520 -0.265943 -0.694631 0.169324
1521 -0.00981674 0.179015 -0.236007
1522 0.106912 0.263526 0.0294973
1523 -0.0154214 0.288017 -0.240292
1524 0.133036 0.186244 -0.119353
1525 0.149324 0.248595 0.0614032
1526 0.0359311 -0.0765676 0.276222
1527 0.0329294 -0.0730841 0.219865
1528 -0.202795 -0.516135 -0.265667
1529 -0.161532 -0.52626 -0.224583
