1 -0.672968 0.400926 0.399361
2 -0.674067 0.401772 -0.400392
3 0.0972874 0.545741 0.3953
4 0.096249 0.545835 -0.397176
5 0.198526 -0.237871 -0.396179
6 -0.637034 -0.379949 -0.387039
7 -0.632206 -0.380623 0.386032
8 0.200061 -0.238117 0.393717
9 0.150596 0.16815 0.0112219
10 -0.654538 -0.00554851 0.00502778
11 -0.253858 0.085911 -0.391368
12 -0.232478 0.0459786 0.389861
13 -0.656021 0.00457569 -0.393322
14 -0.210049 -0.29665 0.00675973
15 -0.202296 -0.299776 0.385607
16 -0.636444 -0.379761 -0.00170347
17 -0.655832 0.00424487 0.392717
18 -0.203629 -0.300758 -0.386408
19 0.201462 -0.236157 -0.00105475
20 0.149746 0.152735 -0.396947
21 -0.287372 0.480736 -0.00250112
22 -0.296145 0.476408 -0.397374
23 -0.674555 0.401883 0.000466925
24 -0.247541 0.0985366 0.00808947
25 0.0977225 0.54773 -0.000925104
26 0.150986 0.153676 0.393803
27 -0.294305 0.476327 0.395346
28 -0.120861 0.511244 -0.176394
29 -0.0335862 0.368445 -0.395453
30 -0.463056 -0.344789 -0.233863
31 -0.142493 0.507166 0.239984
32 -0.206413 -0.110153 -0.212132
33 -0.290176 0.283829 -0.21492
34 0.122315 0.378614 0.224461
35 -0.0295686 0.111891 -0.201285
36 -0.43803 -0.176155 -0.384085
37 -0.443099 0.247849 -0.394541
38 -0.414057 -0.337141 -0.379986
39 -0.0475997 0.323565 0.393183
40 -0.289287 0.276929 -0.39413
41 -0.0990619 0.514636 0.39439
42 -0.0620306 0.315282 -0.00254097
43 -0.256403 -0.116402 -0.388544
44 -0.324283 -0.229592 -0.384386
45 -0.430403 -0.336163 0.228142
46 -0.464434 -0.177334 0.38345
47 -0.175928 -0.293094 -0.194938
48 -0.282726 0.291022 0.241195
49 -0.260692 0.0934733 -0.202639
50 -0.00105334 -0.0834609 0.0121257
51 0.172754 -0.0423655 -0.396437
52 0.000158161 -0.266364 -0.39241
53 0.17749 -0.0536791 -0.163309
54 -0.207715 -0.119279 0.201803
55 -0.639237 -0.198879 0.230161
56 -0.480826 -0.179284 0.0142695
57 -0.452528 0.0728175 -0.390024
58 0.0242791 -0.261394 0.198717
59 -0.0136098 0.115828 0.219059
60 0.0121013 -0.0210779 -0.394696
61 -0.251938 0.0931203 0.198086
62 0.123245 0.371115 -0.196318
63 -0.0893132 -0.150359 -0.391233
64 0.178406 -0.058728 0.232406
65 -0.046723 0.125001 0.00278074
66 -0.0580453 0.115178 -0.39395
67 -0.136015 0.238172 -0.393933
68 0.200954 -0.236914 -0.198697
69 -0.660973 0.225353 0.200468
70 -0.236266 0.311247 0.393151
71 0.154867 0.129543 0.199476
72 0.12624 0.354293 -0.0225244
73 -0.631965 -0.37565 -0.195306
74 -0.644293 -0.190053 -0.388505
75 -0.664751 0.251688 -0.194889
76 0.0969677 0.547003 -0.19956
77 -0.130615 -0.0172 -0.3916
78 0.00661206 -0.263892 -0.219576
79 -0.462211 -0.0575926 0.217278
80 -0.410351 0.154261 0.110107
81 0.136266 0.280079 0.124689
82 -0.052392 -0.053524 0.391732
83 0.160771 0.0753722 -0.269155
84 -0.358237 0.168032 -0.392552
85 -0.652606 -0.0302244 0.172124
86 -0.526203 0.433503 -0.153883
87 -0.643768 -0.188611 0.389371
88 -0.143063 0.222484 -0.272278
89 -0.53519 0.431159 0.199062
90 -0.294871 0.267936 -0.00239936
91 -0.659357 0.202914 0.395081
92 -0.519979 -0.216434 0.238662
93 0.140528 0.243281 -0.116725
94 -0.659588 0.193968 0.0131637
95 -0.486379 0.436731 0.398608
96 -0.646853 -0.0885815 -0.217348
97 -0.453571 0.157105 0.391069
98 -0.352353 -0.0244721 -0.106788
99 -0.483123 -0.15994 -0.227518
100 -0.280895 0.192132 0.0972774
101 0.143609 0.215155 -0.251527
102 -0.627982 -0.3764 0.194104
103 -0.28336 0.480433 0.18676
104 -0.0998082 0.515889 -0.0237206
105 -0.249475 -0.128043 0.00401996
106 -0.271519 0.483552 -0.196193
107 -0.651572 -0.0669464 0.292418
108 0.00147987 -0.265653 0.389884
109 -0.142091 0.224406 0.112917
110 -0.196986 -0.110099 0.388146
111 -0.170096 0.502509 0.102763
112 -0.502213 0.115916 -0.0766497
113 -0.358389 0.0115765 0.0746735
114 -0.316667 0.171426 0.39118
115 -0.676159 0.404175 -0.198098
116 -0.486817 0.438265 -0.397698
117 -0.660685 0.204109 -0.395208
118 -0.235847 -0.302998 0.198931
119 -0.467489 0.444894 0.00496239
120 -0.532927 0.274113 0.396944
121 0.00659407 -0.112465 0.223927
122 0.017629 0.283676 0.24662
123 -0.134332 0.00999126 0.0993684
124 -0.67609 0.402347 0.19852
125 -0.366857 0.129585 0.239959
126 -0.397404 0.456704 0.264926
127 -0.407351 0.0126946 0.388059
128 -0.100735 0.513683 -0.396171
129 -0.0595255 0.101827 0.392349
130 -0.133669 -0.0011275 0.390587
131 -0.004416 -0.0707684 -0.254371
132 0.0977156 0.547061 0.196904
133 -0.178498 0.193698 0.391702
134 -0.0995102 -0.159639 -0.117294
135 0.174211 -0.042697 0.394447
136 -0.415212 -0.337783 0.380631
137 -0.54239 0.0382675 0.0808456
138 -0.532559 -0.271289 -0.383764
139 0.202213 -0.236168 0.195486
140 -0.665789 0.303566 0.10103
141 -0.666223 0.305537 0.298043
142 -0.0228103 0.403289 -0.234579
143 -0.502973 0.25019 0.0179598
144 0.156579 0.11322 -0.138326
145 0.125214 0.349623 -0.396645
146 0.169139 0.0183316 0.0814903
147 0.18331 -0.0948818 -0.0142049
148 -0.546466 0.304619 0.13333
149 0.0593619 0.0109721 0.393073
150 -0.385581 0.306715 0.39424
151 -0.172637 0.404255 0.394277
152 0.0883342 -0.2519 -0.0733433
153 -0.394587 0.459024 0.127963
154 -0.0258525 0.526948 -0.273368
155 -0.644446 -0.186595 -0.0264415
156 0.187219 -0.12137 0.100713
157 0.0574768 -0.131316 0.392401
158 -0.195059 0.498742 -0.100874
159 -0.136478 0.0102872 -0.099523
160 0.101373 -0.251073 -0.300424
161 -0.209379 0.368295 0.0657017
162 -0.0812302 -0.175633 0.389838
163 -0.476058 0.0365953 -0.246687
164 -0.656347 0.0854167 -0.262424
165 -0.321123 -0.203031 0.384191
166 -0.169635 0.50213 -0.292776
167 -0.417686 0.453209 -0.265638
168 -0.0946047 -0.280523 -0.297091
169 -0.326274 -0.0841777 0.386077
170 -0.176976 0.190315 0.278762
171 -0.148389 0.373488 0.257301
172 -0.638994 -0.255108 0.0962686
173 0.116527 0.423277 0.101523
174 -0.415451 -0.333376 -0.00292941
175 -0.0319613 0.526753 0.126708
176 -0.433677 0.214339 -0.268299
177 -0.546662 0.284427 -0.172965
178 -0.49256 -0.349279 0.0992429
179 0.125945 0.349814 0.394363
180 -0.174137 0.374081 -0.394996
181 -0.657221 0.0838106 -0.128531
182 0.16685 0.0337161 -0.0426019
183 -0.339376 -0.319503 -0.126636
184 -0.379607 -0.0400189 -0.387818
185 -0.6382 -0.258504 -0.261041
186 0.0755362 0.0337934 0.0930415
187 -0.651464 -0.0932523 -0.391268
188 -0.52317 0.0451964 0.389305
189 -0.197669 0.387661 -0.296992
190 -0.393531 0.460046 -0.1239
191 -0.46953 0.255707 0.273499
192 -0.53416 -0.0702666 -0.388745
193 -0.348531 -0.32094 0.102681
194 0.164759 0.0497268 0.301411
195 -0.346282 -0.204244 0.142836
196 -0.0103271 0.530342 0.270548
197 -0.314448 -0.31697 -0.263863
198 -0.374395 0.342241 -0.102409
199 -0.538069 -0.0651026 0.38825
200 -0.530024 -0.0672583 -0.0732486
201 -0.0276661 -0.268828 0.0389268
202 0.0597143 -0.147887 -0.394519
203 0.111668 0.452751 0.299613
204 0.11164 0.452288 -0.297316
205 -0.106034 -0.280946 0.138242
206 0.139064 0.255897 0.268779
207 0.0148712 0.242677 -0.113905
208 -0.1753 0.207543 -0.0681653
209 -0.655032 0.0984363 0.128807
210 -0.168815 0.369973 -0.112491
211 -0.100735 -0.28083 0.263247
212 -0.379017 0.358591 -0.395132
213 -0.647302 -0.130021 0.0942523
214 -0.314888 -0.316888 0.294364
215 0.200769 -0.236405 -0.0998077
216 -0.35276 0.159539 -0.0723701
217 -0.00507379 0.531298 -0.128944
218 -0.0127035 0.405642 0.117027
219 -0.496109 -0.349983 -0.103638
220 -0.340938 -0.202333 -0.133295
221 0.0128581 0.241311 -0.39535
222 0.0508108 0.0252367 -0.0934069
223 -0.114504 -0.193599 0.0915491
224 -0.0660472 -0.275012 -0.09024
225 -0.326075 -0.0369884 0.272781
226 -0.513582 0.0579243 0.273673
227 0.0976712 -0.250113 0.0719567
228 0.0752292 -0.16684 -0.0989181
229 -0.305639 -0.212454 -0.292464
230 0.0344034 0.249833 -0.284727
231 0.111541 0.45361 -0.102532
232 0.00478877 0.42474 -0.0624637
233 -0.380238 0.328876 0.115355
234 -0.12979 0.0011314 0.295588
235 -0.556211 0.15601 -0.393498
236 -0.335419 -0.0362991 -0.292285
237 0.106381 -0.250169 0.294274
238 -0.143095 0.00281013 -0.284174
239 -0.31977 -0.199121 0.288795
240 -0.562909 0.138173 0.39267
241 -0.638394 -0.259871 -0.13647
242 -0.56511 0.290645 -0.396043
243 0.0410892 0.238083 0.0711742
244 -0.557258 0.425225 -0.288938
245 -0.656652 0.0762068 0.268048
246 -0.554208 0.152003 0.173469
