1 -0.66718 0.39935 0.396399
2 -0.665483 0.401078 -0.398083
3 0.111174 0.83451 0.394676
4 0.111878 0.837749 -0.393537
5 0.468309 0.139491 -0.393959
6 -0.648766 -0.372005 -0.378448
7 -0.644083 -0.374462 0.375232
8 0.466914 0.135414 0.392344
9 0.295952 0.505884 0.0122492
10 -0.655215 -0.00741722 0.00434708
11 -0.124412 0.254294 -0.376075
12 -0.0892608 0.224348 0.374057
13 -0.655606 0.0014428 -0.387579
14 0.0156543 -0.0823691 0.00540706
15 0.0229825 -0.0887444 0.364893
16 -0.650372 -0.373907 -0.00298366
17 -0.656331 0.0023004 0.387331
18 0.0228233 -0.0861949 -0.368237
19 0.473202 0.141805 -0.00109541
20 0.296832 0.490447 -0.392849
21 -0.265142 0.613789 -0.00182469
22 -0.276646 0.602008 -0.384791
23 -0.667664 0.399778 0.000613279
24 -0.119088 0.272408 0.00789427
25 0.114391 0.840787 -7.69593e-05
26 0.29828 0.490062 0.391925
27 -0.272849 0.60181 0.385466
28 -0.0934462 0.716528 -0.172216
29 0.0421184 0.619761 -0.388295
30 -0.359245 -0.25311 -0.216266
31 -0.117394 0.701741 0.236217
32 -0.0178295 0.0956155 -0.203384
33 -0.213114 0.427332 -0.206705
34 0.197185 0.691785 0.224558
35 0.130327 0.382327 -0.197374
36 -0.334096 -0.0820952 -0.358094
37 -0.385008 0.321947 -0.379429
38 -0.275769 -0.219946 -0.3512
39 0.0423279 0.570662 0.387372
40 -0.211064 0.418388 -0.379618
41 -0.0753455 0.72606 0.388761
42 0.0332445 0.559926 -0.00169374
43 -0.0883691 0.062563 -0.37008
44 -0.158816 -0.0747455 -0.361132
45 -0.312276 -0.228945 0.210407
46 -0.372565 -0.0986419 0.357761
47 0.0632573 -0.062254 -0.186322
48 -0.206387 0.435295 0.233441
49 -0.133693 0.260245 -0.194199
50 0.220733 0.209899 0.0120509
51 0.381527 0.314937 -0.392351
52 0.268382 0.0367635 -0.384953
53 0.394616 0.307123 -0.161846
54 -0.0189701 0.083848 0.191598
55 -0.637667 -0.193686 0.225798
56 -0.405124 -0.106748 0.0128369
57 -0.380828 0.148078 -0.369921
58 0.295205 0.0503818 0.194799
59 0.145755 0.39211 0.215592
60 0.210669 0.272342 -0.388135
61 -0.121985 0.263643 0.189903
62 0.201351 0.686535 -0.194279
63 0.131896 0.107377 -0.379521
64 0.394563 0.300646 0.231102
65 0.108317 0.387789 0.00263181
66 0.0955573 0.372562 -0.386093
67 -0.0275387 0.452623 -0.384252
68 0.472674 0.139993 -0.197839
69 -0.653037 0.223847 0.199241
70 -0.161253 0.473316 0.381864
71 0.311791 0.470426 0.199337
72 0.2096 0.671449 -0.0214455
73 -0.646036 -0.366171 -0.193763
74 -0.646549 -0.189752 -0.37721
75 -0.654876 0.251496 -0.193537
76 0.112834 0.838629 -0.197264
77 0.0506458 0.21549 -0.37892
78 0.277676 0.0424958 -0.215742
79 -0.381682 0.0175043 0.204787
80 -0.334496 0.247226 0.10461
81 0.244038 0.605703 0.125124
82 0.147637 0.212624 0.382374
83 0.33697 0.423628 -0.266701
84 -0.268731 0.282933 -0.375562
85 -0.653735 -0.0325655 0.171676
86 -0.519346 0.470242 -0.148965
87 -0.647924 -0.187014 0.379196
88 -0.0272804 0.436251 -0.265068
89 -0.531251 0.462194 0.194752
90 -0.214291 0.410163 -0.00138098
91 -0.652071 0.201303 0.388177
92 -0.46385 -0.163087 0.225986
93 0.260113 0.572569 -0.114886
94 -0.655086 0.192087 0.0123465
95 -0.472774 0.482908 0.386729
96 -0.645242 -0.0881579 -0.215106
97 -0.389453 0.228396 0.374007
98 -0.231592 0.104181 -0.101326
99 -0.406705 -0.0893723 -0.212829
100 -0.180252 0.344993 0.0940732
101 0.271719 0.547019 -0.248557
102 -0.641387 -0.36673 0.190426
103 -0.259781 0.61414 0.182664
104 -0.0718949 0.730076 -0.0218656
105 -0.0697472 0.0579989 0.00278978
106 -0.248132 0.624033 -0.189585
107 -0.654267 -0.0679939 0.288441
108 0.26699 0.0350632 0.379937
109 -0.0256452 0.440005 0.110392
110 -0.011542 0.0930248 0.370198
111 -0.143256 0.686414 0.101508
112 -0.451529 0.168088 -0.0731639
113 -0.245021 0.135253 0.0699399
114 -0.22042 0.303293 0.374821
115 -0.669539 0.402229 -0.195555
116 -0.472759 0.488216 -0.384494
117 -0.653991 0.204126 -0.388746
118 -0.017547 -0.103191 0.185635
119 -0.460131 0.500023 0.00559117
120 -0.498856 0.312912 0.385952
121 0.234503 0.184522 0.219601
122 0.124371 0.561735 0.243965
123 0.0423808 0.24165 0.0958893
124 -0.669572 0.400629 0.196503
125 -0.272876 0.242529 0.228218
126 -0.382248 0.539598 0.258132
127 -0.3102 0.111119 0.367192
128 -0.0773248 0.724938 -0.387714
129 0.0960761 0.356862 0.384295
130 0.0399631 0.226351 0.377779
131 0.212411 0.220797 -0.24955
132 0.113412 0.838056 0.196954
133 -0.0630809 0.389641 0.380732
134 0.130131 0.097284 -0.114761
135 0.380025 0.311016 0.391941
136 -0.286659 -0.226519 0.352971
137 -0.503061 0.0756571 0.0775045
138 -0.472272 -0.216389 -0.360661
139 0.474484 0.14248 0.194715
140 -0.657628 0.301616 0.100052
141 -0.658567 0.303796 0.295882
142 0.0442264 0.657853 -0.230226
143 -0.463069 0.299583 0.0180302
144 0.319681 0.456726 -0.136558
145 0.205994 0.665242 -0.393129
146 0.363278 0.371139 0.0816167
147 0.412467 0.269284 -0.0133349
148 -0.52266 0.3361 0.130747
149 0.249518 0.319989 0.388222
150 -0.330679 0.4003 0.380689
151 -0.116618 0.590792 0.38564
152 0.362836 0.0852583 -0.072395
153 -0.380638 0.544162 0.124897
154 -0.00284828 0.771113 -0.268328
155 -0.648309 -0.186226 -0.0267739
156 0.427047 0.246205 0.100842
157 0.290928 0.184832 0.386308
158 -0.167524 0.672032 -0.0974296
159 0.0398315 0.241394 -0.096388
160 0.375519 0.0908245 -0.297264
161 -0.14408 0.543876 0.0644235
162 0.147406 0.0849569 0.377633
163 -0.410727 0.102395 -0.233469
164 -0.653267 0.0820812 -0.26015
165 -0.160912 -0.0538521 0.359665
166 -0.144487 0.684414 -0.285304
167 -0.401054 0.530498 -0.255964
168 0.16056 -0.0156026 -0.288467
169 -0.190434 0.0545853 0.363486
170 -0.0564204 0.38982 0.271312
171 -0.0791875 0.574941 0.252451
172 -0.644616 -0.25303 0.0945379
173 0.175994 0.731817 0.101813
174 -0.283436 -0.217581 -0.00294453
175 -0.00738517 0.768611 0.126286
176 -0.370841 0.293287 -0.256363
177 -0.516505 0.318271 -0.167548
178 -0.413706 -0.27337 0.0924637
179 0.205533 0.662756 0.392659
180 -0.110906 0.562324 -0.384356
181 -0.654404 0.0804777 -0.12757
182 0.355996 0.385079 -0.041396
183 -0.168925 -0.166835 -0.118963
184 -0.267236 0.0757813 -0.366481
185 -0.64179 -0.255344 -0.255292
186 0.264257 0.35074 0.0925982
187 -0.653474 -0.0946675 -0.384839
188 -0.471223 0.0913188 0.37191
189 -0.138316 0.56548 -0.287979
190 -0.37923 0.546474 -0.118669
191 -0.421828 0.316409 0.263073
192 -0.485034 -0.0262286 -0.368259
193 -0.18296 -0.173143 0.0953883
194 0.347479 0.398297 0.300156
195 -0.19628 -0.0632685 0.132632
196 0.0115424 0.778875 0.268211
197 -0.130896 -0.152397 -0.247927
198 -0.324611 0.44418 -0.09783
199 -0.487534 -0.0224661 0.370105
200 -0.486577 -0.0244113 -0.0697783
201 0.238995 0.022627 0.0377848
202 0.299122 0.172125 -0.38906
203 0.16009 0.755922 0.299338
204 0.161099 0.757653 -0.294585
205 0.148132 -0.0217973 0.132247
206 0.254107 0.582721 0.268148
207 0.136565 0.524154 -0.111439
208 -0.0599117 0.408336 -0.0657053
209 -0.651347 0.0975351 0.127593
210 -0.0991557 0.564028 -0.108978
211 0.152141 -0.0207238 0.253022
212 -0.335454 0.454395 -0.379792
213 -0.650316 -0.131189 0.09511
214 -0.135053 -0.15604 0.274062
215 0.470573 0.140687 -0.0995577
216 -0.263725 0.280068 -0.0694264
217 0.0176518 0.784489 -0.126221
218 0.055186 0.664743 0.116338
219 -0.414916 -0.274634 -0.0954837
220 -0.187973 -0.0578249 -0.125374
221 0.130293 0.519897 -0.388987
222 0.242773 0.333634 -0.0916818
223 0.116857 0.058013 0.0875283
224 0.19651 0.00154199 -0.0885213
225 -0.193194 0.102167 0.257134
226 -0.460039 0.107607 0.260948
227 0.371875 0.0893247 0.0711835
228 0.325076 0.161054 -0.0976249
229 -0.130544 -0.0490835 -0.275021
230 0.15224 0.53782 -0.280346
231 0.160759 0.758544 -0.101157
232 0.0659606 0.689661 -0.0611402
233 -0.33251 0.427722 0.112142
234 0.0476137 0.232213 0.28603
235 -0.524198 0.189258 -0.381623
236 -0.20751 0.0998494 -0.27605
237 0.380754 0.0925742 0.290586
238 0.0325396 0.230371 -0.275295
239 -0.155299 -0.047566 0.269115
240 -0.527399 0.169752 0.378946
241 -0.643687 -0.258338 -0.135654
242 -0.537294 0.320391 -0.38544
243 0.164764 0.52986 0.0714571
244 -0.548342 0.451273 -0.281386
245 -0.655802 0.074445 0.266425
246 -0.521643 0.183047 0.167526
