1 -0.671811 0.398369 0.399585
2 -0.672082 0.399965 -0.400129
3 0.0830867 0.636354 0.395842
4 0.0811945 0.638672 -0.39538
5 0.170696 -0.138024 -0.397804
6 -0.637866 -0.38181 -0.385791
7 -0.633672 -0.380578 0.384751
8 0.172362 -0.13872 0.394512
9 0.131187 0.256283 0.0114545
10 -0.654722 -0.00611075 0.00487455
11 -0.269966 0.153126 -0.390116
12 -0.251041 0.114344 0.388633
13 -0.655837 0.00477872 -0.392672
14 -0.233521 -0.217032 0.00655125
15 -0.226427 -0.220394 0.38561
16 -0.638096 -0.382151 -0.00165992
17 -0.655738 0.00386305 0.392252
18 -0.227504 -0.223429 -0.386647
19 0.17401 -0.136775 -0.00149272
20 0.129446 0.241922 -0.397272
21 -0.298275 0.54961 -0.00135834
22 -0.306544 0.544248 -0.396201
23 -0.672963 0.399516 0.000488497
24 -0.263776 0.165185 0.0082436
25 0.0832975 0.639758 0.000355196
26 0.130052 0.242894 0.39403
27 -0.30534 0.543836 0.394865
28 -0.134337 0.596101 -0.17482
29 -0.0476731 0.457451 -0.393826
30 -0.478165 -0.303746 -0.232944
31 -0.155102 0.588733 0.240443
32 -0.229248 -0.0372401 -0.211839
33 -0.300543 0.348459 -0.214015
34 0.107084 0.468614 0.224887
35 -0.050114 0.19838 -0.201089
36 -0.451821 -0.135959 -0.382998
37 -0.448473 0.289715 -0.392925
38 -0.431461 -0.284994 -0.378519
39 -0.0621813 0.409573 0.392895
40 -0.299681 0.342055 -0.392733
41 -0.112637 0.600971 0.394655
42 -0.0762705 0.400447 -0.00209566
43 -0.277922 -0.049314 -0.388211
44 -0.344087 -0.169603 -0.383563
45 -0.446768 -0.28486 0.226943
46 -0.476955 -0.140415 0.381859
47 -0.200149 -0.211398 -0.195349
48 -0.292545 0.356618 0.240729
49 -0.276474 0.159693 -0.201819
50 -0.0273509 0.00820674 0.0118946
51 0.145746 0.0525376 -0.397731
52 -0.0272656 -0.170528 -0.393508
53 0.151057 0.0411912 -0.164089
54 -0.230638 -0.0460274 0.200898
55 -0.642113 -0.196271 0.229927
56 -0.493355 -0.145335 0.0139885
57 -0.460924 0.112804 -0.388373
58 -0.00279788 -0.165283 0.198878
59 -0.0346895 0.202136 0.218699
60 -0.0136671 0.0703453 -0.395286
61 -0.268553 0.159257 0.197567
62 0.108056 0.461912 -0.195153
63 -0.115452 -0.0632467 -0.391752
64 0.152266 0.0352261 0.232959
65 -0.0664506 0.209921 0.00284034
66 -0.078182 0.201875 -0.393494
67 -0.150614 0.319142 -0.392578
68 0.173684 -0.136762 -0.199859
69 -0.658417 0.228361 0.200158
70 -0.247442 0.382495 0.392781
71 0.133613 0.218005 0.199613
72 0.11126 0.444594 -0.021974
73 -0.632218 -0.376889 -0.194796
74 -0.645858 -0.188864 -0.388029
75 -0.66262 0.255359 -0.194748
76 0.0822881 0.639435 -0.198085
77 -0.153659 0.0634086 -0.391537
78 -0.0201689 -0.167856 -0.220449
79 -0.47409 -0.0208687 0.216261
80 -0.419235 0.199771 0.109886
81 0.119583 0.368882 0.124808
82 -0.0771619 0.0332265 0.39205
83 0.137752 0.166283 -0.269805
84 -0.36848 0.22306 -0.390889
85 -0.653125 -0.0304686 0.172116
86 -0.530382 0.466404 -0.153541
87 -0.645169 -0.187948 0.388843
88 -0.157842 0.302126 -0.271254
89 -0.540376 0.463135 0.199549
90 -0.305266 0.331328 -0.00223375
91 -0.656968 0.205164 0.393873
92 -0.530018 -0.190477 0.237902
93 0.123563 0.331483 -0.11626
94 -0.657382 0.195484 0.0131639
95 -0.492048 0.475307 0.398789
96 -0.648411 -0.08625 -0.217134
97 -0.46017 0.19457 0.389555
98 -0.36808 0.029768 -0.106379
99 -0.49477 -0.126195 -0.226965
100 -0.293422 0.255402 0.0972079
101 0.1259 0.303691 -0.251279
102 -0.629068 -0.376094 0.193195
103 -0.294974 0.548477 0.187324
104 -0.113442 0.602511 -0.0225385
105 -0.271505 -0.0601333 0.00372324
106 -0.282828 0.55415 -0.195042
107 -0.652549 -0.067213 0.291962
108 -0.0258832 -0.169984 0.390417
109 -0.157169 0.302369 0.112782
110 -0.220031 -0.0359836 0.387335
111 -0.183089 0.582599 0.103658
112 -0.507848 0.146963 -0.0763215
113 -0.373348 0.064552 0.0743489
114 -0.328271 0.229532 0.389932
115 -0.674037 0.400786 -0.198228
116 -0.491671 0.477898 -0.397064
117 -0.658324 0.205227 -0.394141
118 -0.258951 -0.226706 0.198687
119 -0.474209 0.488393 0.0054788
120 -0.534016 0.299186 0.395928
121 -0.0200917 -0.0199466 0.224193
122 0.00176959 0.371362 0.246516
123 -0.156401 0.0889658 0.0989801
124 -0.675034 0.400162 0.198554
125 -0.378039 0.181013 0.239203
126 -0.406549 0.510809 0.265119
127 -0.420146 0.0580923 0.386134
128 -0.114809 0.600501 -0.394436
129 -0.0802948 0.185912 0.391963
130 -0.155708 0.0772995 0.389989
131 -0.0310207 0.020855 -0.254881
132 0.0838003 0.637658 0.197562
133 -0.193489 0.268057 0.390953
134 -0.125368 -0.0737451 -0.117506
135 0.147913 0.0507643 0.395461
136 -0.431291 -0.287622 0.378912
137 -0.547954 0.0608013 0.0804313
138 -0.541273 -0.251064 -0.382237
139 0.174666 -0.136244 0.195725
140 -0.662962 0.302845 0.100904
141 -0.663889 0.30493 0.297859
142 -0.0368306 0.492637 -0.233276
143 -0.506274 0.282672 0.0180219
144 0.134968 0.202368 -0.138576
145 0.109966 0.440751 -0.395518
146 0.144914 0.110582 0.0814298
147 0.156519 0.000772554 -0.014448
148 -0.547979 0.329791 0.133296
149 0.0346118 0.102293 0.393388
150 -0.391913 0.358324 0.393632
151 -0.185272 0.483024 0.39399
152 0.0612715 -0.154131 -0.0740362
153 -0.403644 0.513739 0.128511
154 -0.0401077 0.616285 -0.271719
155 -0.645947 -0.186663 -0.0263106
156 0.159771 -0.023832 0.100809
157 0.0303466 -0.0370072 0.393049
158 -0.207788 0.578323 -0.0996783
159 -0.158319 0.0889289 -0.0992898
160 0.0738085 -0.152023 -0.301555
161 -0.220969 0.443886 0.0660684
162 -0.10732 -0.0873069 0.389986
163 -0.484771 0.0723136 -0.245778
164 -0.655628 0.0858162 -0.26217
165 -0.340694 -0.14334 0.382848
166 -0.182701 0.583906 -0.291138
167 -0.424826 0.504452 -0.264819
168 -0.1202 -0.191467 -0.297651
169 -0.344257 -0.0259081 0.384789
170 -0.192415 0.265314 0.278107
171 -0.160902 0.454104 0.257321
172 -0.641374 -0.254741 0.0962512
173 0.102244 0.513457 0.102047
174 -0.432425 -0.280427 -0.00332689
175 -0.0459272 0.615258 0.127603
176 -0.440237 0.258476 -0.267045
177 -0.548487 0.310065 -0.172294
178 -0.505546 -0.312574 0.0983754
179 0.110693 0.438687 0.394693
180 -0.186456 0.453873 -0.393398
181 -0.656377 0.0842913 -0.128356
182 0.142815 0.125126 -0.0427432
183 -0.359454 -0.253682 -0.12669
184 -0.393811 0.0100715 -0.386666
185 -0.640893 -0.258149 -0.26051
186 0.0518607 0.124312 0.0930236
187 -0.651935 -0.0935304 -0.390979
188 -0.529615 0.0706692 0.387554
189 -0.209725 0.465654 -0.295565
190 -0.402182 0.515245 -0.122795
191 -0.473104 0.29371 0.273102
192 -0.541343 -0.0450415 -0.387792
193 -0.368484 -0.257872 0.102143
194 0.141112 0.141195 0.30184
195 -0.365875 -0.146314 0.142053
196 -0.0238712 0.620183 0.271226
197 -0.335401 -0.250024 -0.263504
198 -0.38174 0.397217 -0.101551
199 -0.545402 -0.0421719 0.387085
200 -0.537809 -0.0422505 -0.0731024
201 -0.0538675 -0.17574 0.0385212
202 0.0322284 -0.0521922 -0.395576
203 0.0972136 0.543436 0.300113
204 0.0974969 0.544505 -0.295814
205 -0.131636 -0.192816 0.138296
206 0.121833 0.344212 0.268914
207 -0.00172336 0.330795 -0.113353
208 -0.189872 0.282765 -0.0677399
209 -0.653933 0.100065 0.128813
210 -0.181264 0.449809 -0.111517
211 -0.126496 -0.192473 0.263522
212 -0.386534 0.412907 -0.393717
213 -0.649327 -0.128671 0.0940672
214 -0.335295 -0.25022 0.293672
215 0.173207 -0.136585 -0.100558
216 -0.363953 0.214821 -0.0719017
217 -0.0193423 0.621445 -0.127459
218 -0.0267494 0.494297 0.1174
219 -0.509434 -0.314837 -0.103229
220 -0.360503 -0.14458 -0.133061
221 -0.0040625 0.330422 -0.39436
222 0.0266749 0.115722 -0.0936659
223 -0.13973 -0.10801 0.091462
224 -0.0920194 -0.184087 -0.090661
225 -0.343709 0.0212032 0.271533
226 -0.520192 0.0853718 0.272278
227 0.0701218 -0.151028 0.0717486
228 0.0480596 -0.0706584 -0.0995506
229 -0.32615 -0.149994 -0.291761
230 0.0179022 0.338987 -0.283842
231 0.0969988 0.545652 -0.101223
232 -0.00944307 0.514618 -0.0614238
233 -0.387486 0.382479 0.115319
234 -0.152084 0.0803436 0.295083
235 -0.558029 0.176026 -0.391716
236 -0.35201 0.0204982 -0.29149
237 0.0786148 -0.15126 0.294662
238 -0.165204 0.0814616 -0.283944
239 -0.339657 -0.138505 0.287525
240 -0.565321 0.15678 0.390778
241 -0.641142 -0.259635 -0.136255
242 -0.565933 0.310189 -0.395123
243 0.0237403 0.326183 0.0713009
244 -0.559748 0.452139 -0.288586
245 -0.655956 0.0766892 0.267572
246 -0.557041 0.173927 0.172915
