1 -0.0618351 0.548159 0.262399
2 0.0411542 -0.856475 0.291009
3 0.0932952 -0.862457 0.262042
4 0.10738 0.547221 0.207762
5 0.138296 -0.870998 0.223156
6 0.152876 0.542702 0.169696
7 0.175792 -0.879496 0.174964
8 0.21693 0.522743 0.0742451
9 0.232974 0.511386 0.0192789
10 0.237357 0.504001 -0.0356934
11 0.181511 0.496857 -0.197513
12 0.163526 -0.877819 -0.156278
13 0.141845 0.494694 -0.24097
14 0.0940778 0.494836 -0.276319
15 0.0763551 -0.876348 -0.235162
16 0.0400268 0.495705 -0.30207
17 0.0225166 -0.87303 -0.261868
18 -0.0355113 -0.868181 -0.277874
19 -0.19556 0.493817 -0.294941
20 -0.2127 -0.862579 -0.254725
21 -0.248033 0.491611 -0.266364
22 -0.293667 0.490699 -0.22811
23 -0.310592 -0.853644 -0.187756
24 -0.330736 0.490473 -0.182382
25 -0.374861 -0.845666 -0.0887511
26 -0.390703 -0.842871 -0.0321911
27 -0.372401 0.495159 -0.0758249
28 -0.376579 0.499475 -0.0178875
29 -0.394978 -0.843361 0.0263151
30 -0.386853 -0.84613 0.0846095
31 -0.349981 0.512144 0.0926325
32 -0.320028 0.522004 0.141652
33 -0.23401 0.53629 0.21879
34 -0.121937 0.545198 0.25882
35 0.213514 -0.885933 -0.0500719
36 -0.367602 -0.849078 0.140016
37 -0.337565 -0.85458 0.190775
38 0.0562733 -0.881821 0.146881
39 -0.0757575 -0.850181 0.317368
40 -0.135982 -0.849645 0.313516
41 -0.265067 -0.858631 -0.225809
42 0.202239 -0.885434 0.12259
43 0.0963339 -0.882861 0.0842627
44 -0.0158734 -0.851892 0.310088
45 0.194763 -0.880767 -0.105563
46 -0.296265 -0.853042 0.236761
47 -0.248413 -0.851266 0.272295
48 0.218109 -0.882714 0.0662272
49 -0.347544 -0.849445 -0.141572
50 -0.228324 -0.857548 -0.111904
51 -0.194268 -0.848286 0.298686
52 0.221458 -0.881518 0.00711847
53 -0.155452 -0.863428 -0.274313
54 -0.0955827 -0.86443 -0.282221
55 0.123989 -0.877565 -0.199844
56 0.0267377 -0.875883 0.173576
57 -0.199605 -0.860989 -0.136479
58 -0.252067 -0.854265 -0.082641
59 0.0458275 -0.877224 -0.120365
60 0.0157586 -0.876182 -0.142742
61 -0.0549842 -0.874198 -0.168711
62 -0.188788 -0.864207 0.179857
63 0.0792715 -0.886233 0.117529
64 0.106259 -0.881528 0.0487784
65 0.108227 -0.881483 0.0114293
66 -0.279005 -0.850834 -0.0137453
67 0.103148 -0.881378 -0.0253714
68 0.0909079 -0.884039 -0.0603534
69 0.0722168 -0.88078 -0.0924163
70 -0.245568 -0.859646 0.126788
71 -0.0182755 -0.875176 -0.159064
72 -0.0797793 -0.864017 0.208134
73 -0.00607612 -0.870481 0.192007
74 -0.0929043 -0.871849 -0.171215
75 -0.130578 -0.868212 -0.166441
76 -0.268991 -0.852067 -0.0494848
77 -0.250289 0.491313 -0.0927929
78 -0.260296 0.493572 -0.0574925
79 0.119075 0.497667 -0.06846
80 -0.281806 -0.851806 0.0229621
81 -0.262845 0.496102 -0.0209432
82 0.106955 0.495724 -0.103239
83 0.0879721 0.4939 -0.134934
84 -0.276555 -0.853119 0.0595014
85 -0.264417 -0.856503 0.0944816
86 -0.258541 0.500445 0.0128534
87 -0.22072 -0.863865 0.155014
88 -0.227439 0.509208 0.0793544
89 -0.202355 0.513326 0.106634
90 -0.000349895 0.489854 -0.199078
91 -0.0420592 -0.86647 0.203737
92 -0.0271682 0.531408 0.150069
93 -0.0751737 0.488534 -0.210818
94 -0.154613 -0.863516 0.196261
95 0.0419756 0.527569 0.120436
96 -0.11778 -0.86261 0.20564
97 -0.102842 0.526424 0.152367
98 -0.166595 -0.86467 -0.154703
99 -0.113002 0.488073 -0.206169
100 -0.149179 0.487926 -0.194527
101 0.0706152 0.521547 0.0978707
102 0.0939001 0.515341 0.0690415
103 -0.182319 0.487847 -0.176369
104 0.121069 0.504223 0.00136094
105 0.05507 0.549734 0.236427
106 -0.00207515 0.550373 0.255006
107 -0.281673 0.528971 0.184465
108 -0.173598 0.518998 0.127095
109 -0.139544 0.523401 0.143164
110 0.190016 0.532925 0.125582
111 0.00894494 0.531213 0.138718
112 -0.180125 0.542421 0.243972
113 -0.0649 0.529487 0.155052
114 0.111014 0.509558 0.0367041
115 0.229771 0.500054 -0.09358
116 0.123876 0.499975 -0.0320944
117 -0.369224 0.505709 0.037555
118 -0.246361 0.504386 0.0476048
119 -0.233214 0.489322 -0.12561
120 -0.211185 0.48831 -0.152382
121 -0.356536 0.492535 -0.13193
122 0.210511 0.498616 -0.149059
123 -0.0182364 0.495997 -0.317195
124 -0.0784447 0.496773 -0.320719
125 0.0641695 0.49192 -0.160798
126 0.0337759 0.490672 -0.18273
127 -0.0371435 0.489159 -0.208541
128 -0.138302 0.495903 -0.313319
129 -0.122898 0.541256 0.225731
130 0.132682 0.537536 0.142887
131 -0.0131159 0.538987 0.190087
132 -0.0679918 0.539937 0.207834
133 0.0583786 0.539899 0.167283
134 -0.231232 -0.173224 -0.0975261
135 -0.354311 -0.172346 -0.10341
136 -0.36652 -0.16339 0.0693463
137 -0.169553 -0.163411 0.161979
138 -0.175485 -0.161472 0.28065
139 -0.27737 -0.160627 0.219425
140 -0.347301 -0.162521 0.124823
141 -0.317268 -0.160981 0.175276
142 -0.229567 -0.160975 0.254783
143 -0.117209 -0.161807 0.295727
144 0.157633 -0.167453 0.205466
145 0.23343 -0.177676 -0.0644918
146 -0.0147885 -0.182498 -0.291424
147 -0.207692 -0.173569 -0.127057
148 -0.244561 -0.17846 -0.241087
149 -0.13481 -0.180582 -0.288151
150 -0.192101 -0.180014 -0.270024
151 -0.0749419 -0.181196 -0.295292
152 -0.290169 -0.17672 -0.202575
153 -0.32715 -0.174287 -0.156284
154 -0.17893 -0.175797 -0.151223
155 -0.145821 -0.177066 -0.169609
156 -0.109655 -0.177376 -0.181572
157 -0.0718912 -0.177598 -0.18657
158 -0.0338906 -0.178308 -0.183898
159 0.00286638 -0.178597 -0.174113
160 0.0369449 -0.178442 -0.157622
161 0.0670335 -0.177822 -0.135036
162 0.0918936 -0.177151 -0.106887
163 0.110765 -0.1762 -0.074945
164 0.122868 -0.174729 -0.0402495
165 0.127652 -0.173066 -0.00383444
166 0.12516 -0.172173 0.0332757
167 0.115196 -0.171329 0.0686968
168 0.0983446 -0.169195 0.101603
169 0.075114 -0.1674 0.130671
170 0.0463578 -0.166283 0.155259
171 0.0132964 -0.166139 0.173492
172 -0.0227899 -0.165273 0.185279
173 -0.0605662 -0.164543 0.190031
174 -0.0985907 -0.164213 0.18756
175 -0.135386 -0.163773 0.178114
176 0.145096 -0.182411 -0.2148
177 0.0434398 -0.182934 -0.276367
178 0.0974337 -0.182831 -0.250571
179 0.184541 -0.179361 -0.170753
180 0.214369 -0.179974 -0.119783
181 0.221243 -0.171906 0.107181
182 0.240905 -0.175324 -0.00695199
183 0.236977 -0.174293 0.0511608
184 0.194534 -0.168125 0.15907
185 0.0599672 -0.163713 0.272812
186 -0.0569863 -0.162296 0.299342
187 0.0028252 -0.162915 0.291604
188 0.112238 -0.165085 0.243614
189 -0.199815 -0.162854 0.139303
190 -0.224863 -0.16392 0.111472
191 -0.243836 -0.164679 0.0794866
192 -0.256012 -0.165048 0.0445523
193 -0.260843 -0.16597 0.00770919
194 -0.258195 -0.169285 -0.0287546
195 -0.248218 -0.171571 -0.0644306
196 -0.374169 -0.164797 0.0111559
197 -0.370102 -0.169075 -0.0469739
198 -0.231429 0.160241 -0.109559
199 -0.354514 0.15928 -0.115194
200 -0.244678 0.154669 -0.253549
201 0.00283782 0.15987 -0.186614
202 -0.0147797 0.153524 -0.304833
203 -0.13492 0.15323 -0.301476
204 -0.0750135 0.1532 -0.308935
205 -0.192215 0.153758 -0.28279
206 0.0974406 0.155987 -0.263342
207 0.128623 0.170922 -0.0152761
208 0.238216 0.173686 0.0403052
209 0.014376 0.180544 0.163282
210 0.061053 0.18475 0.262861
211 0.195771 0.181145 0.148677
212 0.11335 0.183761 0.233757
213 0.158767 0.182415 0.195391
214 0.222513 0.17698 0.0966956
215 0.00388882 0.185399 0.281661
216 -0.168496 0.179843 0.151716
217 -0.228498 0.183159 0.244611
218 -0.116168 0.185277 0.285289
219 -0.174423 0.184647 0.270213
220 -0.0559614 0.185495 0.289134
221 -0.316828 0.179516 0.164525
222 -0.374374 0.166293 -0.000151374
223 -0.347006 0.175033 0.114356
224 -0.366313 0.170641 0.0588049
225 -0.370292 0.161576 -0.058451
226 -0.255764 0.169329 0.0337233
227 -0.260974 0.166892 -0.00369454
228 -0.258331 0.163326 -0.0404009
229 -0.248376 0.161536 -0.0763073
230 -0.243569 0.172239 0.0688473
231 -0.224613 0.175693 0.100939
232 -0.199521 0.17841 0.128729
233 -0.276347 0.181421 0.20905
234 -0.13433 0.180367 0.168011
235 -0.0975347 0.180826 0.177569
236 -0.0595143 0.181003 0.179905
237 -0.0217269 0.18095 0.175062
238 0.0474048 0.179849 0.14494
239 0.0763166 0.17919 0.120392
240 0.0995581 0.177343 0.0912036
241 0.116402 0.174814 0.058128
242 0.12631 0.172913 0.022486
243 0.215184 0.164106 -0.132022
244 0.242022 0.170595 -0.0186355
245 0.234384 0.166986 -0.0766379
246 0.184624 0.161108 -0.183278
247 0.145097 0.15836 -0.22749
248 0.123783 0.168483 -0.0518844
249 0.111702 0.166808 -0.0870548
250 0.0927648 0.164516 -0.119048
251 0.0670288 0.16291 -0.147697
252 0.036931 0.161082 -0.170161
253 0.0434475 0.154547 -0.289512
254 -0.0339234 0.158914 -0.19626
255 -0.0719555 0.158492 -0.198792
256 -0.109784 0.158197 -0.194047
257 -0.145961 0.158427 -0.182241
258 -0.179094 0.158984 -0.163898
259 -0.207893 0.15985 -0.139542
260 -0.290323 0.155426 -0.215051
261 -0.327344 0.157951 -0.16863
262 -0.237314 -0.513719 -0.088942
263 -0.360294 -0.510407 -0.0949995
264 -0.296489 -0.515197 -0.19328
265 -0.0403927 -0.523489 -0.174427
266 -0.0814556 -0.524914 -0.286407
267 0.0368499 -0.528509 -0.266867
268 0.138391 -0.53108 -0.205192
269 0.206843 -0.529372 -0.111252
270 0.233721 -0.528043 0.00072687
271 0.213608 -0.524809 0.11409
272 0.105118 -0.517321 0.250382
273 -0.0675745 -0.512303 0.196993
274 -0.105555 -0.511311 0.194588
275 -0.0640402 -0.510305 0.305709
276 -0.182429 -0.507624 0.287101
277 -0.262273 -0.508488 0.0526324
278 -0.38026 -0.505224 0.0195318
279 -0.323218 -0.505983 0.182672
280 -0.236513 -0.506945 0.261522
281 -0.284368 -0.506786 0.226375
282 -0.353374 -0.50646 0.132448
283 -0.372619 -0.505337 0.0774145
284 -0.376077 -0.507639 -0.0385611
285 -0.26694 -0.508255 0.0162358
286 -0.264312 -0.510461 -0.0204265
287 -0.254301 -0.512368 -0.0558961
288 -0.250008 -0.509585 0.0870328
289 -0.230994 -0.509851 0.118767
290 -0.205873 -0.509602 0.146333
291 -0.176488 -0.510427 0.168798
292 -0.142343 -0.510765 0.185027
293 -0.124193 -0.508716 0.301928
294 0.0528596 -0.514808 0.279422
295 -0.00423602 -0.512046 0.298113
296 -0.0298468 -0.51389 0.192043
297 0.00620901 -0.515693 0.18027
298 0.0391782 -0.517167 0.161929
299 0.0674968 -0.518744 0.137609
300 0.0906691 -0.521344 0.108699
301 0.107566 -0.522408 0.0759894
302 0.117399 -0.523998 0.0407711
303 0.120482 -0.52418 0.00412365
304 0.115613 -0.525153 -0.0320603
305 0.103513 -0.52554 -0.0667037
306 0.0845704 -0.526224 -0.0983925
307 0.0604821 -0.525698 -0.126214
308 0.0303661 -0.525531 -0.148426
309 -0.00368121 -0.524585 -0.164863
310 0.187008 -0.521088 0.16582
311 0.150476 -0.519343 0.212103
312 0.229275 -0.526918 0.0584502
313 0.22605 -0.529094 -0.0565948
314 0.177612 -0.530369 -0.16127
315 0.0907902 -0.52988 -0.24103
316 -0.0212978 -0.526795 -0.282236
317 -0.19856 -0.5205 -0.260693
318 -0.141308 -0.522716 -0.279169
319 -0.250963 -0.518032 -0.231706
320 -0.0783791 -0.522217 -0.176885
321 -0.116164 -0.520736 -0.172159
322 -0.1523 -0.519218 -0.160488
323 -0.185366 -0.517277 -0.142157
324 -0.214165 -0.514867 -0.11835
325 -0.333428 -0.512131 -0.147231
326 0.00122517 0.327196 -0.194973
327 0.0416909 0.324865 -0.29804
328 -0.0165466 0.324007 -0.313349
329 -0.136654 0.322842 -0.309811
330 -0.0735939 0.326292 -0.20725
331 -0.0355591 0.326603 -0.2047
332 -0.111418 0.325927 -0.202472
333 -0.147575 0.325749 -0.19064
334 -0.180679 0.325811 -0.172212
335 -0.291943 0.323238 -0.223522
336 -0.355752 0.326087 -0.123681
337 -0.375555 0.333329 -0.00833599
338 -0.257214 0.337458 0.0250449
339 -0.262078 0.333838 -0.012065
340 -0.259519 0.330964 -0.0489907
341 -0.249568 0.328833 -0.0847389
342 -0.232627 0.327152 -0.117961
343 -0.209479 0.326103 -0.147799
344 -0.245049 0.340864 0.0600122
345 -0.318474 0.349903 0.155817
346 -0.231037 0.359757 0.234971
347 -0.200993 0.347829 0.119652
348 -0.170796 0.351215 0.1421
349 -0.13672 0.353884 0.158792
350 -0.118834 0.365258 0.275356
351 0.00113606 0.366487 0.271669
352 0.0119192 0.356037 0.154278
353 -0.0241963 0.356744 0.165926
354 0.0450007 0.354531 0.136221
355 0.110654 0.36406 0.224511
356 0.19304 0.356646 0.140524
357 0.113869 0.345087 0.0499931
358 0.123835 0.341564 0.0143688
359 0.239874 0.339345 -0.0267866
360 0.219917 0.350872 0.0885604
361 0.235744 0.345226 0.0321673
362 0.232305 0.335213 -0.085001
363 0.183072 0.328953 -0.191839
364 0.0353481 0.327842 -0.178436
365 0.0654937 0.329095 -0.155762
366 0.0905857 0.330551 -0.127454
367 0.109526 0.332601 -0.0952419
368 0.121602 0.335203 -0.0601864
369 0.126409 0.337936 -0.0233962
370 0.095722 0.325734 -0.27197
371 0.143468 0.327023 -0.236316
372 0.213108 0.33154 -0.140643
373 0.0969217 0.348198 0.0830463
374 0.073631 0.351565 0.112105
375 0.156163 0.361149 0.186567
376 0.058298 0.365837 0.25311
377 -0.0586809 0.366347 0.27908
378 -0.0619732 0.35658 0.17064
379 -0.0999641 0.355638 0.168234
380 -0.177017 0.362891 0.260546
381 -0.226063 0.344347 0.0919425
382 -0.278803 0.355336 0.200055
383 -0.348552 0.34453 0.105286
384 -0.367831 0.338637 0.0500297
385 -0.371505 0.329178 -0.0669644
386 -0.328943 0.324324 -0.176905
387 -0.246356 0.322813 -0.261972
388 -0.193916 0.322567 -0.291156
389 -0.0767694 0.323439 -0.317327
390 0.00294009 -0.00791452 -0.179318
391 0.0975343 -0.010786 -0.256001
392 0.184714 -0.00778867 -0.176029
393 0.067125 -0.00626739 -0.140167
394 0.092352 -0.00499368 -0.112208
395 0.111276 -0.00347374 -0.0802744
396 0.123388 -0.00178589 -0.0453569
397 0.241609 -0.000762898 -0.0122148
398 0.221893 0.00458898 0.102201
399 0.0988879 0.00478695 0.0966733
400 0.0756464 0.00600375 0.125855
401 0.112851 0.0102338 0.239151
402 0.195107 0.00702151 0.154414
403 0.158266 0.00875952 0.200728
404 0.00339977 0.0122244 0.287088
405 0.0138836 0.00812802 0.168708
406 0.0469039 0.00734635 0.150291
407 -0.0222081 0.00874664 0.180587
408 -0.0599898 0.00908184 0.185432
409 -0.0980123 0.0091731 0.183039
410 -0.116635 0.0126781 0.29108
411 -0.228996 0.0117079 0.250431
412 -0.316903 0.00925083 0.171159
413 -0.199488 0.00766407 0.134835
414 -0.224591 0.00644075 0.107132
415 -0.243605 0.00503228 0.0751556
416 -0.25581 0.00310261 0.0400926
417 -0.36639 0.0043046 0.0652127
418 -0.37015 -0.00219867 -0.0522259
419 -0.327255 -0.00721351 -0.161858
420 -0.24823 -0.00301826 -0.069933
421 -0.231279 -0.00460621 -0.103189
422 -0.207811 -0.00599175 -0.132606
423 -0.179001 -0.00700629 -0.156905
424 -0.244588 -0.0103548 -0.246734
425 -0.134818 -0.0121817 -0.294423
426 -0.0338269 -0.00821082 -0.189081
427 -0.0718567 -0.00830204 -0.191667
428 -0.109689 -0.00814728 -0.187015
429 -0.145868 -0.00771124 -0.175278
430 -0.0146759 -0.0123467 -0.297673
431 0.0435484 -0.0118088 -0.282257
432 -0.0749045 -0.012478 -0.30181
433 -0.192112 -0.0114989 -0.275814
434 -0.290227 -0.00895746 -0.208284
435 -0.258196 -0.00109768 -0.0341131
436 -0.260793 0.00102936 0.00290162
437 -0.354373 -0.0049103 -0.108898
438 -0.374248 0.000930837 0.0064237
439 -0.347038 0.00681564 0.120589
440 -0.168965 0.00860449 0.157285
441 -0.13481 0.00900919 0.173561
442 -0.276836 0.0106745 0.215009
443 -0.174903 0.0123961 0.276106
444 -0.0564287 0.0125895 0.294774
445 0.0605598 0.0113732 0.26831
446 0.115793 0.00323935 0.063687
447 0.125707 0.00169037 0.0281719
448 0.128225 -0.000285216 -0.00885779
449 0.237597 0.00211846 0.0459349
450 0.214802 -0.00580546 -0.125302
451 0.233972 -0.00323564 -0.0700172
452 0.037029 -0.00716745 -0.162838
453 0.145208 -0.00931958 -0.220175
454 -0.037046 -0.349546 -0.178628
455 -0.0781091 -0.35194 -0.290892
456 0.040264 -0.353627 -0.27136
457 0.141863 -0.353916 -0.209662
458 0.0638386 -0.35022 -0.130039
459 0.0337597 -0.350263 -0.15253
460 -0.000305177 -0.350041 -0.168959
461 0.0883989 -0.349919 -0.102498
462 0.107238 -0.349452 -0.0706042
463 0.229868 -0.351551 -0.0601812
464 0.233252 -0.34861 0.0549428
465 0.124015 -0.348028 0.000488652
466 0.119272 -0.348744 -0.0358584
467 0.121398 -0.34681 0.0371212
468 0.111465 -0.345599 0.0724799
469 0.0945478 -0.344187 0.105328
470 0.15419 -0.341784 0.20885
471 0.217504 -0.346581 0.110952
472 0.190725 -0.344359 0.162953
473 0.0565362 -0.338129 0.27637
474 0.0428271 -0.341024 0.158448
475 0.00982723 -0.339821 0.176838
476 -0.0262473 -0.338623 0.188666
477 -0.064015 -0.337618 0.193484
478 -0.0604226 -0.335294 0.3028
479 -0.120619 -0.334183 0.299048
480 -0.232958 -0.332809 0.258403
481 -0.320396 -0.332791 0.179357
482 -0.202949 -0.335345 0.143216
483 -0.227992 -0.335457 0.115604
484 -0.246949 -0.335674 0.0837301
485 -0.259094 -0.336462 0.0488177
486 -0.369658 -0.334028 0.0735228
487 -0.373143 -0.337581 -0.0426145
488 -0.251263 -0.34032 -0.0600281
489 -0.234276 -0.341923 -0.0930859
490 -0.330283 -0.342695 -0.151571
491 -0.293258 -0.344877 -0.197705
492 -0.13798 -0.350576 -0.283528
493 -0.182104 -0.345439 -0.146481
494 -0.210909 -0.344021 -0.12233
495 -0.148994 -0.346656 -0.164795
496 -0.112846 -0.347828 -0.176518
497 -0.0750482 -0.348816 -0.181185
498 -0.247662 -0.346981 -0.236035
499 -0.195225 -0.348896 -0.264994
500 -0.357298 -0.339996 -0.0990012
501 -0.261268 -0.338887 -0.0244338
502 -0.263914 -0.337637 0.0123423
503 -0.377335 -0.335562 0.0156217
504 -0.350413 -0.33307 0.128842
505 -0.172952 -0.335866 0.16539
506 -0.138811 -0.336324 0.181654
507 -0.102023 -0.336866 0.191132
508 -0.280778 -0.332542 0.223013
509 -0.178878 -0.333333 0.284058
510 -0.000603066 -0.3366 0.295152
511 0.0713061 -0.342602 0.134362
512 0.108801 -0.339984 0.247227
513 0.23738 -0.350439 -0.00264753
514 0.210829 -0.352654 -0.115256
515 0.181354 -0.353688 -0.165672
516 0.094219 -0.353903 -0.24532
517 -0.0179267 -0.352995 -0.286764
518 -0.244491 -0.684719 -0.0852956
519 -0.367416 -0.679525 -0.0913526
520 -0.30343 -0.686057 -0.189927
521 -0.205488 -0.691491 -0.256988
522 -0.19236 -0.689258 -0.138849
523 -0.221109 -0.687206 -0.114725
524 -0.159291 -0.691197 -0.157088
525 -0.123175 -0.693054 -0.168649
526 -0.0854157 -0.694793 -0.173287
527 -0.0884672 -0.696338 -0.282774
528 -0.0283523 -0.698954 -0.278677
529 0.0836493 -0.703447 -0.237125
530 0.170664 -0.706501 -0.157521
531 0.219825 -0.706838 -0.0521821
532 0.109342 -0.703157 -0.0277244
533 0.0972341 -0.703119 -0.0623463
534 0.0783268 -0.7029 -0.094053
535 0.0532435 -0.701555 -0.122182
536 0.0232426 -0.699907 -0.144728
537 -0.0107771 -0.698306 -0.16105
538 -0.0474669 -0.696563 -0.170703
539 0.114201 -0.702521 0.0084943
540 0.111758 -0.702158 0.0451296
541 0.207811 -0.704429 0.118398
542 0.227484 -0.705848 0.00504433
543 0.223537 -0.704966 0.0627916
544 0.181151 -0.700344 0.170115
545 0.0991141 -0.691891 0.253308
546 -0.0101798 -0.685589 0.30126
547 0.000114549 -0.692386 0.183271
548 -0.0359062 -0.690169 0.195131
549 -0.0736613 -0.688714 0.199907
550 -0.111646 -0.687396 0.197655
551 -0.188381 -0.679735 0.290287
552 -0.290275 -0.679302 0.229392
553 -0.182712 -0.685682 0.172663
554 -0.148416 -0.68635 0.188246
555 -0.21291 -0.684689 0.150609
556 -0.237962 -0.683748 0.123119
557 -0.256952 -0.682868 0.0913014
558 -0.379553 -0.677594 0.0814789
559 -0.26149 -0.683041 -0.0522807
560 -0.271544 -0.682063 -0.0166281
561 -0.274231 -0.681261 0.0201202
562 -0.269148 -0.682102 0.056369
563 -0.383316 -0.67788 -0.0349238
564 -0.38757 -0.676676 0.023368
565 -0.360246 -0.678896 0.136602
566 -0.330186 -0.679758 0.18685
567 -0.242441 -0.678991 0.264613
568 -0.0699655 -0.683043 0.309096
569 -0.130129 -0.680788 0.305434
570 0.0330582 -0.694969 0.165044
571 0.0617957 -0.698688 0.141864
572 0.0849775 -0.70115 0.113147
573 0.101864 -0.701595 0.0804945
574 0.0469354 -0.688194 0.282395
575 0.144414 -0.695976 0.215192
576 0.200675 -0.706801 -0.107031
577 0.131269 -0.704937 -0.201555
578 0.0297566 -0.701522 -0.263234
579 -0.148288 -0.694023 -0.275443
580 -0.257884 -0.68894 -0.228139
581 -0.340391 -0.682862 -0.143877
582 -0.146707 0.243221 -0.186596
583 -0.179818 0.243584 -0.168154
584 -0.208611 0.244055 -0.1438
585 -0.232128 0.244677 -0.113704
586 -0.249068 0.246548 -0.0804727
587 -0.25902 0.248474 -0.0446808
588 -0.26159 0.251145 -0.00775195
589 -0.256501 0.254744 0.0296612
590 -0.244335 0.257864 0.0646589
591 -0.225348 0.261212 0.0966272
592 -0.200263 0.263989 0.124216
593 -0.169552 0.266572 0.147489
594 -0.135429 0.26841 0.163795
595 -0.0986689 0.269529 0.173358
596 -0.0606699 0.269951 0.175679
597 -0.0228905 0.269856 0.170977
598 0.0132152 0.26924 0.159267
599 0.0462902 0.267755 0.141119
600 0.0749625 0.265351 0.116667
601 0.0982624 0.26347 0.0876722
602 0.115209 0.260786 0.0545474
603 0.125145 0.258075 0.0187485
604 0.127611 0.255186 -0.0192735
605 0.122818 0.252888 -0.0560058
606 0.11075 0.25045 -0.0911154
607 0.0918143 0.248413 -0.123258
608 0.0663411 0.246113 -0.15189
609 0.0361952 0.245146 -0.174516
610 0.00207568 0.244265 -0.190965
611 -0.0347062 0.243667 -0.200666
612 -0.0727337 0.243278 -0.203205
613 -0.110552 0.243185 -0.198427
614 -0.210321 0.407417 -0.15064
615 -0.181524 0.406971 -0.175111
616 -0.148402 0.407223 -0.193385
617 -0.112237 0.407391 -0.20523
618 -0.0744112 0.407714 -0.209932
619 -0.0363746 0.407986 -0.20759
620 0.000418472 0.408781 -0.197898
621 0.0345415 0.409528 -0.181429
622 0.0646868 0.410156 -0.158832
623 0.0893033 0.412382 -0.131464
624 0.10827 0.414079 -0.0994308
625 0.120358 0.416635 -0.064505
626 0.12514 0.419147 -0.0278112
627 0.122471 0.423638 0.00854156
628 0.112473 0.428012 0.044028
629 0.0954999 0.431768 0.0770375
630 0.0721499 0.436438 0.105771
631 0.0436152 0.440919 0.129755
632 0.0105611 0.442795 0.147839
633 -0.025557 0.443421 0.159403
634 -0.063326 0.44285 0.164029
635 -0.10132 0.441566 0.161512
636 -0.138066 0.439119 0.152176
637 -0.172154 0.43568 0.135949
638 -0.201717 0.430837 0.113856
639 -0.226791 0.427446 0.0863177
640 -0.245755 0.423285 0.0545446
641 -0.257915 0.419743 0.0195718
642 -0.262546 0.415418 -0.016455
643 -0.259968 0.412663 -0.0532495
644 -0.249997 0.410505 -0.0888552
645 -0.233048 0.408497 -0.122082
646 0.0029139 0.0760573 -0.182723
647 0.0370027 0.0770884 -0.166244
648 0.067105 0.0782988 -0.14366
649 0.0925593 0.0797997 -0.115367
650 0.111486 0.0816358 -0.0833956
651 0.123606 0.0835121 -0.0484743
652 0.128454 0.0856509 -0.011882
653 0.126026 0.0875093 0.0254086
654 0.116112 0.0892372 0.0609819
655 0.0992106 0.0908159 0.0939847
656 0.0759629 0.0922939 0.123137
657 0.0471842 0.0936807 0.14777
658 0.0141616 0.0944225 0.166153
659 -0.0219394 0.0948637 0.177923
660 -0.0597257 0.0949815 0.182742
661 -0.0977475 0.0947291 0.180375
662 -0.134547 0.094291 0.170869
663 -0.169248 0.0934615 0.154314
664 -0.199458 0.092447 0.131944
665 -0.224561 0.0906106 0.104259
666 -0.243568 0.0884508 0.0722442
667 -0.255769 0.0861985 0.0371744
668 -0.260824 0.0831776 -5.16787e-05
669 -0.258231 0.0810198 -0.0371059
670 -0.248273 0.0791655 -0.0729697
671 -0.23133 0.0776573 -0.106264
672 -0.207823 0.0768832 -0.135816
673 -0.179021 0.0757694 -0.160173
674 -0.145892 0.0752792 -0.178587
675 -0.109713 0.0750541 -0.190339
676 -0.0718814 0.0750936 -0.195013
677 -0.0338528 0.0753999 -0.19244
678 0.00289599 -0.0919716 -0.176408
679 -0.0338604 -0.091983 -0.186023
680 -0.0718886 -0.0918495 -0.188652
681 -0.109718 -0.0916628 -0.183988
682 -0.145894 -0.0910963 -0.172274
683 -0.179027 -0.0903039 -0.153924
684 -0.207845 -0.0894342 -0.129681
685 -0.231255 -0.0873125 -0.10034
686 -0.248204 -0.0856799 -0.0671223
687 -0.258166 -0.0838233 -0.0313691
688 -0.260779 -0.0817369 0.00559766
689 -0.25587 -0.079744 0.0425419
690 -0.243678 -0.0784271 0.0775745
691 -0.224661 -0.0777707 0.109565
692 -0.199558 -0.0769365 0.137244
693 -0.169259 -0.0763866 0.159563
694 -0.135102 -0.0762964 0.17583
695 -0.098312 -0.0764943 0.185357
696 -0.0602952 -0.0768642 0.18777
697 -0.0225145 -0.07731 0.182951
698 0.0135828 -0.0781521 0.171138
699 0.0466035 -0.0792067 0.152753
700 0.0753195 -0.0804749 0.128326
701 0.0985679 -0.08167 0.0991903
702 0.115478 -0.0830535 0.0662508
703 0.125387 -0.0846668 0.0307455
704 0.127995 -0.0861993 -0.00620511
705 0.123157 -0.0876187 -0.0426511
706 0.11105 -0.088895 -0.0775157
707 0.0921181 -0.0902156 -0.109426
708 0.06707 -0.0911983 -0.137363
709 0.0369784 -0.0917718 -0.159957
710 -0.0354236 -0.264093 -0.180991
711 0.00132442 -0.264182 -0.171371
712 0.0353948 -0.264219 -0.154978
713 0.0654833 -0.263885 -0.132475
714 0.0901755 -0.263251 -0.104654
715 0.109021 -0.262718 -0.0727408
716 0.121051 -0.261999 -0.0379491
717 0.125812 -0.260817 -0.00155414
718 0.123269 -0.259872 0.0352659
719 0.113344 -0.258462 0.0706663
720 0.0964212 -0.257036 0.103499
721 0.0731835 -0.255439 0.132554
722 0.0445872 -0.254083 0.156769
723 0.0115785 -0.253059 0.175118
724 -0.0245026 -0.252059 0.186959
725 -0.0622753 -0.251239 0.191806
726 -0.100289 -0.250614 0.189405
727 -0.137079 -0.250129 0.179917
728 -0.171229 -0.249862 0.163656
729 -0.201393 -0.249881 0.141317
730 -0.226421 -0.250046 0.113638
731 -0.245387 -0.25052 0.0817484
732 -0.257533 -0.251292 0.046803
733 -0.262349 -0.252637 0.0102727
734 -0.259723 -0.254243 -0.0264909
735 -0.249725 -0.256024 -0.0621558
736 -0.23274 -0.257702 -0.0952602
737 -0.209315 -0.259493 -0.124704
738 -0.180513 -0.260702 -0.148907
739 -0.147397 -0.26184 -0.167199
740 -0.111241 -0.262842 -0.178903
741 -0.0734306 -0.263632 -0.183503
742 0.10546 -0.435991 -0.0687098
743 0.117476 -0.435662 -0.0339266
744 0.122221 -0.43541 0.00236216
745 0.119516 -0.434261 0.0388782
746 0.109585 -0.433099 0.0742427
747 0.0926587 -0.43179 0.107043
748 0.0694154 -0.430192 0.136047
749 0.0410369 -0.428097 0.160101
750 0.00804362 -0.426684 0.178444
751 -0.02803 -0.425395 0.190268
752 -0.065791 -0.424175 0.19506
753 -0.103792 -0.423235 0.192695
754 -0.140572 -0.422507 0.183205
755 -0.17471 -0.421968 0.166979
756 -0.204552 -0.421355 0.145014
757 -0.229583 -0.4211 0.11736
758 -0.248517 -0.420851 0.0855077
759 -0.260664 -0.421552 0.0506513
760 -0.265476 -0.422391 0.0143414
761 -0.262834 -0.423532 -0.0223509
762 -0.252829 -0.424926 -0.0579507
763 -0.235846 -0.426581 -0.0909749
764 -0.212569 -0.428701 -0.120177
765 -0.183769 -0.430244 -0.144333
766 -0.150671 -0.431766 -0.162618
767 -0.114528 -0.433132 -0.174311
768 -0.0767343 -0.434409 -0.178941
769 -0.0387434 -0.435507 -0.176403
770 -0.0020097 -0.43631 -0.166755
771 0.0320483 -0.436844 -0.150401
772 0.0621234 -0.437185 -0.128009
773 0.0866162 -0.436297 -0.100524
774 -0.2176 -0.601623 -0.116283
775 -0.240904 -0.599827 -0.0871256
776 -0.257888 -0.598417 -0.0540633
777 -0.267921 -0.597166 -0.0184697
778 -0.270585 -0.596116 0.0182385
779 -0.265701 -0.596397 0.0543109
780 -0.253456 -0.596682 0.0890972
781 -0.234457 -0.597218 0.120858
782 -0.209379 -0.597866 0.148278
783 -0.179505 -0.597626 0.170058
784 -0.145363 -0.598315 0.186145
785 -0.1086 -0.599383 0.195621
786 -0.0706168 -0.600665 0.197956
787 -0.0328705 -0.602088 0.193127
788 0.00318899 -0.603687 0.181422
789 0.0361563 -0.605813 0.163149
790 0.0646133 -0.608597 0.139516
791 0.0878006 -0.610814 0.110644
792 0.104698 -0.611753 0.0779776
793 0.1146 -0.612681 0.0427581
794 0.1173 -0.613504 0.00633963
795 0.112448 -0.614249 -0.0298799
796 0.100341 -0.614649 -0.0644752
797 0.0814292 -0.614578 -0.0961342
798 0.0568901 -0.613786 -0.123859
799 0.0268492 -0.61265 -0.146336
800 -0.00718701 -0.611523 -0.162734
801 -0.0438963 -0.610129 -0.172383
802 -0.0818647 -0.608541 -0.174964
803 -0.119639 -0.60689 -0.170347
804 -0.15576 -0.605162 -0.158698
805 -0.188839 -0.603398 -0.140432
806 -0.248173 -0.769221 -0.0839313
807 -0.224664 -0.772294 -0.113165
808 -0.195937 -0.775209 -0.137267
809 -0.162922 -0.77788 -0.155816
810 -0.126838 -0.780296 -0.167555
811 -0.0891294 -0.782919 -0.172269
812 -0.0511931 -0.784807 -0.169679
813 -0.0145045 -0.78627 -0.160007
814 0.0195203 -0.787597 -0.143584
815 0.0495181 -0.789429 -0.120916
816 0.0752906 -0.79158 -0.0923748
817 0.094197 -0.792072 -0.0607655
818 0.106221 -0.792851 -0.0262014
819 0.111127 -0.79151 0.0101157
820 0.108988 -0.791623 0.0475316
821 0.0990353 -0.79281 0.0828394
822 0.082128 -0.792974 0.115488
823 0.0590067 -0.790267 0.144329
824 0.029854 -0.785575 0.168352
825 -0.00302925 -0.78203 0.186521
826 -0.0390395 -0.778961 0.198442
827 -0.0767873 -0.77708 0.20316
828 -0.114756 -0.775566 0.200885
829 -0.151554 -0.775184 0.191421
830 -0.186433 -0.775054 0.17517
831 -0.216537 -0.77283 0.152921
832 -0.241555 -0.770889 0.125485
833 -0.260475 -0.768897 0.0935394
834 -0.272628 -0.767234 0.0584464
835 -0.277908 -0.766006 0.0217191
836 -0.275198 -0.766299 -0.0151853
837 -0.265152 -0.767398 -0.0507869
838 -0.309998 -0.84966 -0.0906299
839 -0.128176 -0.855985 0.253807
840 0.158633 -0.880843 -0.00957824
841 -0.169804 -0.866046 -0.207462
842 -0.302949 -0.853076 0.132628
843 0.110685 -0.880569 0.163654
844 0.0263723 -0.875846 -0.194559
845 -0.0581017 -0.856759 0.257624
846 -0.334814 -0.846687 0.0037585
847 0.125572 -0.879312 -0.104717
848 -0.231597 -0.858703 -0.1759
849 -0.236374 -0.858932 0.209751
850 0.156335 -0.881993 0.0587807
851 -0.070167 -0.875117 -0.221419
852 0.0378808 -0.864459 0.228719
853 -0.255279 0.517038 0.127373
854 0.169553 0.498122 -0.0776913
855 0.150831 0.518377 0.0738143
856 -0.303604 0.504808 0.046897
857 -0.232314 0.488426 -0.203626
858 -0.31549 0.494943 -0.0426055
859 0.0429802 0.491472 -0.236945
860 -0.10176 0.489998 -0.26122
861 0.143742 0.495579 -0.142536
862 0.0958572 -0.268255 -0.247722
863 0.14351 -0.267991 -0.212022
864 0.182999 -0.267168 -0.167978
865 0.212598 -0.266085 -0.117349
866 0.231639 -0.264889 -0.0623144
867 0.239169 -0.2632 -0.00467884
868 0.235128 -0.261602 0.053086
869 0.219385 -0.259351 0.109113
870 0.192603 -0.256791 0.161146
871 0.15594 -0.254947 0.207237
872 0.110546 -0.253216 0.245604
873 0.0582791 -0.25151 0.27472
874 0.00113661 -0.250036 0.29347
875 -0.0586861 -0.248791 0.3011
876 -0.118883 -0.247809 0.297351
877 -0.177145 -0.247156 0.282369
878 -0.231236 -0.246886 0.256695
879 -0.279063 -0.246733 0.221278
880 -0.318806 -0.246477 0.17732
881 -0.348829 -0.247526 0.126879
882 -0.368093 -0.248832 0.0715783
883 -0.375762 -0.250533 0.013664
884 -0.371602 -0.253171 -0.0446638
885 -0.355766 -0.255889 -0.101132
886 -0.328682 -0.258129 -0.153814
887 -0.291672 -0.260411 -0.200073
888 -0.246076 -0.262449 -0.238426
889 -0.193626 -0.264164 -0.26738
890 -0.136375 -0.265721 -0.285969
891 -0.0765043 -0.267017 -0.29343
892 -0.0163043 -0.267794 -0.289201
893 0.0418918 -0.268311 -0.273811
894 0.0333531 -0.614995 -0.264939
895 0.0872628 -0.616744 -0.238925
896 0.134862 -0.618089 -0.203242
897 0.174327 -0.618822 -0.159178
898 0.203758 -0.618977 -0.10916
899 0.222925 -0.618377 -0.0544279
900 0.230596 -0.616945 0.00290122
901 0.226413 -0.615282 0.0604258
902 0.210707 -0.61424 0.116103
903 0.18404 -0.610934 0.167816
904 0.147467 -0.607639 0.213271
905 0.10213 -0.604732 0.251765
906 0.049887 -0.602042 0.280826
907 -0.00720968 -0.599279 0.299595
908 -0.0670082 -0.59746 0.307205
909 -0.127176 -0.595683 0.303456
910 -0.185413 -0.594242 0.288484
911 -0.239455 -0.593046 0.262713
912 -0.287287 -0.59278 0.22747
913 -0.326675 -0.592775 0.184548
914 -0.356773 -0.592411 0.134376
915 -0.376091 -0.591822 0.0794328
916 -0.383892 -0.591254 0.0214776
917 -0.379688 -0.59307 -0.03674
918 -0.36381 -0.594978 -0.0930574
919 -0.336872 -0.597501 -0.145496
920 -0.299933 -0.600496 -0.191568
921 -0.254374 -0.60324 -0.229739
922 -0.201967 -0.605571 -0.258624
923 -0.144757 -0.608072 -0.277099
924 -0.0849293 -0.610536 -0.284417
925 -0.0247885 -0.612926 -0.280304
926 -0.0776067 0.408743 -0.32039
927 -0.137501 0.407685 -0.312969
928 -0.194766 0.406984 -0.294284
929 -0.247228 0.406407 -0.265175
930 -0.292807 0.405882 -0.226563
931 -0.329823 0.406014 -0.180158
932 -0.356213 0.408534 -0.127725
933 -0.372017 0.411323 -0.0711478
934 -0.376063 0.414858 -0.0127558
935 -0.36857 0.421472 0.0445921
936 -0.349293 0.427718 0.0997072
937 -0.319226 0.433611 0.150104
938 -0.280201 0.441674 0.193077
939 -0.232474 0.447231 0.228143
940 -0.178509 0.45221 0.253443
941 -0.120343 0.455092 0.268098
942 -0.0601981 0.457045 0.271741
943 -0.000433523 0.457659 0.263957
944 0.05672 0.456863 0.245686
945 0.109095 0.454322 0.217258
946 0.154625 0.450534 0.179497
947 0.191613 0.444393 0.133706
948 0.218576 0.435462 0.0825747
949 0.234427 0.428186 0.0264504
950 0.238669 0.421018 -0.0312225
951 0.231079 0.417122 -0.0894292
952 0.211849 0.414484 -0.144711
953 0.182253 0.411149 -0.194989
954 0.142658 0.41052 -0.239179
955 0.0949068 0.409541 -0.275046
956 0.0408484 0.409808 -0.300968
957 -0.0173826 0.409391 -0.316335
958 -0.0409876 -0.641147 0.246565
959 -0.0567398 -0.0737463 0.297185
960 -0.116943 -0.0735152 0.293497
961 -0.17521 -0.0735113 0.278513
962 -0.229308 -0.0737604 0.25279
963 -0.277138 -0.0743846 0.217308
964 -0.316965 -0.0756216 0.173671
965 -0.347108 -0.0772701 0.12313
966 -0.366471 -0.0787636 0.0675906
967 -0.374233 -0.0815786 0.00907617
968 -0.370121 -0.0847685 -0.0494445
969 -0.35434 -0.0875356 -0.10605
970 -0.327273 -0.0900314 -0.158967
971 -0.290239 -0.0916862 -0.205279
972 -0.244604 -0.0931238 -0.243712
973 -0.192137 -0.0943307 -0.272798
974 -0.13485 -0.095225 -0.291394
975 -0.0749388 -0.0955709 -0.298783
976 -0.0147122 -0.0953629 -0.294796
977 0.0435011 -0.0952604 -0.279298
978 0.0974752 -0.0947431 -0.25315
979 0.14514 -0.093756 -0.217288
980 0.184631 -0.0928207 -0.173208
981 0.214568 -0.0910608 -0.122585
982 0.233729 -0.0887979 -0.0673088
983 0.241374 -0.0866729 -0.00952547
984 0.237261 -0.0841889 0.0484645
985 0.221547 -0.0818232 0.104723
986 0.194769 -0.0800497 0.156836
987 0.157959 -0.0776628 0.203106
988 0.112545 -0.0762206 0.241537
989 0.0602558 -0.0750991 0.270741
990 0.00309395 -0.0743048 0.289478
991 -0.0921448 -0.651934 0.249611
992 -0.32361 -0.628419 0.0434623
993 -0.312192 0.365931 0.0121242
994 -0.378914 -0.420557 0.0175874
995 -0.374704 -0.422124 -0.0404972
996 -0.358848 -0.424644 -0.0969172
997 -0.331927 -0.42725 -0.149358
998 -0.294923 -0.429385 -0.195548
999 -0.24933 -0.431646 -0.233884
1000 -0.19691 -0.433847 -0.262831
1001 -0.139662 -0.435753 -0.28128
1002 -0.0797933 -0.437259 -0.288559
1003 -0.0196144 -0.438582 -0.284426
1004 0.0385565 -0.439584 -0.26901
1005 0.0924987 -0.440085 -0.243049
1006 0.140131 -0.440294 -0.207469
1007 0.179617 -0.440049 -0.163706
1008 0.209052 -0.439301 -0.113269
1009 0.228082 -0.438386 -0.0582537
1010 0.235585 -0.437503 -0.000757925
1011 0.231343 -0.436115 0.0566874
1012 0.215594 -0.434149 0.112661
1013 0.188815 -0.431691 0.16466
1014 0.152397 -0.428882 0.210526
1015 0.107019 -0.426728 0.248816
1016 0.0547594 -0.424742 0.277987
1017 -0.00237671 -0.423111 0.296763
1018 -0.0621976 -0.421649 0.304378
1019 -0.122394 -0.420413 0.30063
1020 -0.180651 -0.419496 0.285655
1021 -0.234726 -0.418901 0.260001
1022 -0.28254 -0.418647 0.224586
1023 -0.321985 -0.418916 0.181037
1024 -0.352017 -0.418671 0.130675
1025 -0.37124 -0.418985 0.0755103
1026 0.140328 0.370658 -0.143458
1027 -0.209056 -0.777332 -0.255386
1028 -0.261493 -0.77466 -0.226694
1029 -0.30701 -0.770969 -0.18841
1030 -0.343968 -0.767729 -0.142142
1031 -0.37111 -0.763643 -0.0900169
1032 -0.386987 -0.761567 -0.0334679
1033 -0.391269 -0.760794 0.0248642
1034 -0.383036 -0.762866 0.0835794
1035 -0.363776 -0.765346 0.138799
1036 -0.333756 -0.767647 0.189127
1037 -0.293264 -0.766437 0.232391
1038 -0.245419 -0.765703 0.267899
1039 -0.191319 -0.764743 0.293835
1040 -0.133056 -0.765227 0.308807
1041 -0.0728316 -0.766469 0.312638
1042 -0.0130347 -0.769304 0.304949
1043 0.0440134 -0.773312 0.286161
1044 0.0961821 -0.776929 0.256488
1045 0.141295 -0.78379 0.218318
1046 0.178375 -0.790558 0.172515
1047 0.204921 -0.796187 0.121008
1048 0.220743 -0.794431 0.0650611
1049 0.224449 -0.794445 0.00678013
1050 0.216632 -0.796515 -0.0508468
1051 0.197655 -0.794581 -0.105345
1052 0.167065 -0.793235 -0.156462
1053 0.127602 -0.791952 -0.200286
1054 0.0799895 -0.790415 -0.235796
1055 0.0260735 -0.78892 -0.261587
1056 -0.0320124 -0.786506 -0.276716
1057 -0.0920985 -0.783739 -0.280772
1058 -0.151881 -0.78078 -0.273699
1059 -0.260223 -0.127577 -0.14648
1060 -0.070698 -0.47089 0.245184
1061 -0.100333 -0.764881 0.251988
1062 -0.294335 -0.79829 0.145023
1063 -0.292329 -0.630882 0.132601
1064 0.0183354 -0.391824 -0.213884
1065 -0.327058 -0.849201 0.0695207
1066 -0.0571713 0.407638 0.217527
1067 -0.3232 -0.465824 0.00553713
1068 -0.271576 -0.312088 -0.126799
1069 0.172494 -0.479008 0.0288322
1070 -0.355209 0.243878 -0.119399
1071 -0.32806 0.241596 -0.172889
1072 -0.291064 0.240374 -0.21938
1073 -0.245487 0.239391 -0.257986
1074 -0.193057 0.238692 -0.287155
1075 -0.135797 0.238746 -0.305802
1076 -0.0758977 0.239009 -0.313197
1077 -0.0156756 0.239744 -0.309212
1078 0.0425471 0.240915 -0.293947
1079 0.0965649 0.242209 -0.267833
1080 0.144305 0.243898 -0.232055
1081 0.183908 0.245916 -0.187809
1082 0.214308 0.24929 -0.136494
1083 0.233481 0.252852 -0.0808128
1084 0.241035 0.256731 -0.0225695
1085 0.237034 0.261399 0.0366173
1086 0.221204 0.26576 0.0931573
1087 0.194363 0.269353 0.145503
1088 0.15747 0.273096 0.191509
1089 0.111965 0.275549 0.229462
1090 0.0596465 0.276836 0.258487
1091 0.00248388 0.277418 0.27708
1092 -0.0573215 0.277221 0.284646
1093 -0.117482 0.276407 0.28098
1094 -0.175699 0.274657 0.266014
1095 -0.229718 0.272449 0.240362
1096 -0.277484 0.269041 0.205066
1097 -0.317674 0.265247 0.160453
1098 -0.347774 0.260578 0.110101
1099 -0.36707 0.255608 0.054632
1100 -0.375019 0.250533 -0.00405949
1101 -0.370966 0.246761 -0.0626449
1102 0.154985 -0.122865 0.106741
1103 -0.266278 -0.285042 0.147298
1104 0.179834 -0.126008 -0.00784867
1105 -0.18982 -0.401207 -0.201125
1106 -0.118641 -0.389166 -0.225328
1107 -0.0198103 0.214154 0.223805
1108 0.145183 0.0742867 -0.223568
1109 0.184705 0.0765152 -0.179418
1110 0.21502 0.0789051 -0.12849
1111 0.234184 0.0819346 -0.0731813
1112 0.241823 0.0851726 -0.0152644
1113 0.237916 0.0880209 0.0432104
1114 0.222208 0.090654 0.0994757
1115 0.195416 0.0931828 0.151734
1116 0.158539 0.0953087 0.198189
1117 0.11312 0.0967406 0.23656
1118 0.0608287 0.0979451 0.2657
1119 0.00366955 0.098697 0.284451
1120 -0.0561562 0.0990669 0.292208
1121 -0.116363 0.0988884 0.28844
1122 -0.174635 0.0982536 0.273456
1123 -0.228729 0.0974084 0.247738
1124 -0.276569 0.0960194 0.212291
1125 -0.316865 0.0938173 0.168336
1126 -0.347 0.0909093 0.117738
1127 -0.366336 0.0875975 0.0622066
1128 -0.374297 0.0832998 0.00352876
1129 -0.370209 0.0799876 -0.055205
1130 -0.35444 0.0773061 -0.111994
1131 -0.327278 0.0752559 -0.165054
1132 -0.290261 0.0733295 -0.211594
1133 -0.244626 0.0720976 -0.250111
1134 -0.192151 0.0711044 -0.279241
1135 -0.13485 0.0705316 -0.297786
1136 -0.0749364 0.0703475 -0.305197
1137 -0.0147055 0.070586 -0.301065
1138 0.0435276 0.0713472 -0.285606
1139 0.0975131 0.0725153 -0.259434
1140 -0.171519 0.279338 -0.23307
1141 0.156368 -0.661915 -0.0638704
1142 0.10291 -0.814799 0.170152
1143 -0.0780985 -0.565709 0.247471
1144 0.169267 0.0390353 -0.0816628
1145 0.157436 0.0501753 0.0978414
1146 -0.12764 -0.481626 -0.222213
1147 -0.219157 0.524535 0.159372
1148 0.169315 0.123865 -0.0845315
1149 0.0973935 0.145903 0.17406
1150 -0.292974 0.112836 -0.0994149
1151 0.139507 -0.752114 0.119082
1152 0.1182 -0.302794 -0.151027
1153 -0.288091 -0.151518 -0.102066
1154 -0.283073 -0.205051 0.122435
1155 0.179335 0.0996806 0.0585832
1156 0.173273 -0.410783 -0.0232382
1157 -0.17935 -0.472868 0.223484
1158 -0.290111 0.489797 -0.132301
1159 0.1547 -0.211682 0.108824
1160 0.149944 -0.042395 -0.1169
1161 0.0740823 -0.203904 0.198148
1162 -0.110365 -0.647764 -0.223918
1163 0.10379 -0.751642 -0.142951
1164 -0.264112 0.361838 -0.166982
1165 0.116115 -0.484512 -0.144743
1166 0.0439332 0.114613 -0.224127
1167 -0.294321 -0.718679 0.135216
1168 0.158251 -0.750371 -0.0352469
1169 -0.17134 -0.0350574 0.215725
1170 0.174204 -0.0291431 -0.044633
1171 -0.177657 -0.732511 0.230361
1172 -0.183611 -0.550479 0.222482
1173 -0.03402 -0.115381 0.239325
1174 0.0955245 -0.117694 0.182824
1175 0.168151 -0.666789 0.0282597
1176 -0.205254 -0.214655 0.200005
1177 -0.308458 -0.558966 0.0873962
1178 -0.288339 -0.383707 -0.101153
1179 0.0429115 -0.0478268 -0.21165
1180 0.118298 -0.212147 -0.15486
1181 -0.30601 -0.184384 0.0785744
1182 0.0764896 -0.873459 0.199961
1183 0.0726066 -0.0330829 0.194332
1184 0.125938 -0.054774 0.146818
1185 -0.311931 -0.54464 -0.0500325
1186 0.179586 -0.216777 0.0147471
1187 -0.0954227 0.540645 0.216922
1188 -0.0660743 0.309469 0.222441
1189 0.162545 -0.39326 -0.0674392
1190 -0.288498 0.428058 -0.126883
1191 0.136036 -0.887213 0.121191
1192 -0.245635 -0.221581 -0.159982
1193 -0.300413 0.303383 0.0700838
1194 -0.14514 0.110954 -0.236666
1195 -0.00649888 -0.859484 0.248223
1196 0.0666476 -0.507714 -0.185288
1197 0.151408 -0.384599 0.111074
1198 -0.196088 -0.390014 0.209995
1199 -0.314643 0.292758 -0.0316392
1200 -0.205413 -0.465026 0.145825
1201 -0.110121 -0.0444443 -0.234669
1202 -0.27939 -0.561152 -0.119212
1203 0.0139252 -0.480628 -0.213545
1204 0.0481259 -0.553565 0.21096
1205 0.180074 0.0849119 -0.0371822
1206 -0.145777 0.0292079 -0.23272
1207 -0.00525401 0.491275 -0.254528
1208 -0.331969 -0.768984 0.0381536
1209 -0.215302 0.210017 -0.200902
1210 -0.28937 -0.251321 -0.103674
1211 -0.211059 -0.109565 0.190577
1212 -0.283206 -0.471555 -0.110112
1213 0.0685168 0.0420668 -0.205314
1214 0.00803087 -0.091242 0.227864
1215 -0.104779 -0.565109 -0.227014
1216 -0.140992 -0.583296 0.247388
1217 -0.126287 0.237722 0.21762
1218 -0.281157 -0.0313711 0.118033
1219 -0.0819556 0.0529185 0.234744
1220 -0.0575555 -0.67448 -0.223357
1221 -0.28208 -0.852473 -0.132137
1222 0.108993 -0.661219 -0.143343
1223 0.0792466 -0.239347 -0.18818
1224 -0.272544 -0.792947 -0.135325
1225 0.149192 -0.569186 0.117559
1226 -0.302713 0.125405 0.055289
1227 -0.226943 0.429618 -0.204627
1228 -0.235906 -0.72264 -0.166256
1229 0.153046 -0.479158 -0.0803689
1230 -0.325335 -0.707245 0.0128377
1231 -0.0377558 0.0138363 -0.241466
1232 0.156275 0.142504 0.0998447
1233 0.138015 0.393663 0.118969
1234 -0.312824 -0.0369109 0.00325039
1235 -0.310418 0.176625 -0.0730886
1236 -0.30206 -0.0982301 0.0742567
1237 -0.249221 0.0431608 0.153005
1238 0.136612 -0.654596 0.121521
1239 -0.127493 -0.219976 -0.227453
1240 -0.000120906 -0.14094 -0.229259
1241 0.175869 0.503103 -0.0117154
1242 -0.319276 -0.535005 0.0281822
1243 -0.302931 -0.720324 -0.0916766
1244 -0.0342835 -0.227497 -0.232048
1245 -0.305085 -0.220356 -0.0594122
1246 0.0616046 -0.810355 -0.174513
1247 -0.174107 -0.681628 -0.207085
1248 -0.0533895 0.490706 -0.262068
1249 -0.311604 0.0483246 0.0287971
1250 0.17613 0.385125 -0.0240336
1251 0.0339033 -0.656367 0.219257
1252 -0.289472 0.378522 0.0833921
1253 -0.313295 -0.212228 0.0329447
1254 0.161381 -0.790359 0.0430937
1255 0.0757219 -0.293851 0.196265
1256 -0.167086 0.530358 0.187091
1257 0.0751021 -0.472221 0.196468
1258 -0.0514457 -0.207719 0.239342
1259 -0.173326 -0.146931 0.220907
1260 -0.163187 0.298702 0.203818
1261 0.078063 -0.419895 -0.183202
1262 0.171527 -0.21261 -0.0535814
1263 -0.0561613 -0.769518 -0.220505
1264 -0.233175 0.0221428 -0.177387
1265 -0.303157 -0.3233 -0.0473488
1266 0.0952301 -0.605211 0.180231
1267 -0.2629 -0.0423741 -0.147751
1268 0.164846 0.306332 -0.0945363
1269 0.174077 -0.307748 -0.0137176
1270 0.171599 -0.624918 0.0787499
1271 -0.0559389 -0.386289 0.242797
1272 -0.301211 0.213519 0.0664272
1273 0.0572465 0.212978 0.197154
1274 -0.235727 -0.558331 -0.169682
1275 -0.245833 -0.637208 -0.157427
1276 0.173183 -0.0199837 0.0604896
1277 -0.0756726 -0.039535 0.232067
1278 -0.131406 0.365086 0.213239
1279 -0.324543 -0.779761 0.0986717
1280 0.123114 0.212183 0.14013
1281 -0.307125 0.492433 -0.0887788
1282 -0.00052564 -0.586472 0.240371
1283 -0.192387 -0.262725 -0.200575
1284 0.155186 -0.0373476 0.104363
1285 0.127907 -0.142426 0.148957
1286 0.158584 -0.172579 0.0548381
1287 0.150942 -0.710199 0.0715401
1288 -0.301433 0.442319 0.0575279
1289 -0.310903 0.0327872 -0.0625161
1290 0.123698 -0.40591 0.152795
1291 0.151358 -0.240364 -0.103378
1292 -0.166815 0.371474 -0.238851
1293 -0.0123655 -0.653074 -0.216724
1294 0.00953671 -0.238713 0.2216
1295 0.15396 -0.29837 0.110276
1296 0.038072 -0.218299 -0.21362
1297 -0.0220374 -0.876971 -0.213031
1298 -0.237352 -0.46828 -0.167044
1299 -0.291172 0.33088 -0.125782
1300 -0.304348 -0.456328 0.0703947
1301 -0.0649056 0.195156 -0.250416
1302 -0.0506871 0.373687 -0.260411
1303 0.139419 -0.577637 -0.098906
1304 -0.313462 -0.298055 0.033212
1305 -0.260284 0.272952 -0.159469
1306 -0.315082 -0.382498 0.0175405
1307 0.154221 0.453173 0.0760412
1308 -0.256663 -0.374373 0.163127
1309 -0.134172 0.478219 0.201399
1310 -0.142682 0.196992 -0.238701
1311 0.171001 -0.5738 0.0265947
1312 0.126538 0.290965 -0.161768
1313 0.181238 0.135689 0.00878318
1314 -0.0981603 -0.033648 0.184196
1315 0.170341 -0.334754 0.0550603
1316 0.00517949 -0.478718 0.233541
1317 -0.179459 -0.294541 0.223938
1318 -0.219856 -0.481806 0.195507
1319 0.0555388 0.40363 0.186981
1320 -0.252567 -0.0496261 0.157098
1321 0.0558531 0.316587 0.193284
1322 -0.106929 0.531836 0.184605
1323 0.0394597 -0.415326 0.221944
1324 -0.0784247 -0.135964 -0.236809
1325 0.107566 -0.699212 0.166873
1326 0.121035 -0.802697 -0.0971014
1327 0.179575 -0.0972043 0.0616374
1328 -0.299476 -0.632997 -0.0846138
1329 0.115232 -0.518497 0.159749
1330 0.121328 0.200817 -0.169948
1331 -0.118802 0.131576 0.220793
1332 -0.110324 -0.298974 -0.228687
1333 0.130155 0.120607 0.140096
1334 0.165399 -0.642375 -0.0225331
1335 0.0924736 0.0576898 0.177739
1336 -0.316106 0.176527 0.0210278
1337 0.020994 0.477213 0.194167
1338 0.0627945 -0.735891 0.201562
1339 0.018279 -0.173797 0.23933
1340 -0.0618065 -0.292382 0.242003
1341 -0.281244 0.257571 0.110171
1342 0.179363 -0.0436905 0.0148874
1343 -0.319121 -0.680773 -0.0477529
1344 0.0830272 -0.588669 -0.168814
1345 -0.199672 -0.777229 -0.193891
1346 -0.0317658 0.00496381 0.234715
1347 0.172139 0.0430162 0.0208831
1348 -0.22404 0.323037 -0.202389
1349 0.119504 0.111062 -0.166951
1350 0.174558 -0.39192 0.0228456
1351 0.0608363 0.109819 0.205884
1352 -0.0994239 0.140519 -0.251594
1353 -0.251545 0.228026 0.147083
1354 0.0182742 -0.303631 -0.217267
1355 -0.184066 0.408887 0.18906
1356 0.141632 -0.69317 -0.106072
1357 -0.00539633 0.433589 -0.248275
1358 -0.0452937 0.12141 0.230839
1359 -0.265559 -0.551429 0.167435
1360 -0.131982 -0.234025 0.231498
1361 -0.172883 0.0562353 0.207875
1362 -0.159631 -0.325882 -0.216248
1363 -0.300802 -0.0835234 -0.0718202
1364 -0.128118 -0.746108 -0.215154
1365 -0.313791 0.210254 -0.0283936
1366 -0.134676 0.0516497 0.172225
1367 -0.0348058 -0.0791952 -0.240804
1368 0.0434679 0.287806 -0.23124
1369 -0.366511 -0.120254 0.0685787
1370 -0.149356 0.489332 -0.250406
1371 -0.253885 0.439489 0.137147
1372 -0.265306 0.48865 -0.16989
1373 -0.186982 -0.0405862 -0.209213
1374 -0.228373 -0.78307 0.212135
1375 -0.328116 -0.846456 -0.0458495
1376 -0.287413 0.19998 -0.117292
1377 -0.0209626 -0.735964 0.242638
1378 -0.264345 -0.406517 -0.145067
1379 -0.319781 -0.786564 -0.0520694
1380 -0.324914 -0.549282 0.183493
1381 0.155697 -0.47874 0.096612
1382 0.070854 -0.702722 -0.175162
1383 0.127105 0.523983 0.102495
1384 -0.229075 0.113971 -0.189762
1385 0.0318645 -0.657591 -0.199162
1386 -0.238829 0.136703 0.1623
1387 -0.127779 0.0347912 0.221851
1388 -0.100358 0.387135 -0.258113
1389 -0.308249 0.364537 -0.0644774
1390 0.100882 0.257508 0.173181
1391 0.00756837 -0.747036 -0.204299
1392 0.0683986 -0.14579 -0.199255
1393 -0.314032 -0.119884 0.0212415
1394 -0.300218 0.271359 -0.0887428
1395 -0.268396 0.0621874 -0.156361
1396 -0.201718 -0.143279 -0.196775
1397 0.142812 -0.143163 -0.113544
1398 0.128029 0.0324759 0.143896
1399 -0.283427 0.510581 0.0894968
1400 -0.199469 0.050028 0.133468
1401 -0.311837 -0.169634 -0.0252207
1402 0.14853 0.0513381 -0.125024
1403 -0.215022 0.0658352 0.183252
1404 0.0934373 0.347481 -0.199731
1405 0.116634 -0.390634 -0.148885
1406 -0.217111 0.311653 0.17291
1407 0.0846635 0.134163 -0.200019
1408 -0.285287 0.063722 0.103721
1409 -0.126229 -0.345716 0.242161
1410 0.165129 0.41503 -0.0958622
1411 0.0812305 -0.37588 0.193025
1412 -0.280485 0.151007 0.111914
1413 -0.322964 -0.601972 -0.0105454
1414 0.0920954 0.367242 0.157237
1415 0.178396 0.286494 -0.0435757
1416 0.188331 -0.259497 0.0620842
1417 0.00608665 0.390847 0.208999
1418 -0.316708 -0.435494 -0.0535426
1419 0.0100521 -0.571636 -0.210275
1420 0.0999621 0.470469 0.145697
1421 -0.209468 0.229169 0.180408
1422 -0.0489791 -0.326903 -0.232262
1423 -0.275884 -0.683075 -0.131372
1424 -0.0566361 -0.586967 -0.226194
1425 -0.313115 0.1162 -0.0233728
1426 -0.082022 0.288343 -0.253814
1427 0.113177 -0.0930721 -0.16394
1428 -0.146556 -0.105981 -0.23227
1429 -0.188081 -0.633179 0.223415
1430 -0.315205 0.437074 -0.0311409
1431 -0.0486295 0.106945 -0.248132
1432 0.113387 0.411584 -0.178475
1433 0.0361935 -0.789499 0.225013
1434 0.178416 0.304918 0.00455771
1435 0.0983804 0.492776 -0.19776
1436 -0.300552 -0.274089 0.0862022
1437 -0.257528 0.169311 -0.153712
1438 0.111451 0.016056 -0.168259
1439 0.169718 0.289216 0.0510037
1440 -0.370171 0.0389464 -0.0536686
1441 0.00582124 0.0454245 -0.234368
1442 0.13806 0.307614 0.11441
1443 0.161184 0.372007 0.0578935
1444 0.12118 -0.231587 0.151849
1445 0.0175782 -0.336614 0.22765
1446 -0.297562 -0.360276 0.0950069
1447 -0.28488 -0.398117 0.126713
1448 0.165112 -0.406071 0.0670503
1449 -0.0890538 0.480604 0.211901
1450 -0.199945 -0.604619 -0.19533
1451 -0.0871505 -0.145965 0.243879
1452 -0.226806 -0.573836 0.20163
1453 -0.311271 -0.676226 0.0818715
1454 0.17184 -0.0989452 -0.0758979
1455 -0.23066 -0.345867 -0.174569
1456 -0.142112 -0.653899 0.241935
1457 0.167414 0.510735 0.0328398
1458 -0.248391 -0.650739 0.182183
1459 0.151484 0.241134 -0.13477
1460 -0.178008 -0.29021 0.28323
1461 0.0436521 0.196645 -0.226963
1462 0.0248511 0.0503563 0.213016
1463 -0.286287 -0.483276 0.12787
1464 -0.253528 -0.16306 0.159939
1465 0.180225 0.197352 -0.0413016
1466 -0.119082 -0.872124 -0.219495
1467 -0.102068 0.484091 0.157036
1468 -0.195098 -0.500824 -0.202865
1469 -0.300757 0.00131782 0.070381
1470 -0.313688 0.499712 0.00356435
1471 -0.189764 0.0493455 -0.21404
1472 0.164646 -0.553873 0.071776
1473 -0.286414 0.00187263 -0.113688
1474 -0.216322 -0.0166008 0.185238
1475 -0.121149 0.500612 0.263053
1476 -0.25272 -0.456034 0.165178
1477 0.00796457 0.27853 0.213784
1478 -0.273557 -0.860956 0.174432
1479 -0.060999 0.502804 0.267129
1480 -0.190364 0.147968 -0.221904
1481 -0.0542902 -0.509089 -0.231696
1482 -0.280495 -0.121289 0.120172
1483 0.169193 -0.527566 -0.0293491
1484 -0.080579 0.194274 0.234778
1485 -0.175049 -0.0306306 0.277274
1486 -0.133182 -0.0543651 0.234553
1487 0.156031 0.230126 0.0952701
1488 -0.13364 -0.449027 0.237836
1489 -0.320194 0.038607 -0.021487
1490 0.016184 -0.0293264 0.224134
1491 0.152356 -0.32175 -0.09695
1492 -0.294356 -0.555384 0.135104
1493 -0.192603 -0.858481 0.234385
1494 -0.224941 -0.317411 0.198125
1495 0.0517463 0.38334 -0.22694
1496 0.013293 0.139716 0.218582
1497 0.0824138 -0.876148 -0.155486
1498 0.168698 0.21617 -0.0884737
1499 -0.193044 0.488946 -0.230559
1500 -0.313192 0.278001 0.0165191
1501 -0.130694 -0.13529 0.232846
1502 0.147452 -0.88606 -0.0589121
1503 0.0743515 -0.328113 -0.183932
1504 0.124903 -0.31653 0.152149
1505 -0.00553433 0.349772 -0.25102
1506 -0.231862 -0.0691845 -0.183004
1507 -0.182893 0.175829 0.2017
1508 -0.225797 0.385542 0.158093
1509 0.212139 -0.569415 0.11521
1510 -0.0380238 0.48715 0.214574
1511 -0.2577 0.323185 0.129434
1512 -0.133997 -0.526868 0.231644
1513 -0.0536531 -0.42145 -0.22536
1514 -0.028019 -0.531206 0.244764
1515 0.085661 0.244472 -0.204639
1516 0.147453 -0.421472 -0.113149
1517 0.176943 0.225315 0.00565708
1518 -0.313627 -0.271958 -0.0204351
1519 -0.0976994 0.0455373 -0.243892
1520 -0.254917 -0.73621 0.179137
1521 -0.00163601 0.132463 -0.241016
1522 0.125796 0.215966 0.0206882
1523 -0.00758031 0.242532 -0.245118
1524 0.148802 0.139769 -0.128823
1525 0.17159 0.203126 0.0516513
1526 0.0600972 -0.118331 0.271861
1527 0.0557095 -0.11543 0.21557
1528 -0.200243 -0.562889 -0.259616
1529 -0.156563 -0.572302 -0.219454
