4000 initial (-0.393002719,0.00168824475,0.00171228591)
Vega   [-0.42218731 -0.07374573  0.00296404]
Local [-0.44690623 -0.13376239  0.00160334]
OP     [-0.4597353  -0.15113094  0.00228635]


8000 initial -0.394842535 0.00158094580 -0.00101549644
Vega [-4.21460595e-01 -8.76529765e-02  2.31570282e-04]
Local [-4.48131512e-01 -1.45992500e-01 -3.18762460e-05]
OP [-4.60249757e-01 -1.59297068e-01 -3.51579818e-04]


14000 initial -0.397954106 0.00144972443 -6.24553213e-05
Vega [-4.13121626e-01 -9.70109797e-02 -3.42784294e-04]
Local [-4.57104828e-01 -1.81535308e-01 -1.09379740e-04]
OP [-0.4882302  -0.19920021 -0.00077741]