1 -0.0844629 0.556117 0.30904
2 0.0323968 -0.541994 0.291018
3 0.0856356 -0.542758 0.262194
4 0.0917109 0.55291 0.254627
5 0.134895 -0.543399 0.223442
6 0.140144 0.551839 0.215679
7 0.176177 -0.543891 0.176396
8 0.212505 0.549978 0.114807
9 0.231518 0.549156 0.0565309
10 0.238092 0.548642 -0.00394896
11 0.180653 0.547578 -0.176356
12 0.177439 -0.546798 -0.168563
13 0.13923 0.54766 -0.223484
14 0.0895257 0.548056 -0.262153
15 0.0880242 -0.546713 -0.254915
16 0.0347233 0.548196 -0.291108
17 0.034651 -0.547115 -0.284129
18 -0.0232388 -0.547206 -0.302596
19 -0.203998 0.548194 -0.289897
20 -0.203013 -0.546944 -0.285503
21 -0.258192 0.548235 -0.260605
22 -0.307521 0.548192 -0.221778
23 -0.305022 -0.547119 -0.217711
24 -0.348748 0.548135 -0.174575
25 -0.376784 -0.546942 -0.116905
26 -0.396016 -0.546767 -0.0586623
27 -0.399084 0.548123 -0.0626135
28 -0.405549 0.548323 -0.00205772
29 -0.402748 -0.546505 0.0018969
30 -0.396165 -0.546311 0.0623745
31 -0.380094 0.548874 0.116669
32 -0.349397 0.549365 0.17038
33 -0.26113 0.550913 0.256012
34 -0.148762 0.554531 0.302888
35 0.227616 -0.545834 -0.0565219
36 -0.376834 -0.546069 0.120659
37 -0.34558 -0.545705 0.174388
38 0.0500708 -0.54319 0.142543
39 -0.0835042 -0.540689 0.315075
40 -0.142201 -0.542069 0.308327
41 -0.256343 -0.547013 -0.256512
42 0.207718 -0.5445 0.122759
43 0.0927664 -0.543912 0.0787997
44 -0.0256722 -0.541366 0.308968
45 0.2087 -0.546437 -0.114822
46 -0.30368 -0.545295 0.221505
47 -0.254018 -0.544711 0.260367
48 0.227696 -0.544956 0.0645472
49 -0.345745 -0.547007 -0.170618
50 -0.220784 -0.546379 -0.137
51 -0.198713 -0.543727 0.289741
52 0.234469 -0.545307 0.00406859
53 -0.144642 -0.547099 -0.303258
54 -0.0836695 -0.547257 -0.309159
55 0.136864 -0.54672 -0.215915
56 0.0208958 -0.542653 0.167109
57 -0.191301 -0.546358 -0.161482
58 -0.244687 -0.546374 -0.107104
59 0.0519999 -0.545674 -0.135584
60 0.0222482 -0.546031 -0.160299
61 -0.0469966 -0.546344 -0.190536
62 -0.187426 -0.543806 0.165916
63 0.0746082 -0.543438 0.112755
64 0.104355 -0.544179 0.0420108
65 0.108365 -0.544568 0.00377468
66 -0.274193 -0.546125 -0.0363404
67 0.105215 -0.545057 -0.0345757
68 0.0939258 -0.545417 -0.0714446
69 0.0759516 -0.54564 -0.105474
70 -0.24249 -0.544952 0.111122
71 -0.0108045 -0.546219 -0.178893
72 -0.0827918 -0.541244 0.200339
73 -0.0122904 -0.542286 0.185309
74 -0.0841096 -0.546426 -0.194753
75 -0.121855 -0.546475 -0.191019
76 -0.262883 -0.54628 -0.0731412
77 -0.265474 0.548836 -0.0773295
78 -0.277218 0.548917 -0.0404988
79 0.108212 0.548959 -0.0420651
80 -0.277478 -0.54593 0.00193436
81 -0.28126 0.549016 -0.00224849
82 0.0963404 0.548696 -0.078886
83 0.0780317 0.548681 -0.112817
84 -0.273338 -0.545626 0.0402641
85 -0.261504 -0.545389 0.0770836
86 -0.277867 0.549314 0.0360387
87 -0.217388 -0.544531 0.141006
88 -0.248584 0.549991 0.10677
89 -0.224678 0.550454 0.136576
90 -0.0103885 0.549025 -0.185589
91 -0.0478272 -0.54191 0.196653
92 -0.045425 0.554925 0.190613
93 -0.0842752 0.54867 -0.200247
94 -0.153942 -0.543063 0.184546
95 0.0248482 0.553426 0.160194
96 -0.118428 -0.542024 0.196132
97 -0.125274 0.554416 0.191008
98 -0.157699 -0.5464 -0.179705
99 -0.121751 0.548664 -0.196172
100 -0.158487 0.548698 -0.184598
101 0.0550237 0.55212 0.135108
102 0.0790369 0.551359 0.105221
103 -0.192379 0.548729 -0.166031
104 0.10923 0.550073 0.0344483
105 0.0377494 0.554289 0.283971
106 -0.0214269 0.555237 0.302431
107 -0.308632 0.549955 0.217345
108 -0.195867 0.551768 0.161008
109 -0.161727 0.552975 0.179423
110 0.181283 0.550899 0.168472
111 -0.0087791 0.554247 0.178835
112 -0.207472 0.552504 0.284849
113 -0.0846479 0.555138 0.194789
114 0.0977528 0.550649 0.0712869
115 0.231902 0.548112 -0.0644983
116 0.112902 0.549366 -0.00377566
117 -0.399169 0.54848 0.0584482
118 -0.266638 0.549622 0.0728235
119 -0.246699 0.548805 -0.111294
120 -0.221831 0.548766 -0.141237
121 -0.379754 0.54804 -0.120898
122 0.212331 0.547759 -0.12277
123 -0.0240965 0.548314 -0.30902
124 -0.0847678 0.548091 -0.314853
125 0.0534276 0.548698 -0.142759
126 0.0237427 0.548988 -0.167308
127 -0.0464199 0.548894 -0.196691
128 -0.145527 0.548148 -0.308228
129 -0.148086 0.554214 0.267599
130 0.119142 0.551887 0.186386
131 -0.0316474 0.555118 0.233388
132 -0.0895159 0.555426 0.25088
133 0.0414877 0.553606 0.210127
134 -0.245613 0.00117087 -0.109156
135 -0.378162 0.000538826 -0.118867
136 -0.397454 0.00104904 0.0604889
137 -0.191121 0.00398397 0.163783
138 -0.203185 0.00427197 0.287757
139 -0.305975 0.00231823 0.219686
140 -0.378188 0.00134431 0.118778
141 -0.347354 0.00175695 0.172531
142 -0.257075 0.00302479 0.258556
143 -0.144609 0.00583324 0.305991
144 0.137028 0.00401617 0.21989
145 0.229507 0.00121613 -0.0603695
146 -0.0234552 0.000549296 -0.306052
147 -0.221494 0.00110685 -0.139032
148 -0.257684 0.000570309 -0.258636
149 -0.14534 0.000560685 -0.305934
150 -0.203781 0.000580538 -0.287772
151 -0.0844156 0.000597536 -0.31221
152 -0.30621 0.000515752 -0.219781
153 -0.347008 0.000570076 -0.172598
154 -0.191758 0.00107415 -0.163702
155 -0.158154 0.00108341 -0.182103
156 -0.121888 0.00110571 -0.193507
157 -0.0842369 0.00114482 -0.197468
158 -0.0467621 0.0011353 -0.193547
159 -0.0109314 0.00120142 -0.182172
160 0.0225176 0.00130105 -0.163771
161 0.0517713 0.00147257 -0.139063
162 0.0766951 0.00165867 -0.109094
163 0.0947384 0.00185957 -0.0750767
164 0.106415 0.00206802 -0.0382383
165 0.110168 0.00234656 5.54834e-05
166 0.106165 0.00286063 0.0384705
167 0.0947002 0.00330221 0.0752964
168 0.0760483 0.00379054 0.109268
169 0.0518373 0.00438184 0.139153
170 0.0222676 0.00514538 0.163924
171 -0.011079 0.00570248 0.182334
172 -0.047413 0.00618154 0.193752
173 -0.0838876 0.00656949 0.197692
174 -0.121369 0.00575609 0.193717
175 -0.157628 0.00485416 0.182278
176 0.137725 0.000576143 -0.219725
177 0.0345342 0.000588793 -0.28792
178 0.0887207 0.000718325 -0.258694
179 0.178915 0.000611203 -0.172424
180 0.210286 0.000900438 -0.118681
181 0.210006 0.00258734 0.11904
182 0.235923 0.00160444 0.000243061
183 0.229329 0.00202281 0.0607487
184 0.17854 0.00324289 0.17276
185 0.0342676 0.00579268 0.287896
186 -0.0841398 0.00713525 0.312358
187 -0.0240717 0.00658219 0.306025
188 0.0882106 0.00488754 0.258739
189 -0.2208 0.00298321 0.139001
190 -0.245009 0.00245828 0.109129
191 -0.263601 0.00210899 0.075146
192 -0.275175 0.00181596 0.0383198
193 -0.279188 0.00147623 -7.61594e-05
194 -0.275324 0.00134616 -0.0383528
195 -0.263807 0.00124956 -0.0751693
196 -0.40384 0.000838671 -5.86477e-06
197 -0.397306 0.000661872 -0.060593
198 -0.245526 0.274998 -0.110119
199 -0.378607 0.27423 -0.119806
200 -0.257604 0.274402 -0.259551
201 -0.0108316 0.275107 -0.18379
202 -0.0239353 0.274409 -0.307546
203 -0.145459 0.274278 -0.307102
204 -0.0846522 0.274292 -0.313574
205 -0.203982 0.274312 -0.288806
206 0.0886087 0.274181 -0.260435
207 0.110342 0.275938 -0.00172636
208 0.23007 0.275519 0.0588165
209 -0.0112501 0.279876 0.180738
210 0.0345072 0.279935 0.286067
211 0.179185 0.276952 0.170859
212 0.0887578 0.278787 0.256743
213 0.137727 0.277843 0.217982
214 0.21054 0.276181 0.117103
215 -0.0238286 0.28083 0.304346
216 -0.191288 0.277831 0.162687
217 -0.25788 0.276877 0.257552
218 -0.144465 0.28001 0.304735
219 -0.202991 0.278298 0.286634
220 -0.0842487 0.281501 0.310829
221 -0.347447 0.275522 0.171521
222 -0.404347 0.274468 -0.000938255
223 -0.37866 0.275077 0.117787
224 -0.397874 0.274695 0.0595247
225 -0.397778 0.274329 -0.0615186
226 -0.275628 0.275559 0.0373102
227 -0.279471 0.27526 -0.0010646
228 -0.275576 0.275125 -0.0393335
229 -0.264046 0.275047 -0.0761555
230 -0.264103 0.275869 0.0741359
231 -0.245742 0.27624 0.108125
232 -0.221327 0.276733 0.137974
233 -0.306446 0.276108 0.218705
234 -0.157548 0.278854 0.181055
235 -0.12153 0.279887 0.19238
236 -0.0844359 0.280842 0.196318
237 -0.0472788 0.280404 0.192273
238 0.0225433 0.279178 0.162268
239 0.0521522 0.278119 0.137415
240 0.07657 0.277522 0.107519
241 0.0950856 0.276988 0.0735288
242 0.106572 0.276496 0.0366889
243 0.210905 0.274327 -0.120611
244 0.236706 0.27507 -0.00168334
245 0.230264 0.274672 -0.062306
246 0.17944 0.274145 -0.174389
247 0.137815 0.274076 -0.221579
248 0.106447 0.275606 -0.0400226
249 0.0948862 0.275349 -0.0768708
250 0.076322 0.275192 -0.110877
251 0.0519047 0.275058 -0.140814
252 0.0227393 0.27506 -0.165462
253 0.0344732 0.274283 -0.289567
254 -0.0465861 0.274981 -0.19497
255 -0.0841052 0.274815 -0.198805
256 -0.121712 0.274797 -0.194731
257 -0.158302 0.274804 -0.183233
258 -0.191964 0.274838 -0.16475
259 -0.221369 0.274978 -0.140011
260 -0.306514 0.27428 -0.22069
261 -0.347661 0.274208 -0.173492
262 -0.24571 -0.272608 -0.108221
263 -0.377866 -0.273187 -0.117962
264 -0.306324 -0.273317 -0.218782
265 -0.0472599 -0.272506 -0.192233
266 -0.0842397 -0.27321 -0.311052
267 0.0350613 -0.273136 -0.286223
268 0.137993 -0.273016 -0.217965
269 0.210053 -0.272682 -0.116898
270 0.235627 -0.271935 0.00204892
271 0.209604 -0.270964 0.120848
272 0.0878432 -0.2689 0.260437
273 -0.083916 -0.267493 0.199025
274 -0.121005 -0.268194 0.194912
275 -0.083794 -0.266823 0.313836
276 -0.203054 -0.269708 0.288778
277 -0.274903 -0.271935 0.0392702
278 -0.403748 -0.272857 0.000880798
279 -0.346866 -0.272014 0.173425
280 -0.257034 -0.270855 0.259546
281 -0.305807 -0.27152 0.220637
282 -0.377967 -0.272366 0.119667
283 -0.39725 -0.272651 0.0613786
284 -0.397058 -0.273052 -0.0596986
285 -0.278904 -0.272233 0.000874861
286 -0.275114 -0.272412 -0.0373815
287 -0.26367 -0.27251 -0.0741952
288 -0.263307 -0.271651 0.0760898
289 -0.244707 -0.27129 0.110073
290 -0.220262 -0.270855 0.139967
291 -0.190893 -0.269971 0.164827
292 -0.157264 -0.269077 0.183382
293 -0.144928 -0.268206 0.30722
294 0.0338343 -0.268133 0.289452
295 -0.0237949 -0.267428 0.307496
296 -0.0470543 -0.267821 0.195107
297 -0.0110426 -0.268255 0.183731
298 0.022217 -0.268758 0.16539
299 0.051969 -0.269327 0.140819
300 0.075822 -0.26988 0.110922
301 0.0943099 -0.270335 0.0769576
302 0.10582 -0.270721 0.0401284
303 0.109894 -0.271187 0.00170776
304 0.106398 -0.271518 -0.0365871
305 0.094735 -0.271746 -0.0734415
306 0.0762264 -0.271922 -0.107488
307 0.0519299 -0.272084 -0.137427
308 0.0226558 -0.272314 -0.162176
309 -0.0108972 -0.272454 -0.180692
310 0.17819 -0.270374 0.174543
311 0.136471 -0.269696 0.221655
312 0.229 -0.271516 0.0625893
313 0.229105 -0.272323 -0.0585737
314 0.178858 -0.272901 -0.170672
315 0.0886258 -0.272934 -0.256911
316 -0.0233246 -0.273213 -0.304558
317 -0.203459 -0.273211 -0.286746
318 -0.144993 -0.273209 -0.304852
319 -0.257529 -0.273235 -0.257623
320 -0.0842717 -0.272627 -0.196235
321 -0.121818 -0.272652 -0.19237
322 -0.158013 -0.272665 -0.181029
323 -0.19182 -0.272665 -0.162662
324 -0.221093 -0.272607 -0.138054
325 -0.346993 -0.273287 -0.171669
326 -0.0107817 0.41206 -0.18463
327 0.0344535 0.411131 -0.290394
328 -0.0241405 0.411267 -0.308364
329 -0.145678 0.411115 -0.307704
330 -0.0839441 0.411736 -0.199471
331 -0.0466954 0.411858 -0.195757
332 -0.121621 0.411682 -0.195351
333 -0.158322 0.411676 -0.183806
334 -0.192025 0.41177 -0.165315
335 -0.307107 0.411144 -0.221216
336 -0.379276 0.411067 -0.120325
337 -0.40483 0.411333 -0.00148004
338 -0.276293 0.412423 0.0366742
339 -0.280021 0.412134 -0.00162508
340 -0.276092 0.412026 -0.0399007
341 -0.264469 0.411937 -0.0767142
342 -0.24575 0.411901 -0.110672
343 -0.221273 0.411813 -0.140574
344 -0.265177 0.412741 0.0735106
345 -0.34835 0.412409 0.171003
346 -0.25872 0.413762 0.256928
347 -0.221961 0.41355 0.137293
348 -0.192339 0.414794 0.161912
349 -0.158612 0.415891 0.180265
350 -0.145319 0.417178 0.303835
351 -0.0229694 0.417987 0.303407
352 -0.0103094 0.417053 0.179834
353 -0.0467251 0.417632 0.191371
354 0.0235065 0.416284 0.161279
355 0.0894304 0.415853 0.255706
356 0.180314 0.413849 0.169814
357 0.0958809 0.413835 0.0724936
358 0.107356 0.41329 0.0356505
359 0.237387 0.411749 -0.00277321
360 0.211113 0.412995 0.116066
361 0.230609 0.412267 0.057754
362 0.231 0.411343 -0.0634133
363 0.179912 0.410812 -0.175453
364 0.022884 0.411941 -0.166307
365 0.0520788 0.411871 -0.141675
366 0.0771419 0.411888 -0.11183
367 0.0953023 0.412012 -0.077798
368 0.106881 0.41228 -0.0409613
369 0.11107 0.412601 -0.00265377
370 0.0888423 0.410997 -0.261299
371 0.138411 0.410793 -0.222591
372 0.211327 0.410992 -0.121715
373 0.0771397 0.414392 0.106469
374 0.0519902 0.415071 0.1363
375 0.138763 0.414795 0.216904
376 0.0355378 0.417057 0.285056
377 -0.0841398 0.418746 0.309996
378 -0.0845631 0.418063 0.195524
379 -0.122456 0.417032 0.191634
380 -0.204208 0.41532 0.285968
381 -0.246773 0.413091 0.107458
382 -0.307767 0.413007 0.218152
383 -0.378757 0.411912 0.117275
384 -0.398272 0.411553 0.0590074
385 -0.398393 0.411183 -0.0620561
386 -0.348103 0.411061 -0.174037
387 -0.257988 0.411267 -0.260109
388 -0.204193 0.411146 -0.289367
389 -0.0842615 0.411144 -0.314231
390 -0.0108056 0.13814 -0.182933
391 0.0889367 0.137387 -0.259587
392 0.179064 0.137446 -0.173371
393 0.0523914 0.138223 -0.139969
394 0.076456 0.138447 -0.109978
395 0.0948529 0.138625 -0.0759681
396 0.106431 0.138856 -0.0391257
397 0.236204 0.138379 -0.000672817
398 0.210155 0.139394 0.118093
399 0.0762042 0.140661 0.108437
400 0.0520552 0.141251 0.138328
401 0.0882925 0.141821 0.257793
402 0.178857 0.140081 0.171825
403 0.137142 0.140917 0.218976
404 -0.0239961 0.143702 0.305248
405 -0.0110513 0.142763 0.181571
406 0.0222609 0.142139 0.163113
407 -0.047464 0.143248 0.193005
408 -0.0844576 0.143706 0.196929
409 -0.120935 0.142807 0.193129
410 -0.144442 0.142909 0.305392
411 -0.257148 0.139941 0.258086
412 -0.347341 0.138642 0.172044
413 -0.220614 0.139927 0.138516
414 -0.245084 0.139351 0.108654
415 -0.263668 0.138959 0.0746871
416 -0.275186 0.138691 0.0378537
417 -0.397641 0.137873 0.0600176
418 -0.39753 0.137499 -0.0610615
419 -0.347257 0.137399 -0.173008
420 -0.263852 0.138139 -0.0756398
421 -0.245799 0.138082 -0.109632
422 -0.220951 0.137985 -0.139499
423 -0.191914 0.137969 -0.16422
424 -0.257646 0.1375 -0.259066
425 -0.145702 0.137415 -0.306537
426 -0.0470862 0.138127 -0.194317
427 -0.084285 0.137946 -0.198083
428 -0.121738 0.137947 -0.194149
429 -0.15821 0.137951 -0.18268
430 -0.0236588 0.137438 -0.306705
431 0.0343991 0.137447 -0.288667
432 -0.0842741 0.137433 -0.31292
433 -0.203886 0.137438 -0.28831
434 -0.306314 0.137415 -0.220196
435 -0.27527 0.138236 -0.0388177
436 -0.279129 0.138406 -0.000557022
437 -0.378383 0.137386 -0.119337
438 -0.40402 0.137665 -0.00046437
439 -0.37832 0.13821 0.118304
440 -0.191229 0.140923 0.163288
441 -0.157514 0.141838 0.181701
442 -0.306166 0.139208 0.219212
443 -0.202964 0.141277 0.287271
444 -0.0841043 0.144249 0.311685
445 0.0344137 0.142824 0.287015
446 0.0947345 0.140134 0.0744579
447 0.106313 0.139685 0.0376402
448 0.110176 0.139192 -0.000833745
449 0.229585 0.13876 0.0598142
450 0.21038 0.137628 -0.119614
451 0.229713 0.137956 -0.0612971
452 0.0224469 0.138183 -0.164559
453 0.137457 0.137342 -0.220625
454 -0.0471594 -0.13571 -0.192932
455 -0.0844267 -0.136283 -0.311688
456 0.0349999 -0.136262 -0.287061
457 0.1378 -0.136192 -0.218855
458 0.0520005 -0.135311 -0.138258
459 0.0228437 -0.135499 -0.162992
460 -0.010667 -0.135632 -0.181461
461 0.0763695 -0.135121 -0.108301
462 0.0949036 -0.134943 -0.0742905
463 0.229422 -0.135548 -0.0594856
464 0.229341 -0.134735 0.0616181
465 0.110108 -0.134393 0.000880713
466 0.106239 -0.134736 -0.0374261
467 0.106141 -0.133937 0.0393012
468 0.0945318 -0.133528 0.0761148
469 0.0759953 -0.133054 0.110076
470 0.136802 -0.132869 0.220725
471 0.209822 -0.134188 0.119891
472 0.178493 -0.13354 0.173621
473 0.034195 -0.131183 0.288679
474 0.0225041 -0.131807 0.164629
475 -0.0110681 -0.131286 0.183012
476 -0.0470248 -0.130831 0.194398
477 -0.0839289 -0.130441 0.198385
478 -0.0844252 -0.129873 0.31307
479 -0.144694 -0.131199 0.306612
480 -0.257024 -0.133923 0.259006
481 -0.34726 -0.135087 0.172959
482 -0.220541 -0.133968 0.139433
483 -0.244871 -0.134452 0.109585
484 -0.263673 -0.134761 0.0756129
485 -0.275109 -0.135068 0.0387904
486 -0.397289 -0.135793 0.060919
487 -0.397251 -0.136207 -0.0601339
488 -0.263877 -0.135644 -0.0746908
489 -0.245506 -0.135713 -0.108678
490 -0.347238 -0.13634 -0.172045
491 -0.306135 -0.136376 -0.219235
492 -0.145574 -0.136296 -0.305415
493 -0.191967 -0.135784 -0.163204
494 -0.221246 -0.135701 -0.138607
495 -0.158143 -0.135814 -0.181564
496 -0.121877 -0.135788 -0.192975
497 -0.084234 -0.135756 -0.196873
498 -0.257628 -0.136349 -0.258164
499 -0.203538 -0.136314 -0.287277
500 -0.377986 -0.136315 -0.118395
501 -0.275171 -0.135528 -0.0378705
502 -0.279024 -0.135403 0.000401551
503 -0.403653 -0.136019 0.000452356
504 -0.378014 -0.135519 0.119211
505 -0.190991 -0.133 0.164299
506 -0.157522 -0.132103 0.182849
507 -0.12149 -0.131275 0.194311
508 -0.305809 -0.134604 0.220085
509 -0.203473 -0.13272 0.288229
510 -0.0238638 -0.130439 0.306771
511 0.0519143 -0.132497 0.139947
512 0.0880105 -0.132009 0.259563
513 0.235829 -0.135161 0.00113976
514 0.21018 -0.135879 -0.117799
515 0.179172 -0.136067 -0.171628
516 0.0886745 -0.136105 -0.257781
517 -0.0232719 -0.136341 -0.305292
518 -0.24538 -0.40948 -0.107644
519 -0.377564 -0.410064 -0.117462
520 -0.305808 -0.41021 -0.218296
521 -0.203249 -0.410085 -0.286223
522 -0.191773 -0.409499 -0.162035
523 -0.220778 -0.409456 -0.137497
524 -0.158014 -0.409486 -0.180366
525 -0.12169 -0.40947 -0.191679
526 -0.0841789 -0.409402 -0.195452
527 -0.083962 -0.410087 -0.310274
528 -0.0230677 -0.410152 -0.303728
529 0.0885173 -0.409845 -0.255993
530 0.178518 -0.409828 -0.169708
531 0.228911 -0.409062 -0.0577026
532 0.105551 -0.408276 -0.0356892
533 0.0941464 -0.408583 -0.0725313
534 0.0759574 -0.408714 -0.10655
535 0.0515692 -0.408884 -0.136498
536 0.022641 -0.40917 -0.161292
537 -0.010856 -0.409307 -0.179838
538 -0.047234 -0.409398 -0.191427
539 0.109277 -0.407958 0.00261402
540 0.105257 -0.407471 0.0410193
541 0.209185 -0.407724 0.121811
542 0.235379 -0.408672 0.00293843
543 0.228727 -0.408234 0.0635584
544 0.177714 -0.407118 0.175527
545 0.0871464 -0.405835 0.261299
546 -0.024255 -0.404394 0.308241
547 -0.0112467 -0.405252 0.184444
548 -0.0470768 -0.40479 0.195775
549 -0.0836165 -0.404392 0.19959
550 -0.120469 -0.405068 0.195527
551 -0.201962 -0.40667 0.289327
552 -0.304938 -0.408387 0.2211
553 -0.189758 -0.4069 0.165317
554 -0.156459 -0.406004 0.183915
555 -0.219624 -0.407604 0.140613
556 -0.243943 -0.408174 0.110593
557 -0.262639 -0.408528 0.0766094
558 -0.397003 -0.409486 0.0618843
559 -0.263607 -0.4094 -0.073687
560 -0.274658 -0.409264 -0.0368719
561 -0.278344 -0.409121 0.0014032
562 -0.274247 -0.408799 0.0397822
563 -0.396844 -0.409911 -0.0591987
564 -0.403478 -0.40971 0.00138499
565 -0.377647 -0.409218 0.120169
566 -0.346332 -0.408876 0.173925
567 -0.256416 -0.407799 0.260044
568 -0.0835389 -0.403727 0.314571
569 -0.144585 -0.405087 0.30787
570 0.021879 -0.405718 0.166171
571 0.0513509 -0.406289 0.141709
572 0.0750436 -0.406689 0.111792
573 0.0936532 -0.407108 0.0778298
574 0.0334236 -0.405088 0.290244
575 0.135765 -0.406497 0.22253
576 0.209766 -0.409531 -0.116002
577 0.137687 -0.409873 -0.216995
578 0.0349297 -0.410041 -0.285345
579 -0.145207 -0.410071 -0.304179
580 -0.257003 -0.410097 -0.257101
581 -0.346811 -0.410125 -0.171151
582 -0.158166 0.343231 -0.183517
583 -0.19168 0.343312 -0.165024
584 -0.221573 0.34339 -0.14026
585 -0.245682 0.34345 -0.110384
586 -0.264342 0.343488 -0.0764203
587 -0.27577 0.343568 -0.0396001
588 -0.279631 0.343732 -0.00134403
589 -0.275866 0.344001 0.0370021
590 -0.26456 0.344301 0.0738226
591 -0.246071 0.344659 0.107809
592 -0.221423 0.345142 0.137652
593 -0.191972 0.346326 0.162328
594 -0.158118 0.347352 0.180698
595 -0.121768 0.348448 0.192021
596 -0.0843336 0.349491 0.195925
597 -0.0471449 0.349028 0.191802
598 -0.0107704 0.348454 0.180267
599 0.0229188 0.347732 0.161763
600 0.0520547 0.34661 0.13685
601 0.0768063 0.345949 0.107016
602 0.0954472 0.345413 0.0730141
603 0.106922 0.344892 0.0361745
604 0.110618 0.344278 -0.00219075
605 0.106629 0.343956 -0.0404915
606 0.095033 0.343678 -0.0773342
607 0.0764483 0.343531 -0.111337
608 0.0517717 0.343468 -0.141232
609 0.0228767 0.343496 -0.165891
610 -0.0109627 0.343582 -0.184213
611 -0.0464844 0.343402 -0.195351
612 -0.0840883 0.343285 -0.199136
613 -0.121564 0.343234 -0.195055
614 -0.221221 0.480293 -0.140891
615 -0.19208 0.480183 -0.165615
616 -0.158387 0.480089 -0.184106
617 -0.121605 0.480048 -0.195645
618 -0.0841764 0.480085 -0.199742
619 -0.0464834 0.480344 -0.196124
620 -0.0109218 0.480518 -0.185043
621 0.0227965 0.480373 -0.166697
622 0.0530006 0.480281 -0.14209
623 0.0770582 0.48027 -0.112323
624 0.0958685 0.480338 -0.0783333
625 0.107602 0.480637 -0.0414916
626 0.111584 0.480934 -0.00321713
627 0.107902 0.481666 0.0350819
628 0.0965077 0.482229 0.0719222
629 0.0777901 0.482851 0.105893
630 0.0528922 0.483524 0.135722
631 0.0239792 0.48485 0.160754
632 -0.00979732 0.485646 0.179335
633 -0.0466312 0.486265 0.190965
634 -0.0844499 0.486563 0.195028
635 -0.123173 0.485655 0.19126
636 -0.159677 0.484399 0.179871
637 -0.193491 0.483157 0.161459
638 -0.223118 0.481974 0.136877
639 -0.247567 0.481541 0.107122
640 -0.265946 0.48118 0.0731787
641 -0.276779 0.480858 0.0363527
642 -0.280545 0.480595 -0.00191103
643 -0.276513 0.480459 -0.0401809
644 -0.264742 0.480397 -0.0770038
645 -0.24628 0.48033 -0.110988
646 -0.010794 0.206634 -0.183379
647 0.0225982 0.206658 -0.165016
648 0.0521978 0.206649 -0.140357
649 0.0763623 0.206833 -0.11041
650 0.0948846 0.206995 -0.0764058
651 0.106466 0.20724 -0.0395594
652 0.11031 0.207572 -0.00126871
653 0.106474 0.208094 0.0371681
654 0.0949237 0.208555 0.073999
655 0.0762985 0.209093 0.107979
656 0.0518813 0.209693 0.137865
657 0.0223245 0.210657 0.162714
658 -0.0110711 0.211314 0.181154
659 -0.0472572 0.211813 0.19264
660 -0.0842262 0.212264 0.19669
661 -0.121386 0.211345 0.192774
662 -0.157284 0.210358 0.181406
663 -0.1912 0.209365 0.162957
664 -0.220898 0.208386 0.138338
665 -0.245415 0.207796 0.108398
666 -0.26389 0.207407 0.0744217
667 -0.275365 0.207133 0.0376091
668 -0.279198 0.206836 -0.000812848
669 -0.275416 0.206677 -0.0390808
670 -0.264019 0.206587 -0.0758951
671 -0.245561 0.20655 -0.109867
672 -0.221096 0.206483 -0.139745
673 -0.19197 0.206399 -0.164495
674 -0.158276 0.20637 -0.182966
675 -0.121678 0.206365 -0.19443
676 -0.0841159 0.206342 -0.198445
677 -0.0468414 0.206559 -0.194646
678 -0.0109261 0.0696543 -0.182562
679 -0.0468858 0.0696107 -0.193923
680 -0.084163 0.0695943 -0.197769
681 -0.121829 0.0695466 -0.193793
682 -0.158283 0.0695284 -0.182382
683 -0.191854 0.069527 -0.163955
684 -0.221247 0.0695332 -0.139285
685 -0.245514 0.069633 -0.109371
686 -0.264121 0.0696802 -0.075413
687 -0.275242 0.0697875 -0.0385799
688 -0.279168 0.0699505 -0.000324413
689 -0.27519 0.0702548 0.0380982
690 -0.263647 0.070529 0.0749212
691 -0.245072 0.0709038 0.108896
692 -0.220455 0.0714459 0.13874
693 -0.19133 0.0724566 0.163555
694 -0.157566 0.0733428 0.181979
695 -0.121373 0.0742832 0.193408
696 -0.0843371 0.075135 0.197398
697 -0.0473077 0.074699 0.193387
698 -0.0111331 0.0742333 0.181979
699 0.0223415 0.0736049 0.163518
700 0.0519189 0.0728164 0.138725
701 0.0760598 0.0722193 0.10883
702 0.094561 0.0717158 0.0748601
703 0.106154 0.0712626 0.0380348
704 0.110157 0.0707645 -0.000406029
705 0.10633 0.0704531 -0.0386815
706 0.0946934 0.070254 -0.0755208
707 0.0761544 0.0700637 -0.109527
708 0.0525675 0.0698523 -0.13955
709 0.0226955 0.069735 -0.164178
710 -0.0468958 -0.0672778 -0.193286
711 -0.0107228 -0.0672031 -0.181826
712 0.0228129 -0.0670793 -0.16339
713 0.0518292 -0.0668895 -0.138657
714 0.0764162 -0.0667244 -0.108684
715 0.0947898 -0.0665351 -0.0746758
716 0.106438 -0.0663359 -0.0378281
717 0.110154 -0.0660595 0.00045393
718 0.106118 -0.0655372 0.0388858
719 0.0944688 -0.0651135 0.0757065
720 0.0760006 -0.0646344 0.109678
721 0.052057 -0.0640545 0.139582
722 0.0221347 -0.0633255 0.164268
723 -0.011037 -0.0627938 0.182673
724 -0.0471732 -0.0623269 0.194068
725 -0.084031 -0.0619341 0.198019
726 -0.121425 -0.0627781 0.194003
727 -0.157567 -0.063627 0.182548
728 -0.19112 -0.0645154 0.164055
729 -0.220465 -0.0655053 0.139185
730 -0.245132 -0.0659926 0.109339
731 -0.263755 -0.0663124 0.0753709
732 -0.27521 -0.0666253 0.0385541
733 -0.279058 -0.0669539 0.000154187
734 -0.275333 -0.0670967 -0.0381161
735 -0.263778 -0.0671864 -0.0749269
736 -0.245702 -0.0672713 -0.108932
737 -0.221262 -0.0672957 -0.138826
738 -0.191624 -0.0673441 -0.16346
739 -0.158259 -0.0673588 -0.181843
740 -0.121968 -0.0673488 -0.19324
741 -0.084217 -0.0673166 -0.197157
742 0.0948125 -0.203351 -0.0738731
743 0.106228 -0.203113 -0.0370147
744 0.109943 -0.202788 0.00127925
745 0.105993 -0.202323 0.0397052
746 0.094512 -0.201934 0.0765255
747 0.0759298 -0.201482 0.11049
748 0.051717 -0.200916 0.140356
749 0.0224613 -0.200282 0.165015
750 -0.010905 -0.199786 0.183373
751 -0.0471097 -0.199324 0.194768
752 -0.084098 -0.199009 0.198726
753 -0.121201 -0.199743 0.194611
754 -0.157415 -0.2006 0.183129
755 -0.190492 -0.201498 0.164566
756 -0.220693 -0.202437 0.139745
757 -0.244928 -0.202873 0.109852
758 -0.26358 -0.203215 0.0758681
759 -0.27505 -0.203513 0.039025
760 -0.278958 -0.203819 0.000650991
761 -0.275063 -0.203968 -0.0376212
762 -0.263754 -0.204081 -0.0744353
763 -0.245715 -0.204155 -0.10843
764 -0.22129 -0.204212 -0.138295
765 -0.191746 -0.204225 -0.162947
766 -0.157969 -0.204241 -0.181336
767 -0.121839 -0.20421 -0.192708
768 -0.0843528 -0.204188 -0.196603
769 -0.0471959 -0.204097 -0.192537
770 -0.0107814 -0.204048 -0.181028
771 0.0227122 -0.203903 -0.162579
772 0.0519388 -0.203664 -0.137808
773 0.0763764 -0.203531 -0.107888
774 -0.221035 -0.341052 -0.137751
775 -0.245357 -0.341022 -0.107892
776 -0.263501 -0.340946 -0.0739304
777 -0.275093 -0.340839 -0.0371252
778 -0.278764 -0.340685 0.00115225
779 -0.274641 -0.340372 0.0395414
780 -0.263046 -0.340093 0.0763683
781 -0.24459 -0.339723 0.110357
782 -0.220074 -0.339289 0.140241
783 -0.190324 -0.338431 0.165067
784 -0.157022 -0.337553 0.18367
785 -0.120762 -0.33663 0.195257
786 -0.083661 -0.335976 0.199421
787 -0.0469062 -0.336319 0.195436
788 -0.0110708 -0.336753 0.184104
789 0.0221342 -0.337252 0.165785
790 0.0510295 -0.337892 0.141125
791 0.0760606 -0.338282 0.111348
792 0.0939731 -0.338716 0.0773643
793 0.105593 -0.339102 0.040547
794 0.109616 -0.339578 0.00217855
795 0.1059 -0.33991 -0.0361199
796 0.0946801 -0.340162 -0.0729968
797 0.0763282 -0.340302 -0.107012
798 0.0516815 -0.340496 -0.137018
799 0.0226885 -0.340734 -0.161784
800 -0.0109033 -0.340891 -0.180294
801 -0.0472767 -0.340964 -0.191852
802 -0.084276 -0.341032 -0.195796
803 -0.121602 -0.341059 -0.192014
804 -0.158205 -0.341082 -0.180686
805 -0.191915 -0.341078 -0.162373
806 -0.244712 -0.477917 -0.107378
807 -0.220908 -0.477934 -0.137199
808 -0.191761 -0.477921 -0.161776
809 -0.158015 -0.477913 -0.180015
810 -0.121621 -0.477906 -0.191313
811 -0.0842963 -0.477796 -0.195028
812 -0.0472008 -0.477782 -0.190928
813 -0.0109585 -0.477706 -0.17932
814 0.0223649 -0.477555 -0.160782
815 0.0514935 -0.477265 -0.135998
816 0.076147 -0.477186 -0.105999
817 0.0936265 -0.477 -0.0720245
818 0.105274 -0.47667 -0.0351755
819 0.109032 -0.476288 0.00314216
820 0.104897 -0.475819 0.0415033
821 0.0928765 -0.475476 0.0783059
822 0.0746352 -0.475072 0.11229
823 0.0507817 -0.474686 0.142196
824 0.0213137 -0.474207 0.166536
825 -0.0114569 -0.473736 0.184807
826 -0.047319 -0.473283 0.196077
827 -0.0840308 -0.472771 0.199895
828 -0.119356 -0.473506 0.195849
829 -0.155008 -0.474501 0.184182
830 -0.188852 -0.47527 0.165551
831 -0.218235 -0.476136 0.140736
832 -0.243332 -0.476595 0.110803
833 -0.26194 -0.476948 0.0768193
834 -0.273784 -0.47721 0.0399994
835 -0.277988 -0.477518 0.00166525
836 -0.274233 -0.477691 -0.0366096
837 -0.263267 -0.477837 -0.0734325
838 -0.306654 -0.54654 -0.11686
839 -0.130869 -0.541982 0.246454
840 0.165203 -0.544949 -0.0157905
841 -0.160267 -0.54655 -0.235148
842 -0.305115 -0.545742 0.115307
843 0.10607 -0.543458 0.16189
844 0.0357093 -0.546308 -0.214463
845 -0.0646512 -0.54056 0.253369
846 -0.335498 -0.546275 -0.0197731
847 0.13368 -0.545899 -0.116341
848 -0.223205 -0.546533 -0.203575
849 -0.238256 -0.544797 0.19514
850 0.159194 -0.544478 0.0544114
851 -0.0600879 -0.546355 -0.246884
852 0.0306276 -0.542488 0.225201
853 -0.280113 0.550067 0.156869
854 0.164311 0.54849 -0.0499241
855 0.140122 0.550729 0.11222
856 -0.32787 0.549093 0.0702691
857 -0.242916 0.548589 -0.195153
858 -0.337788 0.548707 -0.0266527
859 0.0351448 0.548343 -0.222836
860 -0.10954 0.54814 -0.25253
861 0.137307 0.548052 -0.120118
862 0.0885882 -0.067685 -0.258243
863 0.137767 -0.0677912 -0.219281
864 0.179102 -0.0677076 -0.17202
865 0.210326 -0.0674746 -0.118246
866 0.229376 -0.0671621 -0.0599228
867 0.235916 -0.0667907 0.000691135
868 0.229412 -0.0663493 0.0611829
869 0.20989 -0.0657994 0.119459
870 0.178584 -0.0651563 0.173192
871 0.136886 -0.0644424 0.220299
872 0.0882809 -0.0635488 0.259099
873 0.0340366 -0.0627095 0.288298
874 -0.0238427 -0.0619494 0.306409
875 -0.0843494 -0.0613769 0.3127
876 -0.144784 -0.0626805 0.306314
877 -0.203241 -0.0642335 0.288041
878 -0.257136 -0.0654589 0.258754
879 -0.305928 -0.0661424 0.219856
880 -0.347189 -0.0666733 0.172762
881 -0.37816 -0.067077 0.11899
882 -0.397346 -0.0673705 0.0607053
883 -0.403785 -0.0675872 0.000227489
884 -0.397291 -0.0677666 -0.0603555
885 -0.378143 -0.0678903 -0.11863
886 -0.346977 -0.0679282 -0.172313
887 -0.305926 -0.0679528 -0.219522
888 -0.258026 -0.0678867 -0.258435
889 -0.203479 -0.0678739 -0.287542
890 -0.145396 -0.0678634 -0.305649
891 -0.0844531 -0.0678372 -0.31195
892 -0.0232562 -0.0678976 -0.305658
893 0.034809 -0.0678359 -0.287502
894 0.0349155 -0.341593 -0.285796
895 0.088589 -0.341405 -0.256458
896 0.137931 -0.341456 -0.217484
897 0.178716 -0.341372 -0.170166
898 0.209945 -0.341104 -0.116463
899 0.229116 -0.340699 -0.0581119
900 0.235599 -0.340309 0.00252441
901 0.228998 -0.339875 0.0630828
902 0.209406 -0.339342 0.121325
903 0.177717 -0.33876 0.175008
904 0.136501 -0.338088 0.222094
905 0.0874179 -0.337332 0.260845
906 0.0336053 -0.336604 0.289838
907 -0.024136 -0.335903 0.307875
908 -0.0833109 -0.33531 0.31408
909 -0.145062 -0.336663 0.307521
910 -0.202766 -0.338207 0.289034
911 -0.256973 -0.339312 0.259758
912 -0.305273 -0.339947 0.220885
913 -0.346614 -0.340445 0.173674
914 -0.377933 -0.340789 0.119923
915 -0.397109 -0.341071 0.0616335
916 -0.403521 -0.341279 0.0011398
917 -0.396804 -0.341476 -0.0594359
918 -0.377754 -0.341635 -0.117702
919 -0.346697 -0.34178 -0.17133
920 -0.306155 -0.341769 -0.218548
921 -0.257467 -0.341644 -0.257369
922 -0.203506 -0.341645 -0.286495
923 -0.144866 -0.341634 -0.304535
924 -0.0840374 -0.341635 -0.310699
925 -0.0232667 -0.341669 -0.304142
926 -0.0846557 0.479517 -0.314686
927 -0.145648 0.479538 -0.308107
928 -0.204259 0.479609 -0.289724
929 -0.258181 0.479721 -0.260378
930 -0.307476 0.479651 -0.221531
931 -0.348279 0.4796 -0.174314
932 -0.379586 0.479543 -0.12062
933 -0.398664 0.479645 -0.062328
934 -0.405195 0.479828 -0.00174223
935 -0.398773 0.48003 0.0587369
936 -0.379508 0.480379 0.117018
937 -0.349082 0.480903 0.17072
938 -0.307868 0.481457 0.217784
939 -0.259637 0.482242 0.256601
940 -0.205498 0.483887 0.285491
941 -0.146621 0.485811 0.303397
942 -0.0843087 0.487427 0.309568
943 -0.0226185 0.486631 0.302927
944 0.0363382 0.485707 0.284488
945 0.0903899 0.484445 0.255059
946 0.139579 0.483315 0.216328
947 0.180546 0.482354 0.169225
948 0.211913 0.481477 0.115501
949 0.23112 0.480675 0.0572072
950 0.237835 0.480167 -0.00332917
951 0.231392 0.479715 -0.0639369
952 0.211809 0.479363 -0.122215
953 0.180468 0.479204 -0.175944
954 0.138097 0.47922 -0.223037
955 0.0896752 0.479457 -0.261837
956 0.0347461 0.4796 -0.290813
957 -0.0240677 0.479755 -0.308809
958 -0.0550745 -0.36813 0.250969
959 -0.0838952 0.0756543 0.311983
960 -0.144866 0.0743658 0.305693
961 -0.203077 0.0727742 0.287514
962 -0.257104 0.0714907 0.258336
963 -0.306108 0.07077 0.219475
964 -0.347276 0.0701938 0.172294
965 -0.378227 0.0697834 0.118541
966 -0.397356 0.0694602 0.0602501
967 -0.403896 0.0692606 -0.000227979
968 -0.397418 0.0690791 -0.0608137
969 -0.378159 0.0689648 -0.119097
970 -0.347356 0.0689723 -0.172792
971 -0.306116 0.068977 -0.219991
972 -0.257723 0.0690089 -0.25883
973 -0.203865 0.0690281 -0.288031
974 -0.145731 0.0689827 -0.306234
975 -0.0841187 0.0690024 -0.312552
976 -0.0237683 0.0689781 -0.306335
977 0.0343471 0.069015 -0.288293
978 0.089183 0.0690875 -0.259094
979 0.137583 0.0689529 -0.220156
980 0.179083 0.0690306 -0.172939
981 0.210255 0.0692656 -0.119155
982 0.229616 0.0695908 -0.0608459
983 0.236109 0.0699764 -0.000237143
984 0.229517 0.0703851 0.0603077
985 0.210155 0.0709865 0.118596
986 0.178651 0.0716561 0.172307
987 0.137109 0.0724605 0.219426
988 0.0884275 0.0733806 0.258257
989 0.0341014 0.0743157 0.287494
990 -0.0240367 0.0751389 0.305654
991 -0.104302 -0.378188 0.251951
992 -0.335902 -0.368293 0.0251977
993 -0.335746 0.437378 0.0233412
994 -0.403684 -0.204449 0.000663803
995 -0.397343 -0.204634 -0.0599218
996 -0.378011 -0.204746 -0.118175
997 -0.347027 -0.204843 -0.171861
998 -0.305884 -0.204823 -0.218995
999 -0.257716 -0.204763 -0.25791
1000 -0.203564 -0.204771 -0.286996
1001 -0.145367 -0.204756 -0.305107
1002 -0.0842241 -0.204756 -0.311354
1003 -0.0233447 -0.204767 -0.304972
1004 0.0350075 -0.20469 -0.286692
1005 0.088799 -0.204523 -0.257385
1006 0.137879 -0.204592 -0.218407
1007 0.17894 -0.204517 -0.171106
1008 0.210186 -0.204278 -0.117363
1009 0.229298 -0.20393 -0.0590358
1010 0.23574 -0.203551 0.00158266
1011 0.2292 -0.203133 0.0621124
1012 0.209752 -0.202567 0.120371
1013 0.178284 -0.201973 0.174049
1014 0.136658 -0.201295 0.22118
1015 0.0880104 -0.200457 0.259987
1016 0.033936 -0.199655 0.289065
1017 -0.0237659 -0.198931 0.30713
1018 -0.0841267 -0.198363 0.313429
1019 -0.144832 -0.199713 0.306913
1020 -0.203128 -0.201208 0.288514
1021 -0.257277 -0.202412 0.259272
1022 -0.30579 -0.203073 0.220359
1023 -0.347214 -0.203553 0.173204
1024 -0.378031 -0.203934 0.119436
1025 -0.397267 -0.204216 0.0611475
1026 0.13164 0.445328 -0.125339
1027 -0.203244 -0.478511 -0.285903
1028 -0.256923 -0.478503 -0.256854
1029 -0.305442 -0.478663 -0.218026
1030 -0.346583 -0.47855 -0.170914
1031 -0.377266 -0.478501 -0.117212
1032 -0.396624 -0.478332 -0.0589568
1033 -0.403257 -0.478097 0.00164105
1034 -0.396643 -0.4779 0.062116
1035 -0.37742 -0.477638 0.120403
1036 -0.345952 -0.477302 0.174154
1037 -0.304946 -0.476824 0.22134
1038 -0.255107 -0.476263 0.260225
1039 -0.200942 -0.47514 0.289612
1040 -0.143794 -0.473557 0.308104
1041 -0.0837917 -0.472186 0.314862
1042 -0.0247028 -0.472809 0.308666
1043 0.0328003 -0.473529 0.290724
1044 0.0867483 -0.474217 0.261796
1045 0.135403 -0.474955 0.22298
1046 0.177206 -0.475461 0.176001
1047 0.208872 -0.476082 0.1223
1048 0.228174 -0.476579 0.0640352
1049 0.235164 -0.47701 0.00357587
1050 0.228531 -0.477432 -0.0571141
1051 0.209353 -0.477973 -0.115465
1052 0.178175 -0.478285 -0.169243
1053 0.137488 -0.4783 -0.216533
1054 0.0884383 -0.478268 -0.255513
1055 0.0348759 -0.478483 -0.284905
1056 -0.0230757 -0.478595 -0.303326
1057 -0.0836977 -0.478513 -0.309934
1058 -0.144981 -0.478499 -0.30385
1059 -0.275371 0.0384648 -0.159252
1060 -0.0900183 -0.236688 0.250053
1061 -0.108408 -0.468146 0.250719
1062 -0.29942 -0.500162 0.12889
1063 -0.305333 -0.368833 0.119684
1064 0.0108796 -0.167985 -0.228696
1065 -0.329399 -0.546071 0.0488045
1066 -0.0804662 0.454402 0.248343
1067 -0.342086 -0.239928 -0.0113211
1068 -0.285012 -0.110921 -0.143978
1069 0.165719 -0.236539 0.030055
1070 -0.378779 0.342661 -0.120066
1071 -0.347827 0.342646 -0.173734
1072 -0.306723 0.342722 -0.220929
1073 -0.257837 0.342859 -0.259819
1074 -0.204005 0.342745 -0.28909
1075 -0.145518 0.342709 -0.307393
1076 -0.0842864 0.342716 -0.313903
1077 -0.0242437 0.342844 -0.307985
1078 0.034494 0.342699 -0.29
1079 0.0883684 0.342576 -0.260863
1080 0.138349 0.342432 -0.222052
1081 0.179743 0.342513 -0.174848
1082 0.211086 0.342675 -0.121177
1083 0.230557 0.343016 -0.062874
1084 0.237017 0.343415 -0.00224502
1085 0.23031 0.343899 0.0582748
1086 0.210757 0.344589 0.116585
1087 0.17971 0.345377 0.170355
1088 0.138236 0.346303 0.217468
1089 0.0888905 0.347321 0.256256
1090 0.0349564 0.3485 0.285614
1091 -0.0231552 0.349417 0.303904
1092 -0.0841075 0.350087 0.310425
1093 -0.144771 0.348577 0.304309
1094 -0.203482 0.346834 0.286335
1095 -0.25766 0.34538 0.257266
1096 -0.306979 0.344561 0.218393
1097 -0.347744 0.343938 0.171272
1098 -0.378969 0.343499 0.117534
1099 -0.398075 0.343127 0.059263
1100 -0.404441 0.342913 -0.00120685
1101 -0.398088 0.342748 -0.0617855
1102 0.136714 0.039094 0.117605
1103 -0.288168 -0.0954995 0.142319
1104 0.166813 0.0384846 -0.00144074
1105 -0.197836 -0.179631 -0.221636
1106 -0.12581 -0.168048 -0.245119
1107 -0.0465407 0.306271 0.244292
1108 0.13763 0.205717 -0.221089
1109 0.17924 0.205815 -0.173855
1110 0.210624 0.205986 -0.120099
1111 0.229956 0.206309 -0.0617781
1112 0.236563 0.206716 -0.00116159
1113 0.230005 0.207138 0.0593257
1114 0.210216 0.207787 0.117601
1115 0.178922 0.208531 0.171365
1116 0.137511 0.209364 0.218512
1117 0.0883953 0.210355 0.257352
1118 0.0346231 0.211371 0.286584
1119 -0.0237629 0.212256 0.304839
1120 -0.084472 0.212833 0.311262
1121 -0.144125 0.211451 0.305064
1122 -0.202778 0.209789 0.286959
1123 -0.257657 0.208386 0.257846
1124 -0.306295 0.207649 0.218971
1125 -0.34735 0.207099 0.17178
1126 -0.378399 0.206644 0.118055
1127 -0.397582 0.206286 0.0597727
1128 -0.404089 0.206024 -0.000689134
1129 -0.397592 0.205896 -0.0612727
1130 -0.378511 0.205814 -0.119554
1131 -0.347513 0.205826 -0.173288
1132 -0.306435 0.205853 -0.220458
1133 -0.25761 0.20594 -0.25929
1134 -0.203957 0.20587 -0.288561
1135 -0.145513 0.205849 -0.30681
1136 -0.0843815 0.205847 -0.313268
1137 -0.0236112 0.205934 -0.307107
1138 0.0342134 0.205843 -0.289133
1139 0.0886638 0.20576 -0.260003
1140 -0.182393 0.374462 -0.230409
1141 0.157475 -0.375423 -0.071289
1142 0.0959299 -0.493797 0.170579
1143 -0.0937441 -0.309697 0.251437
1144 0.158165 0.172448 -0.0741672
1145 0.138997 0.176207 0.112729
1146 -0.133549 -0.239892 -0.244322
1147 -0.243107 0.550543 0.192903
1148 0.158112 0.240623 -0.0741612
1149 0.0733238 0.250696 0.192824
1150 -0.311584 0.235507 -0.103335
1151 0.135006 -0.443975 0.118938
1152 0.108859 -0.0966978 -0.157261
1153 -0.305941 0.0162258 -0.114778
1154 -0.306984 -0.0316828 0.117635
1155 0.163945 0.216419 0.073784
1156 0.166731 -0.183032 -0.0235718
1157 -0.197963 -0.240987 0.222401
1158 -0.307435 0.548517 -0.119827
1159 0.137487 -0.0288077 0.117882
1160 0.138791 0.108295 -0.113943
1161 0.0504303 -0.0240026 0.209212
1162 -0.109462 -0.372231 -0.248593
1163 0.107813 -0.446776 -0.157066
1164 -0.278155 0.442386 -0.160618
1165 0.109996 -0.238782 -0.154133
1166 0.0321627 0.239482 -0.223434
1167 -0.303238 -0.438094 0.120283
1168 0.161557 -0.443451 -0.0426239
1169 -0.196229 0.104739 0.223082
1170 0.162368 0.116757 -0.0374818
1171 -0.185349 -0.445114 0.225636
1172 -0.199461 -0.302385 0.220505
1173 -0.0606153 0.044346 0.251247
1174 0.0719496 0.0417188 0.195396
1175 0.167116 -0.380055 0.02603
1176 -0.22813 -0.0382818 0.201136
1177 -0.324513 -0.312466 0.0732347
1178 -0.301911 -0.170346 -0.119491
1179 0.0305107 0.106268 -0.216514
1180 0.107302 -0.0248304 -0.158959
1181 -0.330626 -0.0146052 0.071649
1182 0.0703144 -0.542835 0.196799
1183 0.0477912 0.108757 0.208834
1184 0.104034 0.0922069 0.160188
1185 -0.324641 -0.299899 -0.0704586
1186 0.167976 -0.031449 0.0201926
1187 -0.119928 0.55501 0.259254
1188 -0.0906632 0.377984 0.246718
1189 0.156073 -0.168962 -0.0699634
1190 -0.304604 0.497292 -0.117704
1191 0.135081 -0.543725 0.118603
1192 -0.259137 -0.0364056 -0.175592
1193 -0.325209 0.381157 0.0799867
1194 -0.156671 0.237593 -0.241848
1195 -0.0142371 -0.54173 0.245016
1196 0.0603329 -0.255995 -0.199138
1197 0.137864 -0.164373 0.11732
1198 -0.215481 -0.177696 0.208969
1199 -0.336872 0.379274 -0.0256574
1200 -0.220079 -0.236648 0.139851
1201 -0.121172 0.109272 -0.245034
1202 -0.287288 -0.311269 -0.1418
1203 0.00726403 -0.237383 -0.230024
1204 0.0315298 -0.297156 0.216902
1205 0.168249 0.207554 -0.0259471
1206 -0.157393 0.169887 -0.24107
1207 -0.0131447 0.548754 -0.243614
1208 -0.337652 -0.482517 0.0171166
1209 -0.228233 0.316255 -0.201151
1210 -0.305783 -0.0628383 -0.119033
1211 -0.235779 0.0433147 0.193163
1212 -0.295395 -0.239617 -0.13067
1213 0.0564291 0.179402 -0.205938
1214 -0.0177386 0.0625189 0.24091
1215 -0.107248 -0.306376 -0.250325
1216 -0.156398 -0.326459 0.248225
1217 -0.151903 0.320354 0.235746
1218 -0.306107 0.107829 0.116821
1219 -0.107448 0.17708 0.248957
1220 -0.0561387 -0.391672 -0.246798
1221 -0.276166 -0.546869 -0.159381
1222 0.109477 -0.376303 -0.156279
1223 0.068238 -0.0458722 -0.19583
1224 -0.268719 -0.496413 -0.161956
1225 0.139886 -0.305719 0.121362
1226 -0.327377 0.238148 0.0562417
1227 -0.237578 0.499558 -0.196608
1228 -0.233955 -0.437181 -0.192259
1229 0.147481 -0.23639 -0.0855778
1230 -0.332798 -0.431806 -0.00818466
1231 -0.0491434 0.157433 -0.248277
1232 0.137421 0.249511 0.117291
1233 0.121643 0.446403 0.148025
1234 -0.33597 0.106707 -0.00297842
1235 -0.331506 0.287613 -0.0741739
1236 -0.326818 0.0537448 0.0689347
1237 -0.27367 0.167178 0.15666
1238 0.128766 -0.371161 0.123515
1239 -0.138061 -0.0318992 -0.243161
1240 -0.0121611 0.0329918 -0.238816
1241 0.169425 0.549041 0.0189642
1242 -0.335148 -0.294564 0.0112188
1243 -0.305415 -0.440344 -0.116504
1244 -0.0446613 -0.036765 -0.24581
1245 -0.324529 -0.0393373 -0.0729009
1246 0.0674927 -0.49445 -0.191775
1247 -0.172639 -0.401436 -0.233027
1248 -0.0612583 0.547855 -0.252386
1249 -0.335772 0.176456 0.0260968
1250 0.167254 0.450955 0.000552564
1251 0.020328 -0.37813 0.224098
1252 -0.31362 0.441739 0.0987142
1253 -0.336374 -0.0364193 0.0231928
1254 0.16335 -0.474189 0.0394799
1255 0.0540643 -0.0950669 0.205927
1256 -0.191661 0.552333 0.224219
1257 0.0570877 -0.235572 0.203483
1258 -0.0759355 -0.0276207 0.248994
1259 -0.198273 0.0168897 0.225668
1260 -0.187771 0.368756 0.223043
1261 0.0706619 -0.189469 -0.194813
1262 0.161263 -0.0266675 -0.0515735
1263 -0.050712 -0.465702 -0.245024
1264 -0.246673 0.162544 -0.185587
1265 -0.320525 -0.123219 -0.0626662
1266 0.0818776 -0.336026 0.185287
1267 -0.278389 0.108314 -0.157946
1268 0.155581 0.389034 -0.0766686
1269 0.164872 -0.102232 -0.0117531
1270 0.167761 -0.34797 0.0802599
1271 -0.0766795 -0.169416 0.249673
1272 -0.326673 0.309601 0.071494
1273 0.0317463 0.304316 0.218127
1274 -0.240776 -0.306246 -0.193388
1275 -0.247867 -0.369714 -0.182031
1276 0.157604 0.121289 0.0723441
1277 -0.100815 0.103528 0.244033
1278 -0.155596 0.420932 0.237956
1279 -0.331768 -0.488627 0.0797167
1280 0.100404 0.303245 0.160466
1281 -0.327031 0.548515 -0.0744933
1282 -0.016593 -0.324164 0.246155
1283 -0.203102 -0.0679199 -0.217668
1284 0.136618 0.106555 0.117142
1285 0.105858 0.0238282 0.160426
1286 0.14235 0.00316016 0.0621432
1287 0.147889 -0.413183 0.0700283
1288 -0.325592 0.496452 0.0760204
1289 -0.332022 0.167171 -0.0687004
1290 0.107292 -0.182068 0.159905
1291 0.141555 -0.0479983 -0.104922
1292 -0.176687 0.450317 -0.232428
1293 -0.0119036 -0.37326 -0.237694
1294 -0.0142241 -0.0519565 0.231556
1295 0.138663 -0.0968569 0.117906
1296 0.0272062 -0.0290201 -0.223439
1297 -0.0121861 -0.546407 -0.235944
1298 -0.246443 -0.236109 -0.188691
1299 -0.308204 0.415251 -0.120158
1300 -0.323926 -0.233471 0.0573545
1301 -0.0756703 0.307297 -0.250647
1302 -0.0595158 0.45187 -0.252216
1303 0.137075 -0.310776 -0.107295
1304 -0.334713 -0.104752 0.0215392
1305 -0.27465 0.367947 -0.156396
1306 -0.334169 -0.172731 0.00325731
1307 0.141761 0.498666 0.108326
1308 -0.276587 -0.166586 0.15758
1309 -0.158344 0.509935 0.235005
1310 -0.154159 0.308847 -0.240121
1311 0.166844 -0.308382 0.0261661
1312 0.116385 0.379491 -0.147587
1313 0.167946 0.246495 0.0236529
1314 -0.12108 0.10856 0.193288
1315 0.159094 -0.124288 0.0599229
1316 -0.0143146 -0.239983 0.240181
1317 -0.201538 -0.101103 0.225914
1318 -0.237529 -0.248651 0.191179
1319 0.0344921 0.450369 0.217986
1320 -0.277063 0.0922362 0.158068
1321 0.0329094 0.382467 0.219163
1322 -0.130861 0.554489 0.224384
1323 0.0194053 -0.191477 0.230045
1324 -0.0898864 0.0338058 -0.249402
1325 0.0978128 -0.40713 0.169504
1326 0.125992 -0.48593 -0.108363
1327 0.165054 0.0601766 0.0718346
1328 -0.305904 -0.369812 -0.10762
1329 0.100674 -0.268845 0.165657
1330 0.109984 0.306386 -0.16063
1331 -0.143832 0.239598 0.235322
1332 -0.119189 -0.0953662 -0.246148
1333 0.108257 0.231028 0.157922
1334 0.165062 -0.360602 -0.0270398
1335 0.0682577 0.180896 0.194265
1336 -0.340687 0.281602 0.022975
1337 0.00104783 0.506105 0.231532
1338 0.0522832 -0.438608 0.204581
1339 -0.00721555 -0.000906775 0.251412
1340 -0.0844851 -0.0951722 0.249968
1341 -0.306289 0.340977 0.119728
1342 0.16604 0.104316 0.0243204
1343 -0.325816 -0.409686 -0.0706678
1344 0.07976 -0.319661 -0.182659
1345 -0.19451 -0.478462 -0.221096
1346 -0.0578928 0.139371 0.249327
1347 0.157518 0.17225 0.0329532
1348 -0.235641 0.410347 -0.197554
1349 0.107774 0.233752 -0.161506
1350 0.166196 -0.168925 0.0251421
1351 0.0354401 0.222093 0.224288
1352 -0.110244 0.262335 -0.255137
1353 -0.27686 0.314507 0.157893
1354 0.00913518 -0.0974953 -0.23019
1355 -0.207939 0.455907 0.213974
1356 0.144388 -0.399953 -0.116683
1357 -0.0142637 0.501293 -0.237101
1358 -0.0718101 0.232719 0.248273
1359 -0.28193 -0.305277 0.158924
1360 -0.15522 -0.0512727 0.237059
1361 -0.197838 0.177906 0.217287
1362 -0.168499 -0.118115 -0.235016
1363 -0.320532 0.07133 -0.0818273
1364 -0.123331 -0.450572 -0.241266
1365 -0.336586 0.311943 -0.0262816
1366 -0.157377 0.176092 0.181569
1367 -0.0461769 0.0813443 -0.250673
1368 0.0330086 0.379702 -0.222597
1369 -0.397404 0.0352533 0.0603849
1370 -0.157773 0.548101 -0.242149
1371 -0.278417 0.486768 0.159886
1372 -0.278479 0.548408 -0.16035
1373 -0.199488 0.111671 -0.220007
1374 -0.233675 -0.48596 0.20199
1375 -0.326978 -0.546557 -0.0709514
1376 -0.30531 0.307692 -0.118237
1377 -0.0321333 -0.442414 0.244984
1378 -0.274988 -0.186796 -0.165074
1379 -0.321008 -0.496098 -0.0765688
1380 -0.346708 -0.30623 0.173558
1381 0.144559 -0.235732 0.10112
1382 0.0724251 -0.40979 -0.191464
1383 0.113866 0.551347 0.141717
1384 -0.242373 0.239229 -0.194688
1385 0.032144 -0.375467 -0.217568
1386 -0.263561 0.242178 0.169952
1387 -0.15268 0.161757 0.233158
1388 -0.108997 0.46296 -0.250669
1389 -0.328707 0.440737 -0.0557308
1390 0.0782588 0.336524 0.195918
1391 0.0116306 -0.446588 -0.224964
1392 0.0556687 0.0296615 -0.20519
1393 -0.337785 0.0375307 0.0131506
1394 -0.319305 0.364418 -0.0853151
1395 -0.284227 0.194868 -0.163206
1396 -0.214881 0.0297726 -0.210538
1397 0.131072 0.0273366 -0.113279
1398 0.106042 0.161206 0.15944
1399 -0.307978 0.549446 0.115433
1400 -0.220984 0.174191 0.138446
1401 -0.333805 0.000400716 -0.0362284
1402 0.137412 0.18392 -0.119358
1403 -0.239896 0.185072 0.19008
1404 0.0834119 0.428024 -0.185459
1405 0.109054 -0.166306 -0.156943
1406 -0.241095 0.380386 0.190173
1407 0.0725827 0.254176 -0.19609
1408 -0.310214 0.185486 0.104744
1409 -0.14762 -0.139875 0.246602
1410 0.158123 0.479576 -0.072735
1411 0.0615817 -0.159734 0.201465
1412 -0.305719 0.256017 0.11664
1413 -0.334896 -0.346987 -0.0305861
1414 0.0712647 0.423559 0.18488
1415 0.168414 0.370026 -0.0244063
1416 0.177011 -0.0651864 0.0691313
1417 -0.0163721 0.440369 0.239287
1418 -0.332765 -0.213942 -0.0720121
1419 0.00692534 -0.308263 -0.228765
1420 0.082597 0.504146 0.181424
1421 -0.235142 0.315234 0.192584
1422 -0.0574972 -0.116924 -0.249047
1423 -0.277903 -0.407947 -0.1563
1424 -0.0588496 -0.322147 -0.24842
1425 -0.335812 0.235326 -0.0253041
1426 -0.0915446 0.381558 -0.249767
1427 0.101398 0.0688318 -0.165642
1428 -0.158107 0.0584226 -0.245362
1429 -0.200378 -0.367899 0.220353
1430 -0.337601 0.499614 -0.0176209
1431 -0.0596991 0.234487 -0.251819
1432 0.104624 0.480665 -0.160742
1433 0.0266834 -0.482794 0.226161
1434 0.167088 0.382665 0.0252418
1435 0.0908466 0.548045 -0.179904
1436 -0.32303 -0.0865964 0.0776725
1437 -0.272697 0.283482 -0.155671
1438 0.0994039 0.156919 -0.166896
1439 0.155709 0.367157 0.0724253
1440 -0.397778 0.171697 -0.0612004
1441 -0.00585167 0.183246 -0.238165
1442 0.119823 0.378586 0.138163
1443 0.148026 0.433948 0.0837183
1444 0.100736 -0.0456541 0.161616
1445 -0.00426491 -0.129529 0.236565
1446 -0.318196 -0.1558 0.0852052
1447 -0.305085 -0.185946 0.11809
1448 0.15464 -0.180366 0.0712301
1449 -0.112501 0.510692 0.247814
1450 -0.202294 -0.341441 -0.220191
1451 -0.11269 0.0206638 0.25335
1452 -0.241421 -0.322242 0.196363
1453 -0.321749 -0.405678 0.0649359
1454 0.161254 0.061938 -0.0720864
1455 -0.241008 -0.136404 -0.193626
1456 -0.15436 -0.382011 0.24155
1457 0.159101 0.549938 0.0687868
1458 -0.259621 -0.382968 0.172934
1459 0.14196 0.336831 -0.121126
1460 -0.203135 -0.0984728 0.288138
1461 0.0319949 0.306899 -0.222612
1462 -0.00106042 0.17527 0.229307
1463 -0.305566 -0.251721 0.117907
1464 -0.277626 0.00152143 0.158702
1465 0.168536 0.298425 -0.0261641
1466 -0.108386 -0.546486 -0.246455
1467 -0.124386 0.520006 0.191168
1468 -0.201625 -0.257732 -0.225911
1469 -0.325474 0.135684 0.0675825
1470 -0.337455 0.548695 0.0222238
1471 -0.202225 0.186016 -0.221719
1472 0.157853 -0.293422 0.0739488
1473 -0.304014 0.143696 -0.121646
1474 -0.240691 0.118802 0.189805
1475 -0.14747 0.520148 0.303143
1476 -0.270817 -0.231318 0.158535
1477 -0.0166108 0.35295 0.23759
1478 -0.274584 -0.545044 0.159654
1479 -0.0844611 0.521766 0.309256
1480 -0.202773 0.267889 -0.225829
1481 -0.0595218 -0.260024 -0.252731
1482 -0.305838 0.0358096 0.117216
1483 0.165096 -0.271883 -0.0318221
1484 -0.106872 0.289892 0.253391
1485 -0.202911 0.107023 0.287406
1486 -0.15847 0.0900934 0.243896
1487 0.138218 0.317628 0.115289
1488 -0.152506 -0.222214 0.240275
1489 -0.343412 0.170322 -0.0263864
1490 -0.00962578 0.111816 0.238669
1491 0.144298 -0.112251 -0.0998773
1492 -0.311259 -0.30924 0.12382
1493 -0.194338 -0.543653 0.223124
1494 -0.246439 -0.120698 0.1963
1495 0.0422456 0.458522 -0.213974
1496 -0.0131432 0.246288 0.237294
1497 0.0908616 -0.546019 -0.170847
1498 0.157558 0.313384 -0.0742487
1499 -0.202451 0.54828 -0.22218
1500 -0.33707 0.363938 0.0234595
1501 -0.156101 0.0278459 0.240203
1502 0.155384 -0.545522 -0.0681292
1503 0.0647972 -0.116702 -0.193759
1504 0.106585 -0.112118 0.160618
1505 -0.0151936 0.431862 -0.242057
1506 -0.245399 0.0873129 -0.1947
1507 -0.208395 0.273084 0.214221
1508 -0.249694 0.440928 0.179019
1509 0.209536 -0.305148 0.121103
1510 -0.0593347 0.514324 0.252997
1511 -0.281951 0.392692 0.144086
1512 -0.15066 -0.281641 0.232593
1513 -0.0604462 -0.192589 -0.244242
1514 -0.0458708 -0.281585 0.250533
1515 0.0743532 0.342919 -0.195446
1516 0.141429 -0.190866 -0.118991
1517 0.164031 0.3176 0.0236646
1518 -0.333829 -0.0825885 -0.0338486
1519 -0.108581 0.183669 -0.251061
1520 -0.261912 -0.449716 0.167436
1521 -0.0132462 0.255139 -0.241739
1522 0.106761 0.310692 0.0364426
1523 -0.0183191 0.343509 -0.240843
1524 0.13798 0.255534 -0.119736
1525 0.155566 0.299622 0.0694373
1526 0.034028 0.0400535 0.287696
1527 0.0306111 0.043151 0.228725
1528 -0.203503 -0.307424 -0.286603
1529 -0.159212 -0.313895 -0.243867
