1 -0.0848895 0.55206 0.307338
2 0.035137 -0.542281 0.289276
3 0.0887312 -0.542429 0.260594
4 0.0875759 0.551595 0.255291
5 0.135728 -0.542635 0.221974
6 0.134689 0.551243 0.216632
7 0.174252 -0.542768 0.174933
8 0.202058 0.550445 0.11598
9 0.219775 0.550011 0.0577179
10 0.225772 0.54944 -0.00283176
11 0.17358 0.548176 -0.175167
12 0.17426 -0.544468 -0.169935
13 0.134922 0.547993 -0.222217
14 0.0877432 0.54808 -0.260736
15 0.0886916 -0.544776 -0.255742
16 0.0341057 0.547828 -0.289351
17 0.0350126 -0.545024 -0.284346
18 -0.0232348 -0.545182 -0.302028
19 -0.203435 0.547751 -0.289265
20 -0.20248 -0.54523 -0.284549
21 -0.257142 0.547903 -0.260613
22 -0.304161 0.548188 -0.222032
23 -0.303145 -0.545388 -0.217175
24 -0.34278 0.548474 -0.175011
25 -0.37035 -0.545154 -0.116354
26 -0.387968 -0.544875 -0.0581464
27 -0.389196 0.548998 -0.0631438
28 -0.395149 0.549319 -0.00260575
29 -0.393941 -0.544543 0.00243603
30 -0.387955 -0.544243 0.0629904
31 -0.371566 0.549945 0.116129
32 -0.342863 0.550208 0.16983
33 -0.257319 0.550989 0.255226
34 -0.145456 0.551878 0.301346
35 0.220598 -0.54373 -0.0580229
36 -0.370234 -0.54396 0.121225
37 -0.34157 -0.543604 0.174868
38 0.0548837 -0.542959 0.14105
39 -0.0836212 -0.542057 0.313015
40 -0.144198 -0.542225 0.307002
41 -0.256105 -0.545359 -0.255808
42 0.202961 -0.542988 0.121294
43 0.0973827 -0.543183 0.0774645
44 -0.0231744 -0.542322 0.306944
45 0.202986 -0.544031 -0.116341
46 -0.30294 -0.543276 0.221871
47 -0.255962 -0.542918 0.260472
48 0.220756 -0.542995 0.0630427
49 -0.341659 -0.545244 -0.170099
50 -0.22228 -0.544811 -0.136411
51 -0.202306 -0.542655 0.289195
52 0.22672 -0.543209 0.00247597
53 -0.144238 -0.545299 -0.302066
54 -0.0837394 -0.545347 -0.307987
55 0.135717 -0.544538 -0.217083
56 0.0251709 -0.54285 0.165544
57 -0.192584 -0.54473 -0.16073
58 -0.246637 -0.544811 -0.106626
59 0.0548165 -0.544126 -0.136283
60 0.025112 -0.54433 -0.160633
61 -0.045495 -0.544631 -0.190039
62 -0.192414 -0.543154 0.165443
63 0.0792757 -0.542959 0.111354
64 0.108477 -0.543172 0.0407135
65 0.112225 -0.543355 0.00249418
66 -0.275868 -0.544555 -0.0359249
67 0.108527 -0.543664 -0.0357959
68 0.0972862 -0.543807 -0.0725535
69 0.0791806 -0.544027 -0.106475
70 -0.246474 -0.543661 0.111291
71 -0.00872115 -0.544522 -0.178833
72 -0.0835153 -0.542576 0.198513
73 -0.00866812 -0.542843 0.183667
74 -0.0837343 -0.544688 -0.193834
75 -0.12199 -0.54479 -0.190089
76 -0.264748 -0.544713 -0.0727034
77 -0.265921 0.548925 -0.0776169
78 -0.277102 0.549137 -0.0408302
79 0.10767 0.548822 -0.0409589
80 -0.279583 -0.54438 0.00232258
81 -0.280891 0.549296 -0.00261893
82 0.096503 0.548562 -0.0777351
83 0.0783817 0.548411 -0.111625
84 -0.275786 -0.544102 0.0406399
85 -0.264641 -0.543916 0.077411
86 -0.27712 0.549485 0.0356142
87 -0.222134 -0.543463 0.141036
88 -0.247837 0.549844 0.106242
89 -0.223477 0.549978 0.135928
90 -0.00957865 0.548279 -0.183748
91 -0.0453967 -0.542904 0.194897
92 -0.046491 0.551161 0.189451
93 -0.0846991 0.548101 -0.198654
94 -0.158565 -0.54302 0.183631
95 0.0241043 0.551073 0.160188
96 -0.121766 -0.542705 0.194734
97 -0.123177 0.551002 0.18948
98 -0.158697 -0.544676 -0.178829
99 -0.122949 0.548127 -0.194894
100 -0.159739 0.548223 -0.183738
101 0.0540066 0.550627 0.135714
102 0.0783815 0.550317 0.106004
103 -0.193648 0.548328 -0.165608
104 0.107739 0.549712 0.0354123
105 0.0339319 0.551835 0.283885
106 -0.0242907 0.5519 0.301491
107 -0.304298 0.55051 0.21673
108 -0.193901 0.550393 0.16018
109 -0.159953 0.550615 0.178246
110 0.173351 0.550942 0.169555
111 -0.00977417 0.551198 0.178264
112 -0.203673 0.551315 0.283831
113 -0.0849084 0.551038 0.193209
114 0.096509 0.54998 0.0721696
115 0.219969 0.548842 -0.0632946
116 0.11158 0.549283 -0.00273289
117 -0.389226 0.549578 0.0579492
118 -0.265987 0.549676 0.0723651
119 -0.247786 0.548743 -0.111482
120 -0.223362 0.548534 -0.141234
121 -0.371494 0.548712 -0.121386
122 0.202297 0.54846 -0.121557
123 -0.0241286 0.54771 -0.306955
124 -0.0846664 0.547566 -0.312941
125 0.05404 0.548306 -0.14134
126 0.0243583 0.54841 -0.165704
127 -0.0463502 0.548197 -0.194914
128 -0.145213 0.547634 -0.306939
129 -0.145471 0.551515 0.266148
130 0.1151 0.551065 0.187266
131 -0.0335216 0.55156 0.232338
132 -0.0895954 0.551585 0.249215
133 0.0392582 0.551411 0.210246
134 -0.247434 0.00189721 -0.108861
135 -0.371254 0.00177535 -0.118689
136 -0.3888 0.00263638 0.0606743
137 -0.193202 0.00348949 0.163066
138 -0.203105 0.004049 0.286873
139 -0.303784 0.00357883 0.219573
140 -0.371112 0.00292664 0.118899
141 -0.342406 0.0032252 0.172553
142 -0.256748 0.00384396 0.258163
143 -0.144881 0.00422497 0.304543
144 0.135148 0.00407516 0.219702
145 0.220181 0.0026427 -0.0604221
146 -0.0238395 0.00123447 -0.304517
147 -0.223057 0.00174388 -0.138558
148 -0.256981 0.00125283 -0.258073
149 -0.145028 0.00116096 -0.304451
150 -0.203286 0.00117826 -0.286778
151 -0.0844409 0.00119411 -0.310434
152 -0.304001 0.00137295 -0.219421
153 -0.34259 0.00158787 -0.172387
154 -0.193364 0.00167268 -0.162948
155 -0.15946 0.00165328 -0.181069
156 -0.122677 0.00164593 -0.192247
157 -0.084422 0.0016601 -0.196023
158 -0.0461669 0.00168562 -0.192228
159 -0.00937449 0.00177926 -0.181077
160 0.0245238 0.00188475 -0.162947
161 0.0542395 0.00204239 -0.13855
162 0.0786479 0.0022624 -0.108795
163 0.0967736 0.00245198 -0.0748905
164 0.107939 0.00264603 -0.0381011
165 0.111708 0.00284623 0.000160067
166 0.10793 0.00309226 0.0384151
167 0.0967788 0.00327728 0.075199
168 0.0786589 0.00344059 0.109094
169 0.0542758 0.00357759 0.138795
170 0.0245891 0.00375223 0.163134
171 -0.00929867 0.00381108 0.181239
172 -0.0460722 0.00383434 0.192387
173 -0.0843084 0.00380717 0.19614
174 -0.12255 0.00373741 0.192354
175 -0.159317 0.00362304 0.18119
176 0.135158 0.00177666 -0.219475
177 0.0344284 0.00138716 -0.286845
178 0.0881247 0.00157785 -0.258138
179 0.173789 0.00196323 -0.172372
180 0.202512 0.00234665 -0.118692
181 0.202497 0.00358179 0.119007
182 0.226132 0.00296131 0.000172965
183 0.220166 0.00329927 0.0607501
184 0.173783 0.00382666 0.172677
185 0.0344514 0.00434138 0.286944
186 -0.0843242 0.00433212 0.310514
187 -0.0237802 0.00436964 0.304583
188 0.0881258 0.00423767 0.258297
189 -0.222929 0.00320707 0.138645
190 -0.247323 0.00302021 0.108959
191 -0.26545 0.00283465 0.0750743
192 -0.276624 0.00263618 0.0383058
193 -0.28041 0.00239584 6.56072e-05
194 -0.276666 0.00221888 -0.0381838
195 -0.265535 0.00205264 -0.0749623
196 -0.394798 0.00231887 0.000111897
197 -0.388882 0.00202973 -0.0604437
198 -0.247611 0.27529 -0.110053
199 -0.371417 0.275172 -0.119919
200 -0.257091 0.274567 -0.259251
201 -0.00954705 0.274973 -0.182304
202 -0.024049 0.274385 -0.305705
203 -0.145212 0.274312 -0.305655
204 -0.0846259 0.274301 -0.311644
205 -0.203467 0.274384 -0.287973
206 0.0879133 0.274655 -0.259377
207 0.11151 0.276049 -0.00112966
208 0.219951 0.276529 0.0595006
209 -0.00955112 0.27734 0.179925
210 0.0341673 0.27796 0.285562
211 0.173497 0.277239 0.171377
212 0.0878267 0.277822 0.256898
213 0.13487 0.277573 0.218384
214 0.20224 0.276909 0.11773
215 -0.0240375 0.278007 0.303197
216 -0.193414 0.276901 0.161806
217 -0.256931 0.277287 0.256929
218 -0.145029 0.277827 0.303238
219 -0.20325 0.277602 0.285582
220 -0.0845076 0.27797 0.309147
221 -0.342621 0.276685 0.171303
222 -0.395008 0.275739 -0.00112281
223 -0.371344 0.276375 0.117646
224 -0.389029 0.276053 0.0594276
225 -0.389062 0.275448 -0.061677
226 -0.276822 0.276057 0.0370801
227 -0.280632 0.275804 -0.00114731
228 -0.276871 0.27563 -0.0393904
229 -0.265722 0.275454 -0.0761621
230 -0.265649 0.276266 0.0738463
231 -0.247537 0.27648 0.107744
232 -0.223153 0.276661 0.137438
233 -0.303983 0.27703 0.21836
234 -0.159526 0.277082 0.179917
235 -0.12276 0.277214 0.191051
236 -0.0845303 0.277313 0.194809
237 -0.0463138 0.277374 0.191067
238 0.0243376 0.277255 0.161831
239 0.0540327 0.276987 0.137471
240 0.0784372 0.276808 0.107786
241 0.0965674 0.276591 0.0739013
242 0.107736 0.276349 0.037124
243 0.20235 0.275395 -0.119986
244 0.22597 0.276104 -0.00110318
245 0.22002 0.27574 -0.0617108
246 0.173618 0.275094 -0.173723
247 0.13498 0.274833 -0.220789
248 0.107746 0.275809 -0.0393937
249 0.0965864 0.275582 -0.07619
250 0.0784647 0.275387 -0.110107
251 0.054085 0.275207 -0.139826
252 0.0243639 0.275067 -0.164202
253 0.0342109 0.274492 -0.288064
254 -0.0463374 0.274899 -0.193448
255 -0.0845922 0.274829 -0.197229
256 -0.122856 0.274843 -0.193434
257 -0.159634 0.274889 -0.182247
258 -0.193536 0.274963 -0.164126
259 -0.223249 0.27515 -0.139739
260 -0.304147 0.274698 -0.220642
261 -0.342733 0.274906 -0.173561
262 -0.247149 -0.271428 -0.107765
263 -0.370976 -0.271645 -0.117567
264 -0.30375 -0.271992 -0.218327
265 -0.0458647 -0.271406 -0.191153
266 -0.0841509 -0.272033 -0.3094
267 0.0347329 -0.271715 -0.285703
268 0.135502 -0.271325 -0.218348
269 0.202815 -0.270797 -0.117586
270 0.226435 -0.270203 0.00126676
271 0.202805 -0.269673 0.120121
272 0.0884499 -0.269097 0.259458
273 -0.0840366 -0.269568 0.197272
274 -0.1223 -0.269636 0.193488
275 -0.084071 -0.269036 0.311725
276 -0.202911 -0.269342 0.288019
277 -0.276334 -0.270741 0.0394198
278 -0.394522 -0.271127 0.00122766
279 -0.342167 -0.27023 0.173652
280 -0.256543 -0.269613 0.259314
281 -0.303585 -0.269883 0.220688
282 -0.370864 -0.27051 0.119986
283 -0.388533 -0.270817 0.0617665
284 -0.388595 -0.27141 -0.0593236
285 -0.280115 -0.27097 0.00117082
286 -0.276369 -0.271156 -0.037074
287 -0.265236 -0.271308 -0.0738543
288 -0.265175 -0.270543 0.0761917
289 -0.247053 -0.270334 0.110073
290 -0.22266 -0.27015 0.13977
291 -0.192975 -0.269899 0.164202
292 -0.159081 -0.269741 0.182321
293 -0.144656 -0.269154 0.305713
294 0.03477 -0.269008 0.288122
295 -0.0234793 -0.268982 0.30578
296 -0.0457786 -0.269511 0.193538
297 -0.00899442 -0.26952 0.182389
298 0.0249117 -0.269572 0.164295
299 0.0545977 -0.269697 0.139977
300 0.0789608 -0.269824 0.110235
301 0.0970748 -0.269963 0.0763316
302 0.108226 -0.270125 0.0395438
303 0.111996 -0.270317 0.00125711
304 0.108227 -0.270508 -0.0370048
305 0.0970702 -0.270694 -0.0737971
306 0.0789124 -0.270898 -0.107727
307 0.0545423 -0.27105 -0.137443
308 0.0248378 -0.271193 -0.161847
309 -0.00907057 -0.271317 -0.179986
310 0.17413 -0.269474 0.173813
311 0.135533 -0.269247 0.220859
312 0.220473 -0.269915 0.0618688
313 0.220482 -0.270501 -0.059324
314 0.174117 -0.271047 -0.171296
315 0.0884273 -0.271522 -0.256991
316 -0.0235327 -0.271863 -0.303393
317 -0.203002 -0.272052 -0.285691
318 -0.144743 -0.272052 -0.303379
319 -0.256678 -0.272073 -0.256952
320 -0.0841316 -0.271547 -0.194902
321 -0.122396 -0.271566 -0.191147
322 -0.159184 -0.271562 -0.179978
323 -0.19309 -0.271536 -0.161854
324 -0.222798 -0.2715 -0.137475
325 -0.342312 -0.271873 -0.171253
326 -0.00960515 0.411598 -0.182981
327 0.0341426 0.411068 -0.288749
328 -0.0241079 0.410966 -0.30638
329 -0.145274 0.410886 -0.30633
330 -0.0846502 0.411466 -0.197859
331 -0.0463951 0.411517 -0.194117
332 -0.122909 0.411451 -0.194074
333 -0.159696 0.411502 -0.1829
334 -0.193596 0.411626 -0.164774
335 -0.30422 0.411362 -0.221292
336 -0.371487 0.411869 -0.120612
337 -0.395148 0.412465 -0.00186407
338 -0.276955 0.412751 0.0363524
339 -0.280733 0.412533 -0.00183454
340 -0.276951 0.412368 -0.0400765
341 -0.26579 0.41217 -0.0768347
342 -0.247671 0.411989 -0.110716
343 -0.223316 0.411746 -0.140421
344 -0.265797 0.412975 0.0731259
345 -0.342778 0.413397 0.170577
346 -0.257063 0.414023 0.256194
347 -0.223271 0.413358 0.136704
348 -0.193545 0.413625 0.161042
349 -0.159621 0.413844 0.179133
350 -0.145119 0.414703 0.30241
351 -0.0241441 0.414922 0.302385
352 -0.00966989 0.414222 0.179131
353 -0.0464215 0.414239 0.190269
354 0.0241982 0.414118 0.161027
355 0.0876886 0.414675 0.256099
356 0.173404 0.413983 0.17059
357 0.0965218 0.413283 0.0731043
358 0.107699 0.413004 0.0363373
359 0.225936 0.412608 -0.00184421
360 0.202156 0.413604 0.116973
361 0.219875 0.41317 0.0587323
362 0.220021 0.412229 -0.0624788
363 0.173589 0.411593 -0.174491
364 0.024302 0.411657 -0.164886
365 0.0540349 0.411724 -0.140515
366 0.0784007 0.411889 -0.110854
367 0.0965234 0.412071 -0.0769356
368 0.107672 0.412315 -0.0401354
369 0.111444 0.412561 -0.00186973
370 0.0878465 0.411213 -0.260069
371 0.134927 0.411354 -0.221514
372 0.202322 0.411882 -0.120751
373 0.0783805 0.413519 0.106977
374 0.0539667 0.413753 0.136649
375 0.134755 0.414383 0.217556
376 0.0340504 0.414848 0.284742
377 -0.0846222 0.414865 0.308332
378 -0.0846651 0.414151 0.194054
379 -0.122876 0.414012 0.19029
380 -0.203352 0.414397 0.284836
381 -0.247665 0.413163 0.107003
382 -0.304163 0.413739 0.217653
383 -0.371477 0.413093 0.116929
384 -0.389158 0.41277 0.0587051
385 -0.389151 0.412181 -0.0623912
386 -0.342812 0.411563 -0.174268
387 -0.257188 0.411165 -0.259944
388 -0.203536 0.41095 -0.288624
389 -0.0846777 0.410889 -0.312314
390 -0.00950391 0.138379 -0.181661
391 0.087966 0.138062 -0.258729
392 0.173716 0.138582 -0.173035
393 0.0541597 0.1386 -0.139177
394 0.0785518 0.138837 -0.109427
395 0.0966754 0.139035 -0.0755168
396 0.107841 0.139253 -0.0387217
397 0.226022 0.139596 -0.000422579
398 0.202343 0.140227 0.118403
399 0.0785355 0.140109 0.108479
400 0.0541513 0.140255 0.138167
401 0.0879742 0.141006 0.257646
402 0.173642 0.1405 0.172063
403 0.135005 0.140814 0.219073
404 -0.0239058 0.141161 0.303939
405 -0.00942725 0.140551 0.180624
406 0.0244587 0.140479 0.162517
407 -0.0461909 0.14057 0.191768
408 -0.0844197 0.140544 0.195512
409 -0.122652 0.140461 0.191746
410 -0.144972 0.140996 0.303932
411 -0.256846 0.140544 0.257579
412 -0.342506 0.13997 0.171957
413 -0.223022 0.139941 0.138068
414 -0.247408 0.13974 0.108373
415 -0.265537 0.13954 0.0744943
416 -0.276709 0.139336 0.0377252
417 -0.388907 0.139344 0.060091
418 -0.388967 0.138753 -0.0610353
419 -0.342698 0.138246 -0.172965
420 -0.265613 0.138744 -0.0755457
421 -0.247514 0.138591 -0.10944
422 -0.223164 0.138419 -0.139138
423 -0.193481 0.138333 -0.163509
424 -0.257075 0.137901 -0.258668
425 -0.145165 0.137734 -0.305046
426 -0.0462905 0.138298 -0.192817
427 -0.0845439 0.138231 -0.196565
428 -0.122799 0.138249 -0.192796
429 -0.159585 0.138272 -0.181631
430 -0.0239958 0.137794 -0.305064
431 0.0342652 0.137925 -0.287398
432 -0.084557 0.137725 -0.311016
433 -0.203411 0.137773 -0.287351
434 -0.304107 0.138046 -0.220032
435 -0.276754 0.138922 -0.0387682
436 -0.280512 0.139119 -0.000524605
437 -0.371328 0.138479 -0.119275
438 -0.394877 0.139042 -0.000459211
439 -0.371207 0.139655 0.118303
440 -0.193311 0.140204 0.162482
441 -0.159424 0.140351 0.180587
442 -0.3039 0.140289 0.218983
443 -0.203185 0.140816 0.286268
444 -0.0844265 0.141111 0.309895
445 0.034315 0.141113 0.286294
446 0.096662 0.139921 0.0745911
447 0.107822 0.139705 0.0378146
448 0.111587 0.139497 -0.000462891
449 0.220036 0.139891 0.0601756
450 0.202408 0.138878 -0.119308
451 0.220081 0.139213 -0.0610327
452 0.0244146 0.138509 -0.163544
453 0.135093 0.138314 -0.220116
454 -0.0460289 -0.134879 -0.191696
455 -0.0843296 -0.135406 -0.309921
456 0.0345645 -0.135167 -0.286262
457 0.135336 -0.134753 -0.218915
458 0.0543772 -0.13452 -0.138006
459 0.024673 -0.134658 -0.162405
460 -0.00923551 -0.134784 -0.180535
461 0.0787884 -0.134312 -0.108252
462 0.0969159 -0.134125 -0.0743467
463 0.220336 -0.133927 -0.0598823
464 0.220316 -0.133311 0.0612981
465 0.111848 -0.133726 0.000718334
466 0.108071 -0.13394 -0.037553
467 0.108084 -0.133533 0.0389794
468 0.0969297 -0.133354 0.0757657
469 0.0788086 -0.133202 0.10966
470 0.135352 -0.132608 0.220273
471 0.202651 -0.133043 0.119549
472 0.173954 -0.132799 0.173237
473 0.0345998 -0.132355 0.287536
474 0.0247488 -0.132923 0.163704
475 -0.0091498 -0.132868 0.181808
476 -0.0459279 -0.132849 0.192949
477 -0.0841812 -0.132901 0.196705
478 -0.0842076 -0.132388 0.311103
479 -0.144773 -0.132498 0.305118
480 -0.256652 -0.132942 0.258728
481 -0.342298 -0.133493 0.173112
482 -0.222824 -0.133507 0.139265
483 -0.247185 -0.133665 0.109529
484 -0.265313 -0.133859 0.0756408
485 -0.276477 -0.134061 0.0388676
486 -0.388705 -0.134088 0.0612346
487 -0.388753 -0.134687 -0.0598749
488 -0.265399 -0.134634 -0.0743939
489 -0.247305 -0.134769 -0.108307
490 -0.342479 -0.135117 -0.171774
491 -0.303899 -0.135285 -0.21885
492 -0.144923 -0.13544 -0.303951
493 -0.193241 -0.13493 -0.162403
494 -0.222938 -0.134824 -0.138038
495 -0.159346 -0.13497 -0.180525
496 -0.122561 -0.134968 -0.191686
497 -0.0843017 -0.134943 -0.195454
498 -0.256845 -0.135409 -0.257513
499 -0.203174 -0.135437 -0.286245
500 -0.371129 -0.134935 -0.118118
501 -0.276545 -0.13447 -0.0376139
502 -0.280291 -0.134295 0.000630486
503 -0.394679 -0.134417 0.000684843
504 -0.370999 -0.133792 0.119457
505 -0.19309 -0.13321 0.163627
506 -0.159196 -0.13307 0.181753
507 -0.122426 -0.132972 0.192924
508 -0.303677 -0.133181 0.220123
509 -0.203008 -0.132666 0.287436
510 -0.0236433 -0.13233 0.30518
511 0.0544251 -0.133073 0.139369
512 0.0882843 -0.132442 0.258871
513 0.226282 -0.133607 0.000727464
514 0.20266 -0.134223 -0.118145
515 0.173968 -0.13448 -0.171879
516 0.088259 -0.134981 -0.257549
517 -0.0237056 -0.135324 -0.303933
518 -0.246922 -0.408103 -0.107188
519 -0.370729 -0.408385 -0.116993
520 -0.303537 -0.408668 -0.217755
521 -0.202821 -0.40864 -0.285161
522 -0.192905 -0.408121 -0.161265
523 -0.222603 -0.408096 -0.136901
524 -0.159003 -0.408106 -0.179396
525 -0.122214 -0.40807 -0.190575
526 -0.0839379 -0.408 -0.19434
527 -0.0839704 -0.408501 -0.308832
528 -0.0233089 -0.408464 -0.302822
529 0.0886231 -0.408142 -0.256422
530 0.174265 -0.40771 -0.170709
531 0.220622 -0.407063 -0.0588001
532 0.108354 -0.407052 -0.0364584
533 0.0972062 -0.407262 -0.0732503
534 0.0790879 -0.407418 -0.107154
535 0.0547091 -0.407606 -0.136855
536 0.0249924 -0.407763 -0.161255
537 -0.00889792 -0.407883 -0.179399
538 -0.0456871 -0.407986 -0.190574
539 0.112125 -0.406873 0.00180565
540 0.108368 -0.40668 0.0401127
541 0.202974 -0.406261 0.120701
542 0.226606 -0.406775 0.0017977
543 0.22063 -0.406483 0.0624386
544 0.174316 -0.40606 0.174414
545 0.0886124 -0.405759 0.260034
546 -0.023288 -0.405606 0.306384
547 -0.00882463 -0.406158 0.182991
548 -0.0455981 -0.406133 0.194151
549 -0.0838014 -0.406139 0.197867
550 -0.122089 -0.406186 0.194068
551 -0.202734 -0.405952 0.28865
552 -0.303399 -0.406574 0.221297
553 -0.192761 -0.40654 0.164763
554 -0.158874 -0.40634 0.182894
555 -0.22243 -0.406769 0.140389
556 -0.246804 -0.407015 0.110676
557 -0.264929 -0.407222 0.0767941
558 -0.388296 -0.407544 0.0623683
559 -0.265015 -0.407997 -0.0732886
560 -0.276138 -0.40784 -0.0365072
561 -0.279869 -0.407679 0.00175027
562 -0.276094 -0.407423 0.0400173
563 -0.388359 -0.408143 -0.0587531
564 -0.394282 -0.407895 0.00180001
565 -0.370623 -0.407244 0.120586
566 -0.341942 -0.406917 0.174248
567 -0.256366 -0.406298 0.259908
568 -0.0838716 -0.405565 0.312387
569 -0.144493 -0.405706 0.306391
570 0.0250716 -0.406221 0.164871
571 0.0547174 -0.40633 0.140563
572 0.0790715 -0.406393 0.110812
573 0.0971997 -0.406537 0.0769056
574 0.0349512 -0.405671 0.288704
575 0.13567 -0.405897 0.221424
576 0.20296 -0.407391 -0.117055
577 0.135663 -0.407925 -0.217766
578 0.0349431 -0.408309 -0.285131
579 -0.144572 -0.40858 -0.302845
580 -0.256491 -0.408693 -0.256405
581 -0.342095 -0.408543 -0.170675
582 -0.159669 0.343197 -0.182572
583 -0.193563 0.343302 -0.164441
584 -0.223256 0.343452 -0.140063
585 -0.247634 0.34364 -0.110372
586 -0.265755 0.34381 -0.0764895
587 -0.276905 0.343998 -0.0397249
588 -0.280662 0.344207 -0.00149938
589 -0.2769 0.344401 0.0367184
590 -0.26573 0.344611 0.0734834
591 -0.247604 0.344813 0.107369
592 -0.223196 0.344979 0.137054
593 -0.193487 0.345266 0.161436
594 -0.159582 0.345453 0.179544
595 -0.122815 0.3456 0.190674
596 -0.0845842 0.345703 0.194413
597 -0.0463728 0.345798 0.190675
598 -0.00961452 0.345774 0.179534
599 0.0242656 0.345675 0.161442
600 0.0539743 0.345359 0.137056
601 0.0783848 0.345156 0.107392
602 0.096532 0.344937 0.0735148
603 0.107709 0.344672 0.036745
604 0.111474 0.344319 -0.00149389
605 0.107713 0.344075 -0.0397579
606 0.0965531 0.34384 -0.0765513
607 0.0784201 0.343635 -0.110464
608 0.0540556 0.343472 -0.14015
609 0.0243168 0.343364 -0.164535
610 -0.00959093 0.343284 -0.182637
611 -0.0463735 0.343203 -0.19378
612 -0.0846319 0.34316 -0.197529
613 -0.122885 0.343151 -0.193747
614 -0.223335 0.480131 -0.140777
615 -0.193604 0.479914 -0.16511
616 -0.159704 0.479782 -0.183221
617 -0.122905 0.479684 -0.194366
618 -0.0846462 0.479684 -0.198142
619 -0.0464224 0.47984 -0.194468
620 -0.00964389 0.479903 -0.183333
621 0.0242642 0.479948 -0.165227
622 0.0540493 0.480022 -0.140863
623 0.0783717 0.480138 -0.111231
624 0.096505 0.480305 -0.0773193
625 0.107684 0.480572 -0.0405331
626 0.111446 0.480824 -0.00228008
627 0.1076 0.481287 0.0358829
628 0.0964325 0.481614 0.072669
629 0.078301 0.481882 0.106535
630 0.0539032 0.482148 0.136223
631 0.02415 0.48258 0.160599
632 -0.00973322 0.482685 0.178686
633 -0.0464835 0.482692 0.189854
634 -0.0847609 0.482575 0.193598
635 -0.122981 0.482463 0.18984
636 -0.159734 0.482224 0.1787
637 -0.193641 0.481913 0.16058
638 -0.223337 0.481645 0.136293
639 -0.247728 0.481487 0.106621
640 -0.265844 0.481305 0.072734
641 -0.277001 0.481088 0.0359718
642 -0.280783 0.48092 -0.00219999
643 -0.276993 0.480729 -0.040423
644 -0.265822 0.480539 -0.077192
645 -0.2477 0.480354 -0.111068
646 -0.00952093 0.206677 -0.181979
647 0.0243842 0.206786 -0.163863
648 0.0540977 0.206925 -0.139467
649 0.0785029 0.207115 -0.109757
650 0.0966237 0.207312 -0.0758424
651 0.107785 0.207533 -0.0390451
652 0.11154 0.207781 -0.000783173
653 0.10777 0.208023 0.0374697
654 0.0966124 0.20825 0.0742509
655 0.0784803 0.208454 0.108135
656 0.0540956 0.208614 0.13783
657 0.0243885 0.208862 0.162189
658 -0.00949423 0.208937 0.180281
659 -0.0462527 0.208962 0.191426
660 -0.0844733 0.208912 0.195183
661 -0.122701 0.208831 0.191414
662 -0.159465 0.208708 0.180264
663 -0.193386 0.208555 0.162121
664 -0.223093 0.208349 0.13778
665 -0.247478 0.208113 0.108069
666 -0.265595 0.207896 0.0741801
667 -0.276766 0.207688 0.0374137
668 -0.280542 0.207481 -0.000836319
669 -0.276806 0.207285 -0.0390779
670 -0.265669 0.207104 -0.0758539
671 -0.247567 0.206946 -0.10975
672 -0.223208 0.206757 -0.139441
673 -0.193525 0.206661 -0.163827
674 -0.159615 0.20658 -0.181939
675 -0.122831 0.206546 -0.193112
676 -0.0845704 0.206504 -0.196874
677 -0.046314 0.206603 -0.193125
678 -0.00945159 0.0700664 -0.181367
679 -0.0462391 0.0699678 -0.192528
680 -0.084474 0.0699816 -0.196299
681 -0.122742 0.0699488 -0.192506
682 -0.159525 0.0699705 -0.181338
683 -0.193408 0.0700121 -0.163206
684 -0.223105 0.0700767 -0.13885
685 -0.247474 0.0702384 -0.109144
686 -0.265572 0.0703934 -0.0752452
687 -0.276706 0.0705687 -0.0384684
688 -0.280462 0.0707674 -0.000223344
689 -0.276662 0.0709862 0.0380269
690 -0.26549 0.0711852 0.0747944
691 -0.247363 0.0713753 0.108678
692 -0.222974 0.0715612 0.138363
693 -0.193252 0.0718372 0.162785
694 -0.159362 0.0719784 0.180897
695 -0.122596 0.0720972 0.192057
696 -0.0843624 0.0721991 0.195823
697 -0.0461257 0.0721898 0.192075
698 -0.00935571 0.0721749 0.180941
699 0.0245448 0.0721006 0.162847
700 0.0542056 0.071929 0.138503
701 0.0785872 0.0717703 0.108793
702 0.096699 0.0715896 0.0749009
703 0.107867 0.0713893 0.0381209
704 0.111659 0.0711597 -0.000143975
705 0.10788 0.0709491 -0.0384038
706 0.0967168 0.0707491 -0.0751916
707 0.078585 0.07055 -0.109098
708 0.0541711 0.0703423 -0.138868
709 0.0244541 0.0701698 -0.163243
710 -0.0461002 -0.0665866 -0.191965
711 -0.00930958 -0.066492 -0.180807
712 0.0246 -0.0663688 -0.162683
713 0.0543052 -0.066196 -0.138275
714 0.0787208 -0.0660291 -0.108528
715 0.0968479 -0.0658404 -0.0746242
716 0.108006 -0.0656554 -0.0378326
717 0.111758 -0.0654746 0.000425133
718 0.108008 -0.0652149 0.0386941
719 0.0968506 -0.0650383 0.0754783
720 0.0787331 -0.0648815 0.109375
721 0.0543505 -0.0647478 0.139085
722 0.0246747 -0.0645789 0.163426
723 -0.00922828 -0.0645347 0.181523
724 -0.0460069 -0.0645118 0.192663
725 -0.0842474 -0.0645555 0.196416
726 -0.122486 -0.0646206 0.192642
727 -0.159256 -0.0647279 0.181469
728 -0.193158 -0.0648735 0.16336
729 -0.222859 -0.0651177 0.138929
730 -0.24726 -0.0653244 0.109234
731 -0.265393 -0.0655145 0.0753517
732 -0.27656 -0.0657184 0.0385839
733 -0.28035 -0.065946 0.000337321
734 -0.27661 -0.0661251 -0.0379093
735 -0.265473 -0.0662902 -0.0746868
736 -0.247369 -0.0664299 -0.108583
737 -0.223005 -0.0665339 -0.138291
738 -0.193305 -0.0666275 -0.162673
739 -0.159405 -0.0666573 -0.180796
740 -0.122626 -0.0666705 -0.191959
741 -0.0843713 -0.0666548 -0.195721
742 0.0969906 -0.20242 -0.0740719
743 0.108153 -0.202224 -0.0372843
744 0.111917 -0.202024 0.000977066
745 0.10815 -0.201829 0.039262
746 0.097001 -0.201662 0.0760493
747 0.0788904 -0.201518 0.109951
748 0.0545143 -0.201394 0.139661
749 0.0248203 -0.201243 0.163991
750 -0.0090823 -0.201201 0.182095
751 -0.045865 -0.201184 0.193233
752 -0.0841112 -0.201238 0.196988
753 -0.122361 -0.201315 0.193212
754 -0.159135 -0.201415 0.182041
755 -0.193032 -0.201555 0.163917
756 -0.22275 -0.20182 0.139499
757 -0.247141 -0.202006 0.109806
758 -0.265265 -0.202202 0.0759179
759 -0.27644 -0.202397 0.0391421
760 -0.280214 -0.202648 0.00091023
761 -0.276461 -0.202816 -0.0373446
762 -0.265326 -0.202974 -0.0741214
763 -0.247229 -0.203089 -0.108019
764 -0.222892 -0.203226 -0.137745
765 -0.193174 -0.203232 -0.162142
766 -0.159274 -0.203259 -0.180277
767 -0.122482 -0.20325 -0.191442
768 -0.0842273 -0.203223 -0.19522
769 -0.0459576 -0.20314 -0.19139
770 -0.00916092 -0.203049 -0.180232
771 0.0247478 -0.202921 -0.16211
772 0.0544851 -0.202734 -0.137714
773 0.0788727 -0.202612 -0.107984
774 -0.222711 -0.339824 -0.13719
775 -0.247055 -0.339759 -0.107481
776 -0.265143 -0.339648 -0.073576
777 -0.276268 -0.339496 -0.0367968
778 -0.280017 -0.339316 0.00145729
779 -0.27623 -0.339089 0.0397206
780 -0.265069 -0.338889 0.0764938
781 -0.246951 -0.338679 0.110379
782 -0.222587 -0.338475 0.140107
783 -0.192858 -0.33821 0.164472
784 -0.158966 -0.338054 0.182617
785 -0.122192 -0.337932 0.193818
786 -0.08393 -0.337858 0.197605
787 -0.0456782 -0.337818 0.193838
788 -0.0088946 -0.337837 0.182694
789 0.0250023 -0.337902 0.164584
790 0.0546473 -0.338039 0.140245
791 0.0790251 -0.338122 0.110531
792 0.0971371 -0.338266 0.07662
793 0.108303 -0.338411 0.0398296
794 0.112059 -0.3386 0.00154931
795 0.108293 -0.338789 -0.0367137
796 0.0971442 -0.338987 -0.0735139
797 0.0790255 -0.339149 -0.107418
798 0.0546393 -0.339353 -0.137184
799 0.0249282 -0.339483 -0.161574
800 -0.00897677 -0.339597 -0.179707
801 -0.0457687 -0.339701 -0.190884
802 -0.0840467 -0.339771 -0.194626
803 -0.122322 -0.339825 -0.190851
804 -0.159119 -0.339844 -0.179683
805 -0.193032 -0.339828 -0.161579
806 -0.246762 -0.47644 -0.106916
807 -0.222402 -0.476517 -0.136612
808 -0.192777 -0.47641 -0.161019
809 -0.158871 -0.476376 -0.179096
810 -0.122082 -0.476329 -0.19025
811 -0.0838245 -0.476227 -0.194005
812 -0.0456273 -0.476202 -0.190218
813 -0.00883985 -0.476118 -0.179041
814 0.0250594 -0.476021 -0.160915
815 0.054789 -0.475849 -0.13654
816 0.0791352 -0.475742 -0.106829
817 0.0972219 -0.475525 -0.0729265
818 0.108381 -0.475302 -0.0361341
819 0.112159 -0.475087 0.00214404
820 0.108417 -0.47493 0.040408
821 0.0972345 -0.474797 0.0771989
822 0.0791323 -0.474664 0.11113
823 0.0547682 -0.474632 0.140864
824 0.0251203 -0.47454 0.165138
825 -0.0087546 -0.474481 0.183271
826 -0.0455389 -0.474434 0.19442
827 -0.0836965 -0.474305 0.198188
828 -0.121938 -0.474442 0.194411
829 -0.158711 -0.47462 0.183218
830 -0.192582 -0.474776 0.165061
831 -0.222262 -0.475072 0.140715
832 -0.246632 -0.475345 0.110953
833 -0.264759 -0.475555 0.0770762
834 -0.275948 -0.475754 0.0403152
835 -0.279711 -0.475985 0.00205333
836 -0.275954 -0.476178 -0.0362113
837 -0.264841 -0.476334 -0.0729954
838 -0.305318 -0.54484 -0.116356
839 -0.134078 -0.542461 0.245091
840 0.163871 -0.543271 -0.0171741
841 -0.160438 -0.5448 -0.234164
842 -0.304759 -0.543934 0.115736
843 0.109107 -0.542861 0.160421
844 0.0372714 -0.544465 -0.214805
845 -0.0635678 -0.542167 0.251239
846 -0.332679 -0.544492 -0.0193025
847 0.134263 -0.543904 -0.117558
848 -0.223813 -0.544913 -0.202835
849 -0.241604 -0.543348 0.195219
850 0.158673 -0.543114 0.0530406
851 -0.0592491 -0.544467 -0.245966
852 0.0341541 -0.542692 0.223562
853 -0.277385 0.55028 0.156288
854 0.158781 0.548808 -0.0488007
855 0.135536 0.550439 0.113194
856 -0.323543 0.549723 0.0697741
857 -0.24323 0.54837 -0.19517
858 -0.333062 0.549288 -0.0271152
859 0.035145 0.547958 -0.221194
860 -0.109958 0.547628 -0.251
861 0.133936 0.548291 -0.118942
862 0.0881906 -0.0667037 -0.257841
863 0.135259 -0.0664771 -0.219189
864 0.173871 -0.0662341 -0.172113
865 0.202579 -0.0659325 -0.11841
866 0.220252 -0.0656413 -0.0601449
867 0.226229 -0.0653542 0.000435248
868 0.220243 -0.0650019 0.061024
869 0.202572 -0.0647298 0.119278
870 0.173873 -0.0644906 0.172959
871 0.13525 -0.0642777 0.21999
872 0.0882014 -0.0641029 0.258578
873 0.0345205 -0.0640148 0.287244
874 -0.023717 -0.0639916 0.304888
875 -0.0842824 -0.0640436 0.310818
876 -0.14483 -0.0641408 0.304834
877 -0.203056 -0.0643159 0.287158
878 -0.256715 -0.0645357 0.258452
879 -0.303757 -0.0647918 0.219851
880 -0.34236 -0.0651435 0.17283
881 -0.371062 -0.0654401 0.119174
882 -0.388754 -0.0657321 0.0609509
883 -0.39475 -0.0660496 0.000401512
884 -0.388827 -0.0663262 -0.0601647
885 -0.371195 -0.0665838 -0.118406
886 -0.34255 -0.066801 -0.172094
887 -0.303959 -0.0669719 -0.219167
888 -0.25692 -0.0670678 -0.257801
889 -0.20323 -0.0671303 -0.286514
890 -0.14498 -0.0671502 -0.304194
891 -0.0843954 -0.067119 -0.310194
892 -0.0237689 -0.0670366 -0.304218
893 0.0344919 -0.0668916 -0.286549
894 0.0348298 -0.340018 -0.285416
895 0.0885154 -0.339831 -0.256695
896 0.135602 -0.33962 -0.218071
897 0.174191 -0.339381 -0.170996
898 0.20289 -0.339088 -0.117309
899 0.220571 -0.338785 -0.0590394
900 0.226523 -0.33849 0.00155671
901 0.220551 -0.338202 0.0621499
902 0.202893 -0.33797 0.120406
903 0.174204 -0.337771 0.174099
904 0.135596 -0.337561 0.221145
905 0.088563 -0.337386 0.259716
906 0.0348782 -0.337335 0.288417
907 -0.0233729 -0.337292 0.306088
908 -0.0839695 -0.337354 0.31201
909 -0.144555 -0.337467 0.306003
910 -0.202823 -0.337657 0.288313
911 -0.256468 -0.337915 0.259621
912 -0.303491 -0.338199 0.220985
913 -0.342057 -0.338565 0.173948
914 -0.370753 -0.338878 0.120283
915 -0.388423 -0.339183 0.0620626
916 -0.39439 -0.339506 0.00153096
917 -0.388473 -0.339775 -0.059035
918 -0.370848 -0.340012 -0.117276
919 -0.342218 -0.34024 -0.170952
920 -0.303645 -0.34033 -0.218053
921 -0.25664 -0.340327 -0.256696
922 -0.202933 -0.340349 -0.285436
923 -0.144664 -0.340321 -0.303124
924 -0.0840434 -0.340267 -0.309113
925 -0.023434 -0.340171 -0.303092
926 -0.0847092 0.479139 -0.312731
927 -0.145292 0.479159 -0.306756
928 -0.203553 0.479259 -0.289031
929 -0.257183 0.479499 -0.260297
930 -0.304202 0.479764 -0.221696
931 -0.342822 0.480022 -0.17464
932 -0.371516 0.480269 -0.121013
933 -0.389227 0.480565 -0.0627847
934 -0.395194 0.480893 -0.00223879
935 -0.389258 0.481163 0.0583252
936 -0.371572 0.481499 0.116543
937 -0.342884 0.481792 0.170228
938 -0.304281 0.482117 0.217214
939 -0.257204 0.482398 0.255834
940 -0.203467 0.482839 0.284431
941 -0.14528 0.483246 0.301998
942 -0.0847364 0.483455 0.307887
943 -0.0242336 0.483428 0.301921
944 0.033978 0.483356 0.2843
945 0.0876307 0.48318 0.255661
946 0.134723 0.482811 0.217124
947 0.173377 0.482434 0.170151
948 0.202158 0.482015 0.116558
949 0.219898 0.481528 0.0583365
950 0.225952 0.480926 -0.00227738
951 0.219974 0.480529 -0.0628629
952 0.202322 0.480156 -0.121142
953 0.173591 0.47991 -0.174872
954 0.134927 0.47967 -0.221888
955 0.0878342 0.479547 -0.260485
956 0.034119 0.479406 -0.289112
957 -0.0241268 0.479306 -0.306744
958 -0.0541793 -0.36988 0.248962
959 -0.0843878 0.0727386 0.310225
960 -0.144922 0.0726047 0.304242
961 -0.203143 0.0724257 0.286576
962 -0.256803 0.0721923 0.257891
963 -0.303853 0.071938 0.219295
964 -0.342448 0.0715987 0.172263
965 -0.371159 0.0712896 0.118616
966 -0.388857 0.0709955 0.0603908
967 -0.394847 0.0706784 -0.000167174
968 -0.388919 0.0703953 -0.0607354
969 -0.37129 0.0701304 -0.118973
970 -0.342632 0.0698868 -0.17266
971 -0.304022 0.0697116 -0.219706
972 -0.257015 0.0695342 -0.258324
973 -0.203351 0.0694798 -0.287056
974 -0.145097 0.0694507 -0.304746
975 -0.0845107 0.0694859 -0.310729
976 -0.0239341 0.069511 -0.30477
977 0.0343408 0.069655 -0.287114
978 0.0880398 0.0698388 -0.258386
979 0.135154 0.0700359 -0.219786
980 0.173752 0.0702751 -0.172718
981 0.202461 0.0706128 -0.118997
982 0.220117 0.0709274 -0.0607124
983 0.226089 0.0712478 -0.000131769
984 0.220111 0.0715849 0.0604805
985 0.202426 0.0718956 0.118723
986 0.173724 0.0721638 0.17238
987 0.135115 0.0724404 0.219397
988 0.0880437 0.0726274 0.257961
989 0.0343804 0.0727197 0.286635
990 -0.0238342 0.0727469 0.304272
991 -0.105431 -0.379745 0.250172
992 -0.33264 -0.366682 0.0255427
993 -0.331882 0.438099 0.0230003
994 -0.394606 -0.202779 0.000963442
995 -0.388677 -0.203048 -0.0595997
996 -0.37106 -0.203289 -0.117842
997 -0.342387 -0.203495 -0.171536
998 -0.303825 -0.203621 -0.218589
999 -0.25679 -0.203704 -0.257236
1000 -0.203067 -0.203759 -0.285967
1001 -0.144812 -0.20375 -0.303649
1002 -0.0842226 -0.203709 -0.309601
1003 -0.0235973 -0.203588 -0.3037
1004 0.0346659 -0.203441 -0.286013
1005 0.0883648 -0.203255 -0.257304
1006 0.135413 -0.203033 -0.218637
1007 0.174019 -0.202813 -0.171523
1008 0.202732 -0.202503 -0.117864
1009 0.220403 -0.202208 -0.0596007
1010 0.226367 -0.201907 0.000986998
1011 0.220408 -0.201616 0.0615903
1012 0.202734 -0.201355 0.119837
1013 0.174039 -0.201141 0.173509
1014 0.135398 -0.20094 0.220556
1015 0.0883654 -0.200759 0.259167
1016 0.034671 -0.20069 0.287831
1017 -0.0235751 -0.200664 0.305477
1018 -0.0841503 -0.200743 0.311402
1019 -0.144714 -0.200838 0.305414
1020 -0.20295 -0.201007 0.287722
1021 -0.25662 -0.201306 0.259027
1022 -0.303648 -0.201543 0.220419
1023 -0.342232 -0.201862 0.173386
1024 -0.370929 -0.202147 0.119721
1025 -0.388603 -0.202437 0.0614896
1026 0.129462 0.445686 -0.124334
1027 -0.202696 -0.476921 -0.284904
1028 -0.25635 -0.476991 -0.256122
1029 -0.303433 -0.477027 -0.217499
1030 -0.341968 -0.476873 -0.170433
1031 -0.370582 -0.476758 -0.116691
1032 -0.388211 -0.476504 -0.0584575
1033 -0.394135 -0.476197 0.00213846
1034 -0.388121 -0.475892 0.0626713
1035 -0.370455 -0.475599 0.1209
1036 -0.341756 -0.475267 0.174553
1037 -0.303199 -0.474911 0.221592
1038 -0.256176 -0.474605 0.260217
1039 -0.202609 -0.474232 0.288962
1040 -0.144374 -0.47395 0.306693
1041 -0.0837878 -0.473806 0.312723
1042 -0.0231858 -0.473889 0.306744
1043 0.035065 -0.473957 0.289057
1044 0.0887285 -0.474037 0.260339
1045 0.135732 -0.474267 0.221698
1046 0.174353 -0.474322 0.174708
1047 0.203067 -0.474528 0.121022
1048 0.220701 -0.474738 0.0627416
1049 0.226703 -0.475008 0.00216866
1050 0.220701 -0.475328 -0.0584647
1051 0.203 -0.475703 -0.116746
1052 0.17435 -0.476037 -0.170421
1053 0.135742 -0.476241 -0.217481
1054 0.0887141 -0.476437 -0.256156
1055 0.0350344 -0.476584 -0.28487
1056 -0.0232373 -0.476715 -0.302582
1057 -0.0838391 -0.47675 -0.308565
1058 -0.144434 -0.476849 -0.30258
1059 -0.27532 0.0392081 -0.158923
1060 -0.090237 -0.238821 0.248179
1061 -0.1095 -0.469383 0.248992
1062 -0.299203 -0.498383 0.129237
1063 -0.304163 -0.367206 0.11991
1064 0.0116953 -0.166958 -0.227875
1065 -0.327159 -0.544233 0.0492863
1066 -0.0806766 0.450289 0.246759
1067 -0.338347 -0.238464 -0.0110144
1068 -0.284621 -0.109902 -0.143643
1069 0.162844 -0.235416 0.0295251
1070 -0.371453 0.343529 -0.120266
1071 -0.342786 0.343248 -0.173898
1072 -0.304206 0.343026 -0.220966
1073 -0.257171 0.342877 -0.259584
1074 -0.203491 0.342675 -0.28829
1075 -0.145237 0.342607 -0.305979
1076 -0.0846617 0.342616 -0.311976
1077 -0.0240873 0.342674 -0.30604
1078 0.0341734 0.342777 -0.288413
1079 0.0878771 0.342931 -0.259736
1080 0.134966 0.343096 -0.221144
1081 0.173613 0.343378 -0.17406
1082 0.202325 0.34365 -0.12036
1083 0.22001 0.343995 -0.0620876
1084 0.225951 0.344363 -0.00147266
1085 0.219912 0.344846 0.0591264
1086 0.202191 0.345255 0.11737
1087 0.17345 0.345585 0.171016
1088 0.134813 0.345976 0.217978
1089 0.0877538 0.346241 0.256515
1090 0.0341051 0.346395 0.285172
1091 -0.0240849 0.346467 0.302805
1092 -0.0845542 0.34641 0.308787
1093 -0.145068 0.346251 0.30285
1094 -0.203296 0.346004 0.285227
1095 -0.256961 0.345712 0.25655
1096 -0.304054 0.345401 0.217967
1097 -0.342724 0.345037 0.170947
1098 -0.371416 0.344738 0.117287
1099 -0.389092 0.344413 0.0590664
1100 -0.395063 0.344125 -0.00148144
1101 -0.38911 0.343808 -0.0620284
1102 0.135469 0.0393427 0.117594
1103 -0.287739 -0.0943358 0.142316
1104 0.163442 0.0393384 -0.0013432
1105 -0.198355 -0.178747 -0.22079
1106 -0.126196 -0.167144 -0.243686
1107 -0.0461296 0.303142 0.24303
1108 0.135003 0.206573 -0.220431
1109 0.173657 0.206846 -0.173369
1110 0.202381 0.207143 -0.119641
1111 0.22005 0.207478 -0.0613621
1112 0.226007 0.207842 -0.000757522
1113 0.219993 0.208209 0.059845
1114 0.202291 0.20857 0.118061
1115 0.173556 0.208887 0.171725
1116 0.134917 0.209165 0.218748
1117 0.087891 0.209422 0.257297
1118 0.034245 0.209533 0.285953
1119 -0.0239634 0.209569 0.30359
1120 -0.0844681 0.209512 0.309551
1121 -0.145005 0.209396 0.303596
1122 -0.203207 0.209216 0.285941
1123 -0.25689 0.208884 0.257272
1124 -0.303939 0.208641 0.218691
1125 -0.342553 0.20835 0.171636
1126 -0.371258 0.208021 0.117989
1127 -0.388945 0.207706 0.0597632
1128 -0.394965 0.207356 -0.000796731
1129 -0.389023 0.207083 -0.0613562
1130 -0.371374 0.20682 -0.119594
1131 -0.342727 0.206596 -0.173264
1132 -0.304141 0.20637 -0.22034
1133 -0.257103 0.206222 -0.25896
1134 -0.203435 0.206073 -0.287668
1135 -0.145192 0.20602 -0.305353
1136 -0.0845851 0.205987 -0.311337
1137 -0.0240249 0.206089 -0.305381
1138 0.0342316 0.206198 -0.28774
1139 0.0879369 0.206346 -0.25907
1140 -0.183011 0.374376 -0.229583
1141 0.155359 -0.373868 -0.0720981
1142 0.0989993 -0.49336 0.169262
1143 -0.0943629 -0.311593 0.249554
1144 0.155015 0.173247 -0.0737453
1145 0.137273 0.176317 0.112978
1146 -0.134089 -0.238832 -0.242937
1147 -0.240575 0.550273 0.192174
1148 0.154802 0.241333 -0.073603
1149 0.0738833 0.249661 0.192865
1150 -0.309902 0.236173 -0.103353
1151 0.135605 -0.443146 0.117819
1152 0.108756 -0.0956469 -0.157176
1153 -0.304598 0.0171469 -0.114547
1154 -0.30552 -0.0305 0.117631
1155 0.160357 0.216841 0.0741975
1156 0.163563 -0.181832 -0.0239524
1157 -0.198939 -0.240821 0.221703
1158 -0.304758 0.548763 -0.120167
1159 0.136267 -0.0284664 0.117728
1160 0.137014 0.109124 -0.113571
1161 0.0519521 -0.0250229 0.208512
1162 -0.109739 -0.370868 -0.247259
1163 0.108445 -0.445111 -0.157835
1164 -0.277448 0.442491 -0.160703
1165 0.109976 -0.237471 -0.154362
1166 0.0329343 0.239695 -0.222126
1167 -0.302442 -0.436386 0.120551
1168 0.159638 -0.441871 -0.0436447
1169 -0.197383 0.104172 0.222181
1170 0.159169 0.11757 -0.0372083
1171 -0.187902 -0.44469 0.224933
1172 -0.200461 -0.302062 0.21986
1173 -0.0602817 0.0414725 0.249508
1174 0.0730701 0.0409264 0.195018
1175 0.164627 -0.37872 0.0251216
1176 -0.229373 -0.037798 0.200739
1177 -0.321999 -0.310863 0.0734846
1178 -0.300718 -0.169173 -0.119145
1179 0.031735 0.106727 -0.215436
1180 0.107105 -0.0239129 -0.158735
1181 -0.327692 -0.0133326 0.0717137
1182 0.0743454 -0.542606 0.195279
1183 0.0491213 0.10748 0.208353
1184 0.104502 0.0919364 0.160174
1185 -0.322046 -0.298456 -0.0700837
1186 0.164564 -0.0305694 0.0201231
1187 -0.117539 0.551565 0.257674
1188 -0.0909992 0.374256 0.245126
1189 0.15357 -0.167723 -0.0702632
1190 -0.3025 0.497539 -0.118021
1191 0.136449 -0.542736 0.117204
1192 -0.259443 -0.0356141 -0.175137
1193 -0.32211 0.381939 0.0796605
1194 -0.15727 0.237729 -0.240671
1195 -0.0113142 -0.542427 0.243237
1196 0.0616468 -0.254808 -0.199049
1197 0.136905 -0.163856 0.116886
1198 -0.216675 -0.177135 0.208565
1199 -0.333177 0.380006 -0.025898
1200 -0.2227 -0.235988 0.139634
1201 -0.121857 0.109639 -0.243518
1202 -0.286589 -0.309922 -0.141376
1203 0.00818584 -0.236214 -0.229281
1204 0.0336192 -0.297872 0.215693
1205 0.164384 0.208283 -0.0254914
1206 -0.157953 0.170153 -0.239852
1207 -0.0129037 0.548058 -0.241676
1208 -0.334433 -0.480789 0.0175378
1209 -0.229133 0.316295 -0.200843
1210 -0.304429 -0.0618184 -0.118752
1211 -0.237014 0.0437699 0.192735
1212 -0.294489 -0.23836 -0.130291
1213 0.0572712 0.179813 -0.204963
1214 -0.0167405 0.0603131 0.239683
1215 -0.107571 -0.305167 -0.248909
1216 -0.157116 -0.327019 0.247005
1217 -0.153062 0.318321 0.234442
1218 -0.304665 0.108847 0.116705
1219 -0.108379 0.174343 0.24742
1220 -0.0553837 -0.390199 -0.245547
1221 -0.276028 -0.545202 -0.158872
1222 0.109744 -0.374745 -0.156865
1223 0.0692273 -0.0451015 -0.195381
1224 -0.269124 -0.494799 -0.161419
1225 0.139303 -0.30503 0.120605
1226 -0.324715 0.239094 0.0561049
1227 -0.238236 0.499324 -0.196523
1228 -0.234576 -0.435791 -0.191611
1229 0.145726 -0.235059 -0.0860135
1230 -0.329933 -0.430174 -0.00778402
1231 -0.0488283 0.157649 -0.246452
1232 0.135533 0.249512 0.11768
1233 0.119199 0.445942 0.148704
1234 -0.332882 0.107757 -0.00293492
1235 -0.328322 0.288356 -0.0742724
1236 -0.324148 0.0549137 0.0689408
1237 -0.273803 0.167865 0.156376
1238 0.129362 -0.370495 0.122605
1239 -0.138551 -0.031277 -0.241824
1240 -0.0115567 0.0335661 -0.237523
1241 0.163246 0.549232 0.0200724
1242 -0.33202 -0.293051 0.0115355
1243 -0.303946 -0.43881 -0.116027
1244 -0.0443173 -0.0361403 -0.244094
1245 -0.322036 -0.0382297 -0.0727013
1246 0.069356 -0.492797 -0.19237
1247 -0.172996 -0.400039 -0.231968
1248 -0.0611841 0.547721 -0.250475
1249 -0.332531 0.177486 0.0260552
1250 0.162229 0.45134 0.00145177
1251 0.0227393 -0.378801 0.222694
1252 -0.311067 0.442381 0.0983042
1253 -0.333135 -0.0351742 0.0233463
1254 0.16181 -0.472879 0.0382916
1255 0.0556104 -0.0958954 0.20518
1256 -0.188986 0.550773 0.223223
1257 0.0589573 -0.236083 0.202531
1258 -0.0758304 -0.030507 0.247223
1259 -0.199279 0.0165383 0.224856
1260 -0.188428 0.36753 0.221966
1261 0.0716975 -0.188419 -0.194693
1262 0.15824 -0.0256571 -0.0515862
1263 -0.049884 -0.464059 -0.243861
1264 -0.247517 0.162951 -0.18529
1265 -0.318397 -0.122018 -0.0624068
1266 0.0840798 -0.335997 0.184332
1267 -0.27819 0.108977 -0.157726
1268 0.151916 0.389558 -0.0758033
1269 0.161818 -0.101189 -0.0119469
1270 0.165017 -0.346876 0.0793949
1271 -0.0765992 -0.171964 0.247771
1272 -0.323754 0.310465 0.0712724
1273 0.0323817 0.302372 0.217736
1274 -0.241349 -0.305031 -0.192762
1275 -0.248496 -0.368388 -0.181469
1276 0.154739 0.121754 0.0725467
1277 -0.1015 0.100842 0.242431
1278 -0.155847 0.418756 0.236693
1279 -0.328976 -0.486794 0.0801403
1280 0.100365 0.302662 0.160781
1281 -0.323141 0.548906 -0.0748999
1282 -0.015172 -0.325408 0.244572
1283 -0.203854 -0.0672629 -0.216879
1284 0.135264 0.106712 0.117255
1285 0.106328 0.0236732 0.160283
1286 0.140987 0.00364965 0.0621008
1287 0.147301 -0.41216 0.0690295
1288 -0.321921 0.497089 0.075574
1289 -0.32901 0.168073 -0.0686819
1290 0.108152 -0.181911 0.159366
1291 0.139887 -0.0469497 -0.104914
1292 -0.177269 0.450074 -0.231572
1293 -0.0109212 -0.371809 -0.236987
1294 -0.0131318 -0.0538233 0.230278
1295 0.137484 -0.0964206 0.11761
1296 0.0279826 -0.0282746 -0.222526
1297 -0.0109649 -0.544532 -0.235697
1298 -0.246794 -0.235007 -0.188112
1299 -0.306194 0.415636 -0.120322
1300 -0.3215 -0.231982 0.0575564
1301 -0.0760731 0.307241 -0.24882
1302 -0.0596153 0.451442 -0.250342
1303 0.136129 -0.30928 -0.107855
1304 -0.331598 -0.103433 0.0217427
1305 -0.27461 0.368126 -0.156418
1306 -0.331079 -0.171363 0.00351247
1307 0.137796 0.498444 0.109192
1308 -0.276751 -0.165418 0.157556
1309 -0.156871 0.507589 0.233722
1310 -0.154782 0.308856 -0.238954
1311 0.164116 -0.307161 0.0254487
1312 0.115392 0.379858 -0.146627
1313 0.163975 0.247058 0.0241559
1314 -0.122633 0.10628 0.191899
1315 0.15657 -0.123481 0.0596159
1316 -0.0130992 -0.241407 0.2387
1317 -0.202478 -0.101195 0.225199
1318 -0.238492 -0.247749 0.19093
1319 0.0338646 0.448231 0.217811
1320 -0.277092 0.0930584 0.15785
1321 0.0328563 0.380415 0.218887
1322 -0.128214 0.551218 0.222875
1323 0.0208864 -0.19261 0.228862
1324 -0.0901218 0.0342947 -0.2478
1325 0.100105 -0.406809 0.168426
1326 0.126683 -0.484179 -0.109471
1327 0.161573 0.0607859 0.0719179
1328 -0.304622 -0.368363 -0.107202
1329 0.10202 -0.268669 0.164897
1330 0.109407 0.306851 -0.159793
1331 -0.145382 0.237518 0.23397
1332 -0.119602 -0.0946153 -0.244695
1333 0.108002 0.23063 0.158146
1334 0.162503 -0.359159 -0.0278635
1335 0.0692167 0.179864 0.194099
1336 -0.336935 0.282527 0.0228319
1337 -0.000188842 0.503201 0.230976
1338 0.0553675 -0.438759 0.203253
1339 -0.00627461 -0.00283765 0.250195
1340 -0.0845367 -0.0977321 0.248197
1341 -0.304415 0.341708 0.119401
1342 0.162633 0.105033 0.0245384
1343 -0.323261 -0.408122 -0.0702456
1344 0.0811283 -0.318378 -0.182929
1345 -0.194897 -0.476916 -0.220199
1346 -0.057575 0.136425 0.247786
1347 0.154766 0.172788 0.033315
1348 -0.236423 0.410251 -0.197366
1349 0.107519 0.234303 -0.160791
1350 0.163166 -0.167883 0.0247808
1351 0.0361492 0.220379 0.223797
1352 -0.1108 0.26239 -0.253558
1353 -0.276322 0.315048 0.157477
1354 0.0098511 -0.0966212 -0.229227
1355 -0.207653 0.455439 0.213148
1356 0.143041 -0.398216 -0.117529
1357 -0.0137919 0.500714 -0.23522
1358 -0.0716268 0.22904 0.246613
1359 -0.281738 -0.303875 0.158989
1360 -0.156166 -0.0524779 0.235826
1361 -0.199121 0.177275 0.216383
1362 -0.169092 -0.117295 -0.233899
1363 -0.318421 0.0722758 -0.0817041
1364 -0.123614 -0.449029 -0.24005
1365 -0.333102 0.312749 -0.0264356
1366 -0.159438 0.17453 0.18042
1367 -0.0457695 0.0817857 -0.24896
1368 0.0336712 0.379638 -0.221134
1369 -0.388825 0.0368186 0.060533
1370 -0.158234 0.547634 -0.241149
1371 -0.276603 0.487049 0.15932
1372 -0.277275 0.548379 -0.160547
1373 -0.200023 0.112067 -0.219196
1374 -0.236492 -0.484526 0.201929
1375 -0.324524 -0.544873 -0.070449
1376 -0.303782 0.308216 -0.11829
1377 -0.0303824 -0.443552 0.243257
1378 -0.274856 -0.185701 -0.164651
1379 -0.318883 -0.494442 -0.0760943
1380 -0.342136 -0.304395 0.173793
1381 0.143427 -0.235021 0.100558
1382 0.0739471 -0.408318 -0.191881
1383 0.110703 0.550606 0.14258
1384 -0.243132 0.239458 -0.194405
1385 0.0333718 -0.374002 -0.217406
1386 -0.263828 0.242688 0.169563
1387 -0.154038 0.160045 0.231886
1388 -0.109591 0.462618 -0.249103
1389 -0.325387 0.441314 -0.0560184
1390 0.0781497 0.335443 0.196164
1391 0.012956 -0.444965 -0.224727
1392 0.0567023 0.0303066 -0.204431
1393 -0.334515 0.0386826 0.0132457
1394 -0.316907 0.364988 -0.0854846
1395 -0.283644 0.195374 -0.163083
1396 -0.21571 0.0302805 -0.209914
1397 0.130038 0.0282313 -0.113055
1398 0.106236 0.160857 0.15953
1399 -0.304488 0.549854 0.114911
1400 -0.223079 0.17415 0.13795
1401 -0.330807 0.00152801 -0.0360753
1402 0.135632 0.184647 -0.118836
1403 -0.240829 0.185364 0.18955
1404 0.0836071 0.428167 -0.184348
1405 0.109024 -0.165134 -0.157015
1406 -0.241313 0.38042 0.189482
1407 0.0733151 0.254542 -0.195117
1408 -0.308575 0.186429 0.10459
1409 -0.148307 -0.141057 0.24526
1410 0.153691 0.479984 -0.0717315
1411 0.0630803 -0.16034 0.200687
1412 -0.30417 0.25685 0.116409
1413 -0.331689 -0.345447 -0.0302192
1414 0.0712571 0.422312 0.185235
1415 0.163804 0.370566 -0.0236206
1416 0.172737 -0.0643121 0.0689626
1417 -0.0168278 0.437357 0.238439
1418 -0.329607 -0.212587 -0.0716962
1419 0.00799006 -0.30694 -0.228164
1420 0.0811009 0.503003 0.18205
1421 -0.235885 0.315284 0.191913
1422 -0.0570815 -0.116064 -0.247388
1423 -0.277459 -0.406483 -0.155795
1424 -0.0581286 -0.320878 -0.247063
1425 -0.332548 0.236207 -0.0253757
1426 -0.092123 0.381358 -0.248057
1427 0.101409 0.0694901 -0.165214
1428 -0.158509 0.0588937 -0.244134
1429 -0.201997 -0.367246 0.219718
1430 -0.333244 0.500222 -0.0180163
1431 -0.0596881 0.234512 -0.249936
1432 0.103729 0.480795 -0.15974
1433 0.0297951 -0.483163 0.224611
1434 0.162495 0.383043 0.026017
1435 0.0898562 0.547989 -0.17864
1436 -0.320639 -0.0852778 0.0777759
1437 -0.272837 0.283803 -0.155593
1438 0.0995533 0.157425 -0.166282
1439 0.151987 0.367335 0.0731225
1440 -0.389002 0.172919 -0.0612084
1441 -0.00514672 0.183455 -0.236712
1442 0.118218 0.378198 0.13872
1443 0.144297 0.43396 0.0845106
1444 0.101582 -0.0457795 0.161319
1445 -0.00309509 -0.131098 0.235278
1446 -0.316162 -0.154398 0.0853539
1447 -0.303599 -0.184566 0.118189
1448 0.152587 -0.17956 0.0707957
1449 -0.111704 0.507181 0.246283
1450 -0.202692 -0.340154 -0.219276
1451 -0.113236 0.0183892 0.251803
1452 -0.242407 -0.321154 0.196199
1453 -0.319625 -0.403991 0.0652559
1454 0.158013 0.0628741 -0.0718938
1455 -0.241422 -0.135506 -0.193026
1456 -0.155491 -0.382472 0.240355
1457 0.153364 0.549898 0.0698233
1458 -0.260697 -0.381625 0.172976
1459 0.139344 0.337401 -0.120329
1460 -0.203029 -0.0984939 0.287296
1461 0.0326662 0.306981 -0.221216
1462 -4.36949e-05 0.173056 0.228382
1463 -0.304119 -0.250256 0.11804
1464 -0.277699 0.00245847 0.15856
1465 0.164235 0.299053 -0.0255354
1466 -0.108703 -0.544687 -0.245338
1467 -0.123072 0.51671 0.189679
1468 -0.201938 -0.256616 -0.224982
1469 -0.32295 0.136746 0.0675219
1470 -0.332696 0.549306 0.0217611
1471 -0.202807 0.186292 -0.220959
1472 0.155831 -0.292454 0.0732504
1473 -0.302865 0.144409 -0.121585
1474 -0.241816 0.11919 0.189349
1475 -0.145325 0.517529 0.301677
1476 -0.271207 -0.230117 0.158516
1477 -0.0165315 0.350149 0.236695
1478 -0.276207 -0.543418 0.159869
1479 -0.0848289 0.517766 0.307617
1480 -0.203252 0.268011 -0.225147
1481 -0.0589438 -0.258911 -0.251172
1482 -0.30443 0.0369091 0.117157
1483 0.162275 -0.27055 -0.032418
1484 -0.107577 0.286805 0.251883
1485 -0.203159 0.106617 0.286414
1486 -0.159453 0.0886589 0.24267
1487 0.135931 0.317568 0.115807
1488 -0.153348 -0.2231 0.23901
1489 -0.33963 0.171322 -0.0264024
1490 -0.00873701 0.109607 0.237577
1491 0.142522 -0.111106 -0.100015
1492 -0.309515 -0.307651 0.124014
1493 -0.198303 -0.542789 0.222643
1494 -0.24711 -0.119898 0.196087
1495 0.0426995 0.45835 -0.212514
1496 -0.0123018 0.243773 0.236322
1497 0.0925972 -0.544397 -0.171854
1498 0.153978 0.314006 -0.0735527
1499 -0.202834 0.547847 -0.221717
1500 -0.333317 0.364764 0.0232163
1501 -0.156965 0.0264815 0.238978
1502 0.154382 -0.543641 -0.069457
1503 0.0659932 -0.115801 -0.193432
1504 0.107284 -0.112076 0.16021
1505 -0.0146037 0.43143 -0.240228
1506 -0.245883 0.0878458 -0.194261
1507 -0.209575 0.272901 0.213435
1508 -0.249298 0.441011 0.178433
1509 0.202848 -0.303822 0.120266
1510 -0.0602848 0.510217 0.25146
1511 -0.280862 0.39316 0.143632
1512 -0.151625 -0.282427 0.231348
1513 -0.0599481 -0.191597 -0.242634
1514 -0.0450248 -0.283273 0.248808
1515 0.0750391 0.343152 -0.194371
1516 0.139732 -0.189553 -0.119275
1517 0.160087 0.31804 0.0242999
1518 -0.330742 -0.0813538 -0.0336445
1519 -0.109211 0.183879 -0.249477
1520 -0.26342 -0.448247 0.167552
1521 -0.0125471 0.255133 -0.240121
1522 0.107721 0.310509 0.036942
1523 -0.017761 0.343278 -0.239098
1524 0.136005 0.256167 -0.119097
1525 0.152271 0.299876 0.0700012
1526 0.0344211 0.0385256 0.286784
1527 0.0318421 0.0416802 0.227902
1528 -0.202976 -0.306203 -0.28555
1529 -0.159667 -0.312685 -0.24266
