1 -0.535592 -0.0629194 -0.0401568
2 -0.55602 -0.0979897 -0.0397879
3 -0.55257 -0.0571685 -0.00828855
4 -0.570997 -0.0649977 -0.0436266
5 -0.588506 -0.121525 0.0375238
6 -0.591079 -0.0801091 0.0144759
7 -0.601617 -0.117355 0.00458365
8 -0.599414 -0.0924074 0.0463981
9 -0.609198 -0.0600325 0.0572195
10 -0.611972 -0.0353096 0.0311593
11 -0.580917 -0.0630311 0.0466073
12 -0.521891 0.0162656 -0.0673842
13 -0.496719 0.0255167 -0.0529301
14 -0.505737 0.0324626 -0.0939837
15 -0.506265 0.0613202 -0.065845
16 -0.532485 -0.0328461 0.100763
17 -0.511964 -0.0326911 0.0628029
18 -0.544218 -0.0276751 0.0740479
19 -0.516244 -0.0194444 0.0821614
20 -0.6034 0.0548122 0.0326232
21 -0.644265 0.0404525 0.00530715
22 -0.618008 0.0306864 0.0400232
23 -0.64334 0.071438 0.0268392
24 -0.553142 0.0469306 -0.0664825
25 -0.545574 0.0398091 -0.0942101
26 -0.566463 0.0811616 -0.091716
27 -0.545568 0.0736732 -0.0595901
28 -0.572352 0.0617086 -0.0929629
29 -0.614984 -0.0169825 -0.0429096
30 -0.587279 -0.0258731 -0.056476
31 -0.592656 -0.0468848 -0.0443342
32 -0.610692 -0.0269348 -0.0748415
33 -0.573546 -0.0888514 -0.010445
34 -0.553097 -0.0696062 0.0286425
35 -0.567775 -0.0988949 0.0335409
36 -0.552522 -0.0993468 0.00286009
37 -0.6172 0.0170216 -0.0128541
38 -0.645608 0.00203147 0.000830279
39 -0.645453 0.0172387 -0.029237
40 -0.56905 -0.0273647 0.0353035
41 -0.580523 -0.0350979 0.0647449
42 -0.608228 -0.000518736 0.046022
43 -0.644627 0.0973593 -0.0248177
44 -0.644348 0.097086 0.000103482
45 -0.644135 0.0722793 -0.0113407
46 -0.611348 0.0898268 -0.0234655
47 -0.534238 -0.0267022 0.0248347
48 -0.560778 -0.0145695 -0.0036664
49 -0.644181 0.0467227 0.0504173
50 -0.608434 0.0605395 0.0670264
51 -0.621372 -0.070115 0.104925
52 -0.624304 -0.109173 0.0780303
53 -0.625677 -0.10843 0.106471
54 -0.625336 -0.078577 0.0695239
55 -0.576537 0.0127571 0.0235857
56 -0.619031 0.00739363 0.0156392
57 -0.510938 0.0083027 0.0386872
58 -0.512028 -0.00383888 -0.00181252
59 -0.545532 0.0145055 0.0118224
60 -0.646973 -0.0489326 -0.0297269
61 -0.615007 -0.045474 -0.0134183
62 -0.617831 -0.0626562 -0.0629663
63 -0.599935 -0.0838846 -0.0288353
64 -0.623018 -0.0770253 0.0166597
65 -0.625721 -0.0838062 -0.0184522
66 -0.58117 -0.0557141 -0.0755038
67 -0.646365 -0.0320933 -0.00145302
68 -0.646878 -0.0455975 0.0248867
69 -0.6466 -0.0163374 0.0286373
70 -0.584642 -0.0453272 -0.0192465
71 -0.580573 -0.0460181 0.00840604
72 -0.537151 0.0460159 -0.0379649
73 -0.516699 0.0358357 0.00813106
74 -0.553309 0.0456924 0.03863
75 -0.562055 0.042409 -0.0040914
76 -0.539765 0.0709643 -0.0243006
77 -0.574445 0.0393573 -0.0342826
78 -0.585761 -0.00984525 0.100087
79 -0.589716 0.0262563 0.0976431
80 -0.576545 -0.00405692 0.0718822
81 -0.615185 0.0201746 0.0748817
82 -0.536491 0.0118742 -0.0298957
83 -0.540741 -0.0991211 0.0675117
84 -0.546577 -0.0562379 0.068741
85 -0.574281 -0.0897541 0.0643241
86 -0.589892 -0.0150823 -0.0162581
87 -0.593116 0.00739925 -0.0290793
88 -0.565428 0.00644385 -0.0204268
89 -0.561587 -0.0278533 -0.042228
90 -0.624644 -0.109419 -0.0774956
91 -0.64721 -0.0670026 -0.0506036
92 -0.651138 -0.101818 -0.0504297
93 -0.627546 -0.109013 -0.0409459
94 -0.553661 -0.0177247 0.0998974
95 -0.56912 -0.0410219 0.102186
96 -0.530173 0.071068 -0.0916681
97 -0.570989 -0.00827831 -0.0985935
98 -0.579034 0.0263238 -0.0961985
99 -0.608426 0.00353227 -0.072387
100 -0.584667 0.00498345 -0.0559191
101 -0.603998 -0.0130644 0.0069979
102 -0.52837 -0.105199 0.0226423
103 -0.608931 0.0594131 -0.0948858
104 -0.643642 0.0660808 -0.0645558
105 -0.603631 0.0405641 -0.0642206
106 -0.589852 0.0657119 -0.0544542
107 -0.559944 -0.131967 0.0392223
108 -0.584767 0.0314897 0.0650029
109 -0.563585 -0.0823305 0.104953
110 -0.580279 -0.0563505 0.0822114
111 -0.598301 -0.0857594 0.0815899
112 -0.588547 -0.119752 0.087924
113 -0.56857 0.0818246 0.09358
114 -0.57238 0.0548699 0.0946375
115 -0.555254 0.0516938 0.0689319
116 -0.531271 0.0717446 0.0926142
117 -0.646256 -0.0153674 -0.0296187
118 -0.645873 -0.000664198 -0.0523783
119 -0.646793 -0.0317941 -0.0647116
120 -0.54235 -0.0756046 0.10367
121 -0.501976 0.0329535 0.0951943
122 -0.496399 0.0587867 0.0938371
123 -0.52233 0.0361048 0.0699179
124 -0.559015 0.0127888 -0.0623477
125 -0.646118 -0.0012825 -0.071703
126 -0.592323 -0.051575 0.103737
127 -0.561283 0.0166904 0.0975334
128 -0.541867 0.00847884 0.0610131
129 -0.591679 0.0254234 0.000983702
130 -0.607226 0.0656462 0.00212747
131 -0.570123 0.0560278 0.017106
132 -0.622009 -0.00453743 -0.0185592
133 -0.612951 -0.0276158 0.076065
134 -0.583995 -0.0361464 -0.101015
135 -0.56658 -0.0210288 -0.0758001
136 -0.583456 -0.08458 -0.0558142
137 -0.588075 -0.121546 -0.0250614
138 -0.616109 0.0214872 -0.0409968
139 -0.645183 0.0230713 0.0681731
140 -0.645926 -0.00210481 0.0575623
141 -0.534206 -0.10052 0.10442
142 -0.527249 -0.0292612 -0.0253745
143 -0.522586 -0.0658153 0.102515
144 -0.537632 0.070087 0.00997754
145 -0.570708 0.0797403 -0.0116987
146 -0.629193 -0.109989 -0.00395961
147 -0.64822 -0.0684691 0.00314624
148 -0.64485 0.0769015 -0.037485
149 -0.606857 0.053093 -0.0253452
150 -0.539049 0.00354265 -0.0970807
151 -0.532213 -0.0201794 -0.0633354
152 -0.538867 0.0364445 0.0955383
153 -0.526874 0.00131961 0.0979437
154 -0.615456 0.0257611 -0.0980224
155 -0.600081 -0.117365 0.0687016
156 -0.644376 0.0495851 -0.0344809
157 -0.615567 -0.038228 -0.102309
158 -0.645656 0.000379093 -0.100049
159 -0.647378 -0.0369231 0.060408
160 -0.647976 -0.0711263 0.0390278
161 -0.596502 -0.0898178 0.105932
162 -0.594983 -0.069568 -0.104354
163 -0.624733 -0.0785142 -0.104226
164 -0.605582 -0.0881828 -0.077984
165 -0.543257 0.0733701 0.0613747
166 -0.580205 0.0847482 -0.0685492
167 -0.644832 0.0258136 -0.0651847
168 -0.573476 -0.125627 0.0733365
169 -0.543827 -0.137161 0.0740612
170 -0.584664 0.0843319 0.0569108
171 -0.555767 0.0757761 0.035105
172 -0.502881 0.00453261 0.0656192
173 -0.495256 0.055257 -0.00987446
174 -0.512317 0.0621491 -0.0396888
175 -0.645339 0.0748087 0.0986015
176 -0.612085 0.0524649 0.0967501
177 -0.64433 0.0735301 0.0704213
178 -0.5037 -0.00453129 -0.0443825
179 -0.502692 -0.018921 -0.0756601
180 -0.592126 0.0860343 0.0156314
181 -0.496015 0.0557754 0.0264774
182 -0.52532 0.0666328 0.0377804
183 -0.514327 0.0379908 0.047921
184 -0.529415 -0.0956266 -0.0645456
185 -0.550401 -0.0947363 -0.104129
186 -0.57241 -0.0947432 -0.0774079
187 -0.554236 -0.0663425 -0.0719017
188 -0.644593 0.0972474 -0.0496487
189 -0.643112 0.0965508 0.0495337
190 -0.61035 -0.114945 -0.024568
191 -0.600842 -0.117054 -0.0585738
192 -0.524746 -0.0519807 -0.0686134
193 -0.620156 -0.111249 0.0363963
194 -0.64955 -0.101413 0.0245711
195 -0.64402 0.0495958 -0.098456
196 -0.647265 -0.0493331 0.101724
197 -0.617894 -0.0260664 0.1018
198 -0.648654 -0.101221 -0.101349
199 -0.647333 -0.0707316 -0.0781124
200 -0.648801 -0.0801556 -0.0262221
201 -0.610707 0.0906328 -0.0616966
202 -0.576547 0.0822155 -0.04028
203 -0.552437 -0.132034 0.106734
204 -0.577258 -0.122606 0.107184
205 -0.497342 0.024397 -0.0234203
206 -0.547656 -0.0520497 0.102725
207 -0.502926 0.0587678 0.0608769
208 -0.645177 0.0168017 0.0344687
209 -0.47924 0.0500285 -0.0426272
210 -0.552981 -0.0335443 -0.10027
211 -0.606537 0.0900926 0.0945669
212 -0.604262 0.0907328 -0.0931092
213 -0.523998 -0.0999317 -0.0165779
214 -0.524731 -0.0664435 8.54366e-05
215 -0.57529 -0.125393 -0.0522656
216 -0.601387 -0.0047029 -0.0994776
217 -0.648598 -0.0719313 0.0705599
218 -0.574244 -0.126391 0.00620181
219 -0.646805 -0.0494483 -0.101114
220 -0.646142 0.000289566 0.100097
221 -0.644707 0.0498919 0.0988976
222 -0.615993 0.0154692 0.098941
223 -0.51777 -0.0385896 -0.0992593
224 -0.495415 0.0588192 -0.0916908
225 -0.600843 -0.114123 -0.107292
226 -0.576265 -0.122535 -0.106703
227 -0.577853 -0.0924772 -0.105482
228 -0.575891 -0.123875 -0.0830095
229 -0.648103 -0.101391 -0.0247257
230 -0.644157 0.0978234 -0.0982775
231 -0.561016 -0.1314 -0.0283481
232 -0.548986 -0.134864 -0.0693068
233 -0.551547 -0.131771 -0.105828
234 -0.489878 0.0271776 0.0687113
235 -0.644849 0.0977678 0.0989083
236 -0.51568 -0.0590319 0.0307844
237 -0.650554 -0.102037 0.0507656
238 -0.544051 -0.138927 0.00348218
239 -0.539981 -0.0619035 -0.101922
240 -0.566852 -0.0639951 -0.10297
241 -0.65003 -0.100849 0.101788
242 -0.499119 -0.00757986 -0.0966186
243 -0.625976 -0.108394 -0.106441
244 -0.516282 -0.0803489 0.0513686
245 -0.601812 -0.115601 0.107381
246 -0.649266 -0.101476 -0.000176421
247 -0.647074 -0.0749656 -0.101193
248 -0.509005 -0.0604328 0.0792692
249 -0.508699 -0.0329987 0.0997327
250 -0.447371 -0.0227824 0.0397134
251 -0.487836 -0.0282809 0.0283521
252 -0.455851 -0.0287032 0.00668968
253 -0.456109 -0.0596788 0.0395137
254 -0.4699 0.0111851 -0.00373816
255 -0.461442 0.0415772 0.0135854
256 -0.502147 -0.15759 -0.00204263
257 -0.492087 -0.118139 0.00223265
258 -0.52145 -0.148398 0.0124879
259 -0.507124 -0.154951 0.0263465
260 -0.500317 -0.101118 0.103102
261 -0.465483 -0.112288 0.102496
262 -0.486883 -0.0980018 0.0678751
263 -0.474787 -0.0848171 0.101783
264 -0.404366 -0.0170046 -0.028679
265 -0.421958 -0.0159994 0.00267711
266 -0.423501 -0.0388057 -0.0318906
267 -0.406598 -0.0473264 -0.00281655
268 -0.461711 -0.13338 0.0670275
269 -0.471105 -0.0960893 0.03978
270 -0.44746 -0.0982904 0.071307
271 -0.532599 -0.142899 -0.0376063
272 -0.520912 -0.148363 -0.0131016
273 -0.47609 0.0143475 0.0364876
274 -0.462065 0.00349453 0.0689585
275 -0.477655 -0.16987 -0.017727
276 -0.450139 -0.184488 -0.0262143
277 -0.435028 -0.150586 -0.0171888
278 -0.459885 -0.179545 0.0111179
279 -0.433182 -0.0036009 -0.0473435
280 -0.435749 -0.000475613 -0.0159815
281 -0.528474 -0.144816 0.0419714
282 -0.446386 -0.126741 0.0365465
283 -0.479911 -0.131051 0.0314447
284 -0.502312 -0.155576 0.105064
285 -0.476791 -0.168672 0.104134
286 -0.49406 -0.160603 0.0831563
287 -0.486883 -0.137106 0.103889
288 -0.445922 -0.0732636 -0.00512533
289 -0.427079 -0.049961 0.016979
290 -0.482157 -0.0206261 0.0618081
291 -0.503635 -0.124953 -0.0368769
292 -0.470582 -0.058411 -0.041412
293 -0.488448 -0.0762229 -0.00950868
294 -0.473723 -0.0496552 -0.0105667
295 -0.401319 0.0141576 0.0176118
296 -0.428037 0.0270048 0.000582326
297 -0.442804 0.00457767 0.0176621
298 -0.49055 -0.134384 0.0755552
299 -0.516635 -0.149528 0.0777664
300 -0.417344 -0.0226804 0.0720218
301 -0.470752 -0.0414653 0.0698447
302 -0.497752 -0.0872593 0.0225403
303 -0.506112 -0.121688 0.0442781
304 -0.479007 -0.0624267 0.016756
305 -0.464317 -0.0846278 -0.0677375
306 -0.496434 -0.0792174 -0.0706427
307 -0.499344 -0.0890348 -0.043783
308 -0.484589 -0.1236 -0.0676926
309 -0.50976 -0.121774 -0.0756331
310 -0.486289 -0.0212014 -0.0190624
311 -0.464015 0.0101954 -0.0373012
312 -0.37188 -0.0368316 -0.0268067
313 -0.366662 -0.0035602 -0.0311358
314 -0.374623 -0.0273605 -0.062287
315 -0.446259 -0.0301735 -0.0220748
316 -0.441854 -0.0373133 -0.0643956
317 -0.386902 -0.0288249 0.0553248
318 -0.407152 0.0175105 0.0501484
319 -0.384438 0.00615223 0.0702881
320 -0.472227 -0.133626 -0.0235448
321 -0.466482 -0.147876 0.00799949
322 -0.404202 -0.0319918 -0.0584616
323 -0.449752 -0.147294 0.102812
324 -0.4174 -0.144194 0.102061
325 -0.442901 -0.148464 0.0772178
326 -0.432819 -0.116049 0.101642
327 -0.502943 -0.119166 -0.102688
328 -0.517135 -0.149386 -0.0730041
329 -0.50156 -0.155161 -0.103543
330 -0.488573 -0.0612959 0.0493792
331 -0.45405 0.0388495 -0.019492
332 -0.504598 -0.0457601 0.00187037
333 -0.505168 -0.0586903 -0.0310246
334 -0.500971 -0.157598 -0.0419612
335 -0.491688 -0.161159 -0.077774
336 -0.468213 -0.149578 -0.079899
337 -0.39441 -0.0609368 -0.0311851
338 -0.48115 0.00249236 0.0117038
339 -0.427597 -0.112291 0.0115295
340 -0.407798 -0.128074 0.0347687
341 -0.432199 -0.152362 0.0159075
342 -0.497425 -0.159507 0.0534439
343 -0.473308 -0.171273 0.0762411
344 -0.490419 -0.00598782 0.0981583
345 -0.483038 -0.0360321 0.0995859
346 -0.428007 -0.000853555 0.0975435
347 -0.417059 -0.0310525 0.0989248
348 -0.398775 -0.0114088 0.0979789
349 -0.394357 -0.0674454 0.0311393
350 -0.406121 -0.0824573 0.0723418
351 -0.388171 -0.0568724 0.0701887
352 -0.416896 -0.0509865 0.0488614
353 -0.463638 -0.0562431 -0.0987021
354 -0.480599 -0.0910451 -0.100596
355 -0.445075 -0.0931484 -0.099717
356 -0.452107 -0.117291 -0.0726801
357 -0.419553 -0.126059 -0.100079
358 -0.428945 -0.108301 -0.0722251
359 -0.43405 -0.143543 -0.0771551
360 -0.472723 -0.0149026 -0.0551412
361 -0.454046 -0.144607 -0.0491912
362 -0.437817 -0.190445 -0.0639692
363 -0.469165 -0.173691 -0.0630175
364 -0.430465 -0.0641268 -0.0982936
365 -0.409947 -0.0621495 -0.065515
366 -0.439163 -0.07295 -0.0684371
367 -0.415367 -0.088688 -0.0988677
368 -0.466339 0.0443018 0.0456983
369 -0.440043 0.0334327 0.0667263
370 -0.433913 0.00861664 0.0500226
371 -0.455131 -0.0240457 0.098735
372 -0.393135 0.0108718 -0.0454199
373 -0.397249 0.0121765 -0.0144647
374 -0.514881 -0.112858 0.0776964
375 -0.467897 -0.101688 -0.0319649
376 -0.441791 -0.108101 -0.0400412
377 -0.484494 0.00217939 -0.0733847
378 -0.465454 0.0183628 -0.0627721
379 -0.515614 -0.0824733 -0.101763
380 -0.411876 0.020359 0.0760488
381 -0.406881 -0.0205441 0.0324739
382 -0.527465 -0.142934 0.106033
383 -0.422733 -0.12933 -0.0488786
384 -0.421953 0.0247011 -0.0316834
385 -0.413051 0.0213664 -0.0644928
386 -0.462649 0.0140683 0.0962653
387 -0.475953 -0.168321 -0.103233
388 -0.465989 -0.129602 -0.101544
389 -0.49926 -0.0383552 -0.0604512
390 -0.489399 -0.0361956 -0.0986363
391 -0.448133 -0.0862831 0.101165
392 -0.435075 -0.0585496 0.0753457
393 -0.470247 -0.0755646 0.0759721
394 -0.473664 -0.0413496 -0.0738821
395 -0.378773 -0.021232 0.00216504
396 -0.444387 0.0353431 -0.0532444
397 -0.449825 -0.00294945 -0.0716947
398 -0.529352 -0.114191 -0.103676
399 -0.40006 -0.0594182 0.0996394
400 -0.418019 -0.115299 -0.0153593
401 -0.451119 -0.182868 0.10365
402 -0.452339 -0.119917 -0.00123168
403 -0.463865 -0.0967882 0.0126736
404 -0.39814 0.0140137 0.0968627
405 -0.39391 -0.0578033 -0.0973674
406 -0.396785 -0.0165674 -0.0959077
407 -0.469457 0.0475876 -0.0722067
408 -0.49332 -0.0610176 -0.0998191
409 -0.407891 -0.0955371 -0.0511368
410 -0.410417 -0.0836561 -0.0024644
411 -0.435013 -0.0699883 -0.033997
412 -0.468017 -0.1748 0.0450449
413 -0.426964 -0.0888879 0.0360182
414 -0.418866 -0.125889 0.0670632
415 -0.428953 -0.163202 0.0474565
416 -0.368327 -0.00321543 0.00103754
417 -0.368045 -0.0409857 0.033581
418 -0.415792 -0.0869296 0.100654
419 -0.492698 -0.0632176 0.101471
420 -0.36717 -0.00256335 0.0976756
421 -0.435318 -0.0240202 -0.0967341
422 -0.445125 -0.154079 -0.101569
423 -0.44805 -0.185103 0.0715457
424 -0.433873 -0.0570944 0.0999942
425 -0.464869 -0.0584864 0.100329
426 -0.369275 -0.0298404 -0.0960253
427 -0.37017 -0.0628282 -0.0624859
428 -0.46872 0.00689936 -0.0952164
429 -0.413746 -0.00674594 -0.0703657
430 -0.433818 0.0295698 0.0326853
431 -0.450666 -0.182287 -0.1021
432 -0.366553 -0.00202406 -0.0949838
433 -0.471342 -0.0228664 -0.0973089
434 -0.526953 -0.143269 -0.105154
435 -0.373677 3.63519e-05 0.0367175
436 -0.397389 0.0148439 -0.0938397
437 -0.387315 0.00859716 -0.0718311
438 -0.395487 -0.10789 0.018285
439 -0.461719 0.0456669 -0.092377
440 -0.429734 0.0300162 0.0954559
441 -0.472642 0.0479874 0.0720468
442 -0.419396 0.00282786 -0.0948329
443 -0.441939 0.0122177 -0.0943791
444 -0.373733 -0.0283505 0.0785062
445 -0.382972 -0.0355146 0.0987766
446 -0.364253 -0.00458674 -0.0609347
447 -0.462541 0.0449041 0.0942854
448 -0.442569 -0.189008 0.0392128
449 -0.485223 -0.166123 0.0199302
450 -0.428927 0.0304801 -0.0933438
451 -0.347519 -0.0140693 0.0648263
452 -0.382405 -0.0883996 0.100283
453 -0.31203 -0.112914 0.0102995
454 -0.299523 -0.140762 0.0430613
455 -0.283655 -0.107305 0.0331868
456 -0.310913 -0.0934069 0.0425296
457 -0.344693 -0.175783 0.101327
458 -0.330159 -0.155418 0.0734496
459 -0.344492 -0.197048 0.0627759
460 -0.365586 -0.162129 0.0703786
461 -0.334406 -0.0207584 -0.0474851
462 -0.336101 -0.0190853 -0.0765346
463 -0.337981 -0.0431351 -0.073752
464 -0.329161 -0.208419 -0.00216864
465 -0.365824 -0.232149 -0.000525258
466 -0.340994 -0.214049 -0.0328177
467 -0.340463 -0.246519 -0.0227781
468 -0.296639 -0.134785 -0.0639595
469 -0.311481 -0.124879 -0.0295821
470 -0.333286 -0.129442 -0.061894
471 -0.313003 -0.155368 -0.0340476
472 -0.319217 -0.179111 0.0235333
473 -0.306516 -0.173286 0.0611342
474 -0.324289 -0.214934 0.042576
475 -0.378576 -0.1956 0.0774042
476 -0.371671 -0.195977 -0.0998347
477 -0.383057 -0.221637 -0.0678198
478 -0.372708 -0.22709 -0.0999882
479 -0.376013 -0.194621 -0.0737887
480 -0.312056 -0.171302 -0.0712042
481 -0.336028 -0.179066 -0.0395878
482 -0.352205 -0.171597 -0.0718493
483 -0.311878 -0.0336966 0.0521483
484 -0.313635 -0.0628864 0.0626661
485 -0.318924 -0.0294236 0.0781914
486 -0.329568 -0.0549991 0.0462627
487 -0.308792 -0.0349421 0.0993614
488 -0.312373 -0.069326 0.0999563
489 -0.285479 -0.0484305 0.0775384
490 -0.335364 -0.0207844 -0.015404
491 -0.335159 -0.0210361 0.0226943
492 -0.347193 -0.0504564 -0.0060683
493 -0.336141 -0.132337 0.0290388
494 -0.351185 -0.124433 0.0731751
495 -0.322019 -0.110258 0.0643397
496 -0.307315 -0.154285 -0.0985108
497 -0.293304 -0.114408 -0.0979818
498 -0.278335 -0.144396 -0.0982904
499 -0.34317 -0.157524 0.0470695
500 -0.379696 -0.106263 -0.0196562
501 -0.381288 -0.0804955 0.00308416
502 -0.376994 -0.14818 0.0319012
503 -0.406383 -0.174109 0.0198134
504 -0.377093 -0.188328 0.0359722
505 -0.404291 -0.156403 0.0388708
506 -0.354243 -0.140008 -0.0346908
507 -0.375239 -0.169813 -0.0410173
508 -0.393671 -0.129953 -0.0483833
509 -0.369553 -0.1471 -0.0704656
510 -0.413437 -0.174548 -0.00953183
511 -0.410084 -0.176701 -0.035647
512 -0.399499 -0.17022 0.0622142
513 -0.386324 -0.127848 0.0721604
514 -0.368525 -0.108883 0.01822
515 -0.364658 -0.118735 0.0467784
516 -0.358367 -0.121397 -0.0985535
517 -0.37116 -0.159093 -0.0994729
518 -0.387189 -0.131448 -0.099376
519 -0.365728 -0.203095 -0.0356094
520 -0.391296 -0.217357 -0.0315688
521 -0.367565 -0.201798 -0.00133645
522 -0.389057 -0.190536 -0.0312639
523 -0.396897 -0.150082 -0.0247425
524 -0.415838 -0.158925 -0.0556192
525 -0.303854 -0.146147 0.000431822
526 -0.275156 -0.133419 0.0104452
527 -0.397817 -0.180408 -0.1003
528 -0.399147 -0.211689 -0.100644
529 -0.399809 -0.140703 0.00593917
530 -0.350415 -0.0530094 0.0638207
531 -0.329721 -0.252902 0.0170768
532 -0.350111 -0.209597 0.0241489
533 -0.382995 -0.0891486 -0.0774471
534 -0.427324 -0.196754 0.0643509
535 -0.418108 -0.174632 0.080871
536 -0.364238 -0.232778 -0.041515
537 -0.432979 -0.194022 0.00710501
538 -0.364006 -0.146721 -0.00335098
539 -0.347226 -0.177764 0.0204367
540 -0.351791 -0.205685 -0.0640076
541 -0.3369 -0.123253 -0.0131907
542 -0.365325 -0.0700033 -0.0237283
543 -0.318555 -0.0637608 -0.0192163
544 -0.344249 -0.089422 -0.0376361
545 -0.339817 -0.0512547 -0.0427453
546 -0.288532 -0.0751204 0.0346885
547 -0.284497 -0.0821465 0.0699469
548 -0.248908 -0.104889 0.0572774
549 -0.243757 -0.0723775 0.033638
550 -0.41015 -0.205911 -0.0637893
551 -0.425158 -0.196649 -0.101319
552 -0.273727 -0.0552768 0.00806742
553 -0.263768 -0.0941303 0.0112079
554 -0.349905 -0.182394 -0.0112401
555 -0.39565 -0.169948 -0.0700192
556 -0.421407 -0.164565 -0.10048
557 -0.275625 -0.147886 -0.0250256
558 -0.389004 -0.10187 -0.0985395
559 -0.401349 -0.12542 -0.0758742
560 -0.370812 -0.0588633 0.00385846
561 -0.279655 -0.0514506 -0.0601814
562 -0.28267 -0.0798744 -0.0219811
563 -0.260282 -0.0626922 -0.0316784
564 -0.300483 -0.0399417 -0.0338589
565 -0.301082 -0.0399159 0.0258911
566 -0.253387 -0.0983781 -0.0481848
567 -0.262134 -0.0961549 -0.0976859
568 -0.280606 -0.07805 -0.0718838
569 -0.253047 -0.0663892 -0.0727368
570 -0.336904 -0.088361 0.039434
571 -0.315636 -0.0966334 -0.0263845
572 -0.375365 -0.226597 0.0605382
573 -0.370555 -0.106938 -0.0669271
574 -0.340158 -0.130603 0.100889
575 -0.311193 -0.109231 0.100622
576 -0.309955 -0.150054 0.101037
577 -0.300556 -0.144847 0.0794116
578 -0.381483 -0.0863442 -0.048713
579 -0.342747 -0.0804287 -0.0715935
580 -0.339694 -0.148059 -0.098849
581 -0.30362 -0.0787105 0.00789656
582 -0.28501 -0.048841 -0.0143396
583 -0.277824 -0.11501 0.0703169
584 -0.277735 -0.0904329 0.100545
585 -0.29181 -0.0718252 -0.0972457
586 -0.3061 -0.0361845 -0.067973
587 -0.279751 -0.0508212 -0.0968661
588 -0.37039 -0.0632299 0.0996601
589 -0.28917 -0.11171 -0.00911148
590 -0.305495 -0.188537 0.101189
591 -0.308461 -0.199674 0.076945
592 -0.346563 -0.0886484 0.10017
593 -0.357761 -0.236154 -0.0728665
594 -0.351244 -0.213244 -0.099599
595 -0.327168 -0.230747 -0.0778101
596 -0.38298 -0.173681 -0.0028732
597 -0.338686 -0.183139 -0.0991392
598 -0.326871 -0.218579 -0.0992826
599 -0.325904 -0.203019 -0.0725856
600 -0.344795 -0.0869463 0.0017771
601 -0.363427 -0.0913904 0.0707937
602 -0.366712 -0.114396 0.100711
603 -0.311544 -0.0692354 -0.0572258
604 -0.345764 -0.0448799 0.099223
605 -0.326231 -0.120898 -0.0983046
606 -0.341509 -0.102697 -0.0980423
607 -0.308076 -0.0344559 -0.0963878
608 -0.32275 -0.0525759 -0.0967613
609 -0.333881 -0.0817981 0.0719097
610 -0.355168 -0.238264 0.0398519
611 -0.370956 -0.19876 0.101684
612 -0.352757 -0.212227 0.101625
613 -0.291004 -0.0932332 -0.0441443
614 -0.399163 -0.151161 -0.0999344
615 -0.274425 -0.121402 -0.0400661
616 -0.38969 -0.0976863 0.0517995
617 -0.311718 -0.100249 -0.0683857
618 -0.25519 -0.117467 -0.0143509
619 -0.30537 -0.0374393 -0.000877523
620 -0.33053 -0.0613631 0.0192805
621 -0.330666 -0.15978 -0.00754443
622 -0.41669 -0.203051 0.0381363
623 -0.401866 -0.211267 0.0729618
624 -0.361932 -0.075875 0.0391049
625 -0.328264 -0.216688 0.101385
626 -0.346805 -0.242894 0.101503
627 -0.352171 -0.239863 0.0743188
628 -0.303964 -0.193296 -0.0988354
629 -0.343909 -0.244371 -0.0522261
630 -0.366647 -0.142313 0.101178
631 -0.306668 -0.203383 -0.0417502
632 -0.421507 -0.200251 -0.0274421
633 -0.400284 -0.212401 0.00758398
634 -0.35133 -0.0541693 -0.0968362
635 -0.35995 -0.086471 -0.0977894
636 -0.325773 -0.0854164 -0.0975407
637 -0.336864 -0.018091 -0.0957396
638 -0.377835 -0.225249 0.0293552
639 -0.396151 -0.121751 0.101256
640 -0.387265 -0.166794 0.101803
641 -0.274256 -0.11314 -0.073193
642 -0.373351 -0.227484 0.1018
643 -0.27775 -0.0530178 0.0448885
644 -0.297902 -0.187368 -0.0142529
645 -0.420849 -0.174141 0.102505
646 -0.244642 -0.0718013 -0.00103207
647 -0.346164 -0.242542 -0.0995992
648 -0.394132 -0.215968 0.041588
649 -0.252562 -0.0670522 0.100459
650 -0.251594 -0.0677844 0.0700781
651 -0.337677 -0.0186856 0.0986281
652 -0.280433 -0.0510966 0.099946
653 -0.246955 -0.0954999 0.100823
654 -0.280985 -0.129953 0.100927
655 -0.325253 -0.230586 -0.0555167
656 -0.399526 -0.212218 0.102336
657 -0.425575 -0.196925 0.102759
658 -0.25179 -0.0668105 -0.0972929
659 -0.330769 -0.252308 0.0556669
660 -0.301406 -0.240538 0.0446405
661 -0.237768 -0.304108 -0.0988134
662 -0.225815 -0.282389 -0.0670608
663 -0.265077 -0.288915 -0.0988967
664 -0.262266 -0.290659 -0.0683421
665 -0.183166 -0.204348 -0.0647103
666 -0.177763 -0.19432 -0.0983829
667 -0.212845 -0.196194 -0.0984347
668 -0.191777 -0.173466 -0.0983321
669 -0.223005 -0.115966 -0.0404169
670 -0.23299 -0.106137 -0.00906294
671 -0.209058 -0.165847 0.011678
672 -0.173614 -0.18663 -0.010862
673 -0.199365 -0.169806 -0.0199429
674 -0.181024 -0.140115 0.00263247
675 -0.215825 -0.200284 0.0237428
676 -0.184076 -0.205617 0.0456268
677 -0.181656 -0.201297 0.015816
678 -0.200655 -0.179732 0.0453628
679 -0.280499 -0.247553 0.0619462
680 -0.270211 -0.286739 0.0676906
681 -0.287029 -0.277253 0.0445217
682 -0.255789 -0.264103 0.0345593
683 -0.225079 -0.0824833 -0.0552042
684 -0.223311 -0.0837221 -0.0196191
685 -0.300687 -0.223318 -0.0990066
686 -0.272409 -0.200592 0.101274
687 -0.273452 -0.178203 0.0632146
688 -0.264248 -0.217249 0.0759047
689 -0.292297 -0.207835 0.0563595
690 -0.306003 -0.266502 0.0713397
691 -0.181674 -0.142254 0.0392396
692 -0.165907 -0.172382 0.0203983
693 -0.220733 -0.224598 -0.0106609
694 -0.196533 -0.228624 0.0241107
695 -0.205156 -0.244535 -0.00751658
696 -0.189103 -0.215061 -0.00621751
697 -0.236672 -0.181517 0.0612459
698 -0.26319 -0.216992 0.0368276
699 -0.256997 -0.202244 -0.0272876
700 -0.219044 -0.199339 -0.0356904
701 -0.255691 -0.195764 -0.0665981
702 -0.239998 -0.172179 -0.0337824
703 -0.234052 -0.164831 0.0375249
704 -0.203979 -0.152461 0.0659732
705 -0.214478 -0.139969 0.0331523
706 -0.243665 -0.250423 -0.0258139
707 -0.243785 -0.212293 -0.00392159
708 -0.240125 -0.22403 -0.0470996
709 -0.290321 -0.275193 -0.0229206
710 -0.247661 -0.246858 0.00766307
711 -0.26336 -0.290384 -0.00675286
712 -0.276804 -0.234668 -0.0174536
713 -0.31936 -0.258112 -0.0992554
714 -0.332682 -0.250638 -0.0744512
715 -0.263062 -0.2904 -0.0367383
716 -0.257679 -0.258667 -0.0531433
717 -0.227322 -0.284896 -0.0394774
718 -0.27756 -0.1659 0.101115
719 -0.268037 -0.14839 0.0711531
720 -0.246801 -0.266316 0.0758036
721 -0.312677 -0.23178 0.071811
722 -0.297493 -0.227892 0.101264
723 -0.264348 -0.236199 0.101239
724 -0.308193 -0.231541 -0.0218474
725 -0.207312 -0.092959 0.0746198
726 -0.222206 -0.120947 0.101174
727 -0.276884 -0.175276 -0.0511757
728 -0.192473 -0.100936 -0.0352592
729 -0.203744 -0.125265 -0.0185005
730 -0.223538 -0.0837588 0.0103937
731 -0.245629 -0.187284 0.0211483
732 -0.245446 -0.153178 0.00645206
733 -0.183192 -0.145383 -0.0981782
734 -0.172105 -0.112137 -0.0680659
735 -0.216652 -0.129581 -0.0687855
736 -0.184612 -0.139446 -0.0472676
737 -0.297787 -0.214091 0.0166333
738 -0.289405 -0.245155 0.0163872
739 -0.232266 -0.169185 -0.066376
740 -0.217831 -0.205559 -0.0709658
741 -0.231063 -0.235536 0.101321
742 -0.204099 -0.242271 0.065332
743 -0.220139 -0.214649 0.0657422
744 -0.202193 -0.238685 0.101398
745 -0.157022 -0.156287 -0.0691939
746 -0.155619 -0.153773 -0.0465689
747 -0.215122 -0.149186 -0.0441026
748 -0.250599 -0.13732 -0.056057
749 -0.235881 -0.145259 -0.0210332
750 -0.165895 -0.172367 -0.0982748
751 -0.141874 -0.128668 -0.0980756
752 -0.169839 -0.179215 0.0655561
753 -0.243074 -0.115392 -0.0979468
754 -0.261879 -0.173927 -0.00870708
755 -0.174257 -0.111351 0.0303655
756 -0.218596 -0.127339 0.0129112
757 -0.169062 -0.114144 -0.00156314
758 -0.163315 -0.117209 -0.0305513
759 -0.157458 -0.157088 -0.021321
760 -0.277073 -0.172048 0.0250105
761 -0.2718 -0.152544 -0.0734939
762 -0.189668 -0.216289 -0.098446
763 -0.308584 -0.265027 0.0413213
764 -0.201414 -0.0956892 -0.0706939
765 -0.206454 -0.191689 0.0797166
766 -0.245161 -0.180107 0.101242
767 -0.218305 -0.160491 0.101351
768 -0.238027 -0.304247 -0.0488107
769 -0.249964 -0.146488 0.101077
770 -0.251276 -0.259974 -0.0987413
771 -0.282707 -0.279142 -0.0778955
772 -0.208004 -0.0925555 0.0398928
773 -0.226861 -0.0818657 0.06366
774 -0.215513 -0.119668 0.0536109
775 -0.238376 -0.304463 0.0512082
776 -0.22451 -0.279511 0.0418606
777 -0.245541 -0.183911 -0.0984498
778 -0.204346 -0.131953 0.0820242
779 -0.175085 -0.142274 0.0775057
780 -0.319997 -0.258434 0.101328
781 -0.292464 -0.274088 0.0129297
782 -0.198479 -0.0977591 0.00284854
783 -0.243556 -0.114309 0.0222673
784 -0.25308 -0.140162 0.0414377
785 -0.238263 -0.304354 0.00118582
786 -0.222955 -0.276839 -0.0108847
787 -0.227427 -0.284784 0.0158521
788 -0.196658 -0.0981701 -0.0978796
789 -0.211993 -0.123767 -0.0980393
790 -0.2609 -0.291867 0.0284164
791 -0.168021 -0.176446 -0.0458842
792 -0.195245 -0.167018 -0.0733042
793 -0.244713 -0.209756 0.101299
794 -0.213561 -0.259708 0.0221964
795 -0.230258 -0.241892 -0.0680304
796 -0.199079 -0.233609 -0.0689057
797 -0.195386 -0.22676 -0.0367401
798 -0.180061 -0.1082 0.067956
799 -0.197378 -0.0985551 0.101354
800 -0.194996 -0.11939 0.101433
801 -0.169953 -0.113835 0.101582
802 -0.142158 -0.129071 0.0268455
803 -0.14208 -0.129057 0.00186685
804 -0.153064 -0.148761 0.0398334
805 -0.185187 -0.207474 0.0760999
806 -0.190266 -0.216687 0.101486
807 -0.264384 -0.231874 -0.0740279
808 -0.292959 -0.273911 0.101221
809 -0.236084 -0.141659 0.0714702
810 -0.213557 -0.260288 -0.0985844
811 -0.318146 -0.259199 -0.0449755
812 -0.269071 -0.207048 0.00478991
813 -0.212772 -0.258592 -0.0468943
814 -0.240984 -0.245322 0.057679
815 -0.230613 -0.225957 0.0291982
816 -0.200342 -0.177878 -0.0501687
817 -0.293571 -0.20936 -0.0735974
818 -0.212668 -0.200209 0.101406
819 -0.287413 -0.276604 -0.0531345
820 -0.293133 -0.240517 -0.0576698
821 -0.255825 -0.117061 0.100951
822 -0.276413 -0.172945 -0.0985288
823 -0.141918 -0.128912 -0.0480797
824 -0.246136 -0.219668 -0.0986067
825 -0.223443 -0.232323 -0.098571
826 -0.169292 -0.113541 -0.0980086
827 -0.27769 -0.21388 -0.0461588
828 -0.226261 -0.187636 -0.00655629
829 -0.238406 -0.304493 0.0762053
830 -0.265771 -0.28928 0.10118
831 -0.24775 -0.269039 0.101227
832 -0.314991 -0.261204 -0.0119965
833 -0.21423 -0.260658 0.101319
834 -0.279892 -0.240076 -0.0988698
835 -0.305929 -0.265961 -0.0744093
836 -0.331475 -0.25187 0.0817673
837 -0.170318 -0.180628 -0.0752745
838 -0.224863 -0.0829941 0.100949
839 -0.224071 -0.0826625 -0.097644
840 -0.188778 -0.144123 0.101514
841 -0.248854 -0.147536 -0.0982206
842 -0.142267 -0.129088 0.0518054
843 -0.154954 -0.151897 0.0725146
844 -0.156347 -0.121349 0.0796666
845 -0.166557 -0.172748 0.10169
846 -0.193034 -0.173702 0.1015
847 -0.142547 -0.128975 0.101783
848 -0.15457 -0.150874 0.101741
849 -0.27458 -0.206143 -0.0987248
850 -0.181795 -0.201753 -0.0321635
851 -0.224315 -0.27909 0.0725114
852 -0.238328 -0.304406 0.0262072
853 -0.238157 -0.304301 -0.0238152
854 -0.265582 -0.124569 -0.0980116
855 -0.292284 -0.27354 -0.0990454
856 -0.216247 -0.161319 -0.0982813
857 -0.1424 -0.129017 0.0767919
858 -0.226305 -0.282611 0.101255
859 -0.178393 -0.194708 0.10159
860 -0.238446 -0.304508 0.1012
861 -0.203966 -0.194521 0.00465308
862 -0.204054 -0.206804 0.0105371
863 -0.208654 -0.226633 0.00673323
864 -0.215398 -0.23707 0.00725892
865 -0.194197 -0.192435 -0.0130835
866 -0.197482 -0.180822 0.0134338
867 -0.21064 -0.111711 0.0371732
868 -0.20385 -0.117334 0.0470269
869 -0.193987 -0.100361 0.0539059
870 -0.268964 -0.26997 0.0879912
871 -0.235859 -0.133748 0.0271738
872 -0.244213 -0.128715 0.0163888
873 -0.236904 -0.122457 -0.000729804
874 -0.238294 -0.110213 0.00659814
875 -0.228128 -0.137184 -0.00580647
876 -0.201578 -0.238288 -0.0985122
877 -0.211264 -0.232961 -0.0837341
878 -0.310162 -0.235622 -0.0677254
879 -0.163688 -0.14563 0.0580269
880 -0.148614 -0.140493 0.0621582
881 -0.149272 -0.125231 0.0656662
882 -0.178949 -0.142252 0.0550369
883 -0.18408 -0.157961 0.0895123
884 -0.170423 -0.158932 0.0907134
885 -0.243602 -0.0894047 -0.076465
886 -0.253245 -0.0823789 -0.0604714
887 -0.242653 -0.0726572 -0.043393
888 -0.238363 -0.0910406 -0.0338879
889 -0.245673 -0.28793 -0.0546236
890 -0.231922 -0.29332 -0.0579392
891 -0.243156 -0.221816 -0.072853
892 -0.247634 -0.236813 -0.0710813
893 -0.249714 -0.093394 -0.0073517
894 -0.22224 -0.10561 -0.0842791
895 -0.22714 -0.094319 0.0877264
896 -0.225551 -0.082608 0.0879604
897 -0.236273 -0.0882856 0.0810181
898 -0.249593 -0.0796767 0.0832235
899 -0.264794 -0.0891709 0.0860424
900 -0.267878 -0.0818198 0.0888583
901 -0.268243 -0.0744565 0.0854478
902 -0.262284 -0.105126 0.0857394
903 -0.268972 -0.261018 -0.00762798
904 -0.187114 -0.190134 -0.0801904
905 -0.327321 -0.0411973 0.0567686
906 -0.33512 -0.0418409 0.0522691
907 -0.398383 -0.185133 0.0791188
908 -0.393415 -0.168463 0.0820221
909 -0.435347 -0.178582 0.0924162
910 -0.431974 -0.161629 0.0899312
911 -0.43622 -0.160269 0.102824
912 -0.436597 -0.191133 0.0880169
913 -0.3253 -0.11439 -0.0456366
914 -0.327523 -0.0950482 -0.0534738
915 -0.338796 -0.0997021 -0.0679064
916 -0.326627 -0.101496 -0.083195
917 -0.337228 -0.116241 -0.0798586
918 -0.356055 -0.104793 -0.0825054
919 -0.359112 -0.104374 -0.0981865
920 -0.375183 -0.106525 -0.0433148
921 -0.386022 -0.102826 -0.0486155
922 -0.41089 -0.18175 0.0384405
923 -0.403681 -0.172691 0.0364033
924 -0.364101 -0.219403 0.0811049
925 -0.407528 -0.155015 -0.0778448
926 -0.397657 -0.152926 -0.0723099
927 -0.357788 -0.197906 0.0821993
928 -0.369679 -0.0199221 -0.0123372
929 -0.373822 -0.014286 -0.0110091
930 -0.432916 -0.171522 -0.0409995
931 -0.444697 -0.171254 -0.0577449
932 -0.455439 -0.161728 -0.068591
933 -0.461156 -0.147085 -0.0645446
934 -0.307331 -0.0514767 0.0442498
935 -0.293725 -0.0574632 0.0527871
936 -0.298927 -0.0701057 0.0462759
937 -0.357863 -0.0210778 -0.00621136
938 -0.358354 -0.0212726 0.011775
939 -0.361781 -0.036785 -0.0021409
940 -0.376204 -0.0105969 0.0193867
941 -0.389806 -0.0035857 0.0100399
942 -0.393238 -0.0208654 0.0175657
943 -0.400916 -0.0185455 0.00237351
944 -0.393504 -0.0350408 -0.000447908
945 -0.31121 -0.0489522 0.081074
946 -0.30505 -0.0373601 0.0779584
947 -0.316948 -0.0415744 0.072564
948 -0.328246 -0.0547897 0.0794251
949 -0.44855 0.0386252 -0.0829345
950 -0.455857 0.0305556 -0.0828644
951 -0.447426 0.0245876 -0.077973
952 -0.442946 0.0219824 -0.0768746
953 -0.450764 0.0145823 -0.0824522
954 -0.455171 0.0347501 -0.0930052
955 -0.463347 0.0348987 -0.0807769
956 -0.51372 -0.0565452 0.0571044
957 -0.531309 -0.0576405 0.0496051
958 -0.514142 -0.0479184 0.0443489
959 -0.523886 -0.0294398 0.0425044
960 -0.534822 -0.0750018 0.0401785
961 -0.49894 -0.0608391 0.0642612
962 -0.468357 -0.0223077 0.0807716
963 -0.47651 -0.00128687 0.0832972
964 -0.482679 -0.0295034 0.0834553
965 -0.478849 0.0345683 0.0792985
966 -0.479292 -0.0348453 0.0487895
967 -0.48174 -0.0523683 0.0856062
968 -0.4801 -0.154302 0.0901452
969 -0.486484 -0.164059 0.0925321
970 -0.500929 -0.124949 0.0907971
971 -0.513567 -0.122196 0.1046
972 -0.503321 -0.143849 0.0895526
973 -0.496797 -0.145641 0.0912171
974 -0.543952 -0.120443 -0.0388359
975 -0.547784 -0.119608 -0.0241123
976 -0.530566 -0.119063 -0.0515639
977 -0.473116 0.0124891 0.0170047
978 -0.470168 0.00296619 0.0134358
979 -0.462726 -0.00869989 0.00148416
980 -0.459219 -0.00664848 -0.0114779
981 -0.444699 -0.01289 -0.00607418
982 -0.478316 -0.0051485 -0.0116226
983 -0.489415 0.00457982 -0.0029687
984 -0.486784 0.0100704 -0.000813332
985 -0.469382 -0.0392372 0.0512736
986 -0.493781 -0.104547 -0.0895105
987 -0.493811 -0.121345 -0.0851733
988 -0.444345 -0.0315882 0.0709056
989 -0.608649 -0.0822077 -0.00170336
990 -0.61217 -0.0805428 -0.00450476
991 -0.566988 -0.0543515 0.0908206
992 -0.561689 -0.0459784 0.0917906
993 -0.580119 0.0660307 0.0337736
994 -0.588235 0.0848693 0.0362541
995 -0.567673 0.0641965 0.0476008
996 -0.585887 -0.042219 0.0809855
997 -0.619459 -0.0529651 0.0730776
998 -0.630441 -0.0387808 0.0891668
999 -0.619631 -0.0480854 0.103372
1000 -0.629539 -0.0310136 0.0854243
1001 -0.613513 -0.0632818 0.0732739
1002 -0.631456 -0.055698 -0.0825922
1003 -0.646933 -0.0512104 -0.0716995
1004 -0.629097 0.00118558 -0.0615962
1005 -0.634178 -0.00717003 -0.0607576
1006 -0.631717 0.0102367 -0.0469888
1007 -0.645741 0.0211837 -0.0450987
1008 -0.630701 -0.0201331 -0.0864822
1009 -0.576373 -0.101377 0.0962147
1010 -0.567913 -0.10239 0.0901817
1011 -0.55781 -0.106206 0.105789
1012 -0.577128 -0.0486294 -0.0488933
1013 -0.317858 -0.136601 0.036078
1014 -0.543862 0.0107827 0.036252
1015 -0.629801 0.0350941 0.086899
1016 -0.557516 -0.0418327 0.0517671
1017 -0.609176 0.0754356 -0.0788365
1018 -0.572863 -0.0157192 0.0535767
1019 -0.267248 -0.246666 -0.0353017
1020 -0.499039 -0.00980238 0.0335793
1021 -0.39891 -0.0450503 -0.0777979
1022 -0.594034 0.0428737 0.0486059
1023 -0.646103 -0.000791217 0.0787992
1024 -0.559267 0.0105641 0.0423598
1025 -0.248216 -0.10687 -0.0730646
1026 -0.294483 -0.173318 -0.0611784
1027 -0.287498 -0.179671 0.00537281
1028 -0.295031 -0.210964 0.0364963
