1 -0.536217 -0.0621999 -0.0403079
2 -0.556641 -0.0969984 -0.0400778
3 -0.553554 -0.0563608 -0.00833811
4 -0.572115 -0.0640796 -0.0437774
5 -0.588613 -0.120834 0.0376611
6 -0.59198 -0.0791108 0.0145009
7 -0.601627 -0.116584 0.0045335
8 -0.599959 -0.0914871 0.0464988
9 -0.610319 -0.0592358 0.057218
10 -0.613201 -0.0346677 0.0311741
11 -0.582113 -0.0622131 0.0467047
12 -0.523166 0.0156206 -0.0677321
13 -0.497614 0.0242748 -0.0529376
14 -0.506599 0.0312867 -0.0943938
15 -0.506573 0.0600627 -0.066119
16 -0.533707 -0.0327602 0.101097
17 -0.512784 -0.0329097 0.06298
18 -0.545686 -0.0272911 0.0743027
19 -0.517248 -0.019827 0.0823605
20 -0.60454 0.0548269 0.0326869
21 -0.644489 0.0407856 0.00531908
22 -0.619046 0.030951 0.0400313
23 -0.643162 0.0716748 0.0267948
24 -0.554427 0.0465371 -0.06682
25 -0.547034 0.039329 -0.0946035
26 -0.566799 0.0804823 -0.0919213
27 -0.545793 0.0729473 -0.0599031
28 -0.57349 0.0612891 -0.0931931
29 -0.616254 -0.0164379 -0.0429133
30 -0.588737 -0.0252575 -0.0565531
31 -0.593974 -0.0460742 -0.044417
32 -0.612063 -0.0263576 -0.0748548
33 -0.574282 -0.0878584 -0.0104777
34 -0.554182 -0.0687926 0.02868
35 -0.568334 -0.0980087 0.0337257
36 -0.553019 -0.0983444 0.00285303
37 -0.618489 0.0173451 -0.0128457
38 -0.645802 0.00210781 0.000834611
39 -0.645523 0.0173936 -0.0292335
40 -0.570699 -0.0267278 0.0353456
41 -0.58211 -0.0343723 0.0648226
42 -0.60968 -0.000124935 0.0460226
43 -0.643803 0.0972487 -0.0247868
44 -0.643573 0.0968514 0.000106204
45 -0.64395 0.0724244 -0.0113266
46 -0.611132 0.0890679 -0.0235053
47 -0.53545 -0.0265482 0.0248985
48 -0.562523 -0.0141748 -0.00366707
49 -0.644209 0.0470067 0.0503988
50 -0.609308 0.0603056 0.0670799
51 -0.622177 -0.0693972 0.104877
52 -0.624186 -0.108459 0.0780477
53 -0.625555 -0.107699 0.106445
54 -0.625874 -0.0779442 0.0695514
55 -0.578346 0.0129556 0.0236733
56 -0.620199 0.00780856 0.0156209
57 -0.512025 0.00776127 0.0387396
58 -0.513348 -0.00405998 -0.00172843
59 -0.547346 0.0144123 0.0118805
60 -0.647299 -0.0489231 -0.0297407
61 -0.61607 -0.044771 -0.0134554
62 -0.618635 -0.0618831 -0.0630011
63 -0.60063 -0.0828891 -0.0289023
64 -0.623559 -0.0763476 0.0165931
65 -0.626105 -0.0830841 -0.0185002
66 -0.582463 -0.0548542 -0.0756667
67 -0.646759 -0.0320892 -0.00146736
68 -0.647142 -0.0455729 0.0249281
69 -0.646805 -0.0162914 0.0285827
70 -0.586011 -0.0446009 -0.0193049
71 -0.581942 -0.0452138 0.0083681
72 -0.538349 0.045508 -0.0382522
73 -0.51803 0.0351914 0.00814083
74 -0.554658 0.0452907 0.0387824
75 -0.56356 0.0421042 -0.00411584
76 -0.540146 0.0702923 -0.0245002
77 -0.576038 0.0391305 -0.0344101
78 -0.587669 -0.00927265 0.100206
79 -0.59132 0.026469 0.0977667
80 -0.578368 -0.00363301 0.0720487
81 -0.61634 0.0204226 0.0748492
82 -0.538195 0.0117013 -0.0300558
83 -0.540498 -0.0981955 0.067768
84 -0.547847 -0.055552 0.0689479
85 -0.574838 -0.0889324 0.0644925
86 -0.591467 -0.0145913 -0.0162833
87 -0.594838 0.00770583 -0.0291247
88 -0.567229 0.00659827 -0.0205648
89 -0.563163 -0.0273591 -0.042365
90 -0.624448 -0.108578 -0.0776127
91 -0.647376 -0.0669681 -0.0505824
92 -0.650602 -0.102067 -0.0504531
93 -0.627278 -0.108299 -0.0410586
94 -0.555423 -0.0173251 0.10024
95 -0.570853 -0.0401814 0.102347
96 -0.530575 0.0701769 -0.091976
97 -0.572904 -0.00783409 -0.0988758
98 -0.580977 0.0264118 -0.0964013
99 -0.609797 0.00384007 -0.0724472
100 -0.586341 0.00531865 -0.0560355
101 -0.605535 -0.0125122 0.00699802
102 -0.528595 -0.104594 0.0227928
103 -0.610022 0.0593753 -0.0949187
104 -0.643588 0.0663793 -0.0644907
105 -0.605076 0.0405881 -0.0642813
106 -0.590756 0.0652084 -0.0546142
107 -0.560049 -0.131347 0.0394213
108 -0.586327 0.0315323 0.0650831
109 -0.56469 -0.0813484 0.10519
110 -0.581759 -0.0554454 0.0823137
111 -0.599077 -0.0848659 0.0816491
112 -0.588753 -0.119064 0.0882149
113 -0.569005 0.08101 0.0938174
114 -0.573703 0.0545316 0.0948226
115 -0.556435 0.0511993 0.0691954
116 -0.531846 0.070745 0.093083
117 -0.646473 -0.0154002 -0.0296507
118 -0.646057 -0.00062862 -0.0523658
119 -0.647038 -0.0317206 -0.0647317
120 -0.543272 -0.0746962 0.103952
121 -0.502513 0.031594 0.0953501
122 -0.496472 0.0571492 0.0939642
123 -0.523304 0.0352293 0.0702084
124 -0.560796 0.0127679 -0.0626326
125 -0.646274 -0.00117593 -0.0716578
126 -0.593861 -0.0506531 0.103804
127 -0.563124 0.0167129 0.0977433
128 -0.54355 0.00829134 0.0611962
129 -0.593378 0.0255414 0.00097425
130 -0.608153 0.0653877 0.00211341
131 -0.57141 0.055671 0.0171551
132 -0.623066 -0.00416881 -0.0184997
133 -0.614235 -0.0270495 0.0760531
134 -0.585704 -0.0354001 -0.101218
135 -0.568412 -0.0204402 -0.0759731
136 -0.584257 -0.0835712 -0.0559855
137 -0.588305 -0.120855 -0.0252734
138 -0.617301 0.0217213 -0.0410067
139 -0.645249 0.0231761 0.0682203
140 -0.646181 -0.00203546 0.0575364
141 -0.534982 -0.0996503 0.104951
142 -0.528368 -0.0288653 -0.0254286
143 -0.523217 -0.0655123 0.102764
144 -0.53809 0.0695821 0.00997949
145 -0.570949 0.0790763 -0.0117901
146 -0.62875 -0.109326 -0.00402251
147 -0.648372 -0.0685681 0.00320891
148 -0.644726 0.077007 -0.0374617
149 -0.608054 0.0529274 -0.0254071
150 -0.540792 0.0033325 -0.0974538
151 -0.533503 -0.0200681 -0.0635318
152 -0.540187 0.0358272 0.095877
153 -0.528272 0.000822979 0.0982062
154 -0.61668 0.0259932 -0.0980051
155 -0.600015 -0.116627 0.0688612
156 -0.644388 0.0498689 -0.0345377
157 -0.616951 -0.0375153 -0.102267
158 -0.64584 0.000489387 -0.0999666
159 -0.647639 -0.0368985 0.0603357
160 -0.648173 -0.0711279 0.0390027
161 -0.597329 -0.0888648 0.106052
162 -0.596227 -0.0684613 -0.104553
163 -0.625416 -0.0777234 -0.104287
164 -0.606198 -0.0871948 -0.0781378
165 -0.543568 0.0725651 0.0617014
166 -0.580542 0.0839586 -0.0686776
167 -0.644952 0.0260162 -0.0652024
168 -0.573494 -0.12491 0.0736881
169 -0.544545 -0.136852 0.0744957
170 -0.584802 0.0835447 0.0570643
171 -0.556015 0.0751644 0.0352326
172 -0.503762 0.00379004 0.0658356
173 -0.495526 0.0539415 -0.00980885
174 -0.512389 0.0610928 -0.0398396
175 -0.645242 0.0748994 0.0984712
176 -0.613065 0.0523631 0.0967003
177 -0.644134 0.0737121 0.0703642
178 -0.504708 -0.00524968 -0.0443911
179 -0.503294 -0.0197231 -0.0759194
180 -0.592318 0.085198 0.0156492
181 -0.496133 0.0541799 0.0265631
182 -0.525699 0.065924 0.0379821
183 -0.515296 0.037091 0.0481127
184 -0.529361 -0.0948286 -0.0647545
185 -0.551092 -0.0935764 -0.104571
186 -0.573058 -0.0937242 -0.0777534
187 -0.555163 -0.0654759 -0.0721555
188 -0.643786 0.0969654 -0.0496298
189 -0.642235 0.0963002 0.0495083
190 -0.610223 -0.114204 -0.0246712
191 -0.60081 -0.116238 -0.0588668
192 -0.525359 -0.0515109 -0.0688645
193 -0.62 -0.110467 0.0363846
194 -0.649222 -0.101558 0.024639
195 -0.644016 0.0498847 -0.0982771
196 -0.647589 -0.0494091 0.101598
197 -0.619308 -0.0255002 0.101743
198 -0.6484 -0.101356 -0.101291
199 -0.647569 -0.0707657 -0.0781374
200 -0.648825 -0.0804251 -0.0261938
201 -0.610698 0.0897686 -0.0617954
202 -0.576806 0.0813843 -0.0404456
203 -0.552935 -0.131303 0.107553
204 -0.577745 -0.121888 0.107612
205 -0.49833 0.0233374 -0.0235029
206 -0.549016 -0.051296 0.10303
207 -0.502901 0.0574292 0.0610738
208 -0.645291 0.0169304 0.034502
209 -0.478866 0.0483148 -0.0428421
210 -0.55463 -0.0328956 -0.100557
211 -0.606606 0.0892663 0.0946231
212 -0.604315 0.0900178 -0.0931599
213 -0.524336 -0.099337 -0.0166512
214 -0.524975 -0.0660212 7.37433e-05
215 -0.575438 -0.124738 -0.0526622
216 -0.603016 -0.00432017 -0.0995564
217 -0.648693 -0.0721038 0.0705173
218 -0.574545 -0.125747 0.00628489
219 -0.647033 -0.0494632 -0.101057
220 -0.64633 0.000397118 0.10003
221 -0.644702 0.0502267 0.0987629
222 -0.617193 0.0157083 0.0989034
223 -0.518629 -0.0385787 -0.0995643
224 -0.495311 0.0571044 -0.0920943
225 -0.601163 -0.113134 -0.107655
226 -0.576715 -0.121633 -0.107316
227 -0.578721 -0.0913063 -0.105867
228 -0.576116 -0.123139 -0.0834699
229 -0.64784 -0.101438 -0.0247724
230 -0.643568 0.0977988 -0.0980717
231 -0.56156 -0.130777 -0.0285186
232 -0.548998 -0.134248 -0.0697892
233 -0.552368 -0.130921 -0.106673
234 -0.489905 0.0253578 0.0689033
235 -0.644154 0.0976657 0.0987705
236 -0.516341 -0.0590929 0.030796
237 -0.650067 -0.102191 0.0507146
238 -0.544688 -0.138388 0.00349021
239 -0.54098 -0.0610037 -0.102302
240 -0.568202 -0.0629559 -0.103319
241 -0.649799 -0.101026 0.101784
242 -0.499641 -0.00868571 -0.0967901
243 -0.625851 -0.107648 -0.106578
244 -0.517369 -0.0803179 0.05157
245 -0.601917 -0.114881 0.107592
246 -0.648969 -0.101556 -0.000172386
247 -0.647119 -0.0750625 -0.101191
248 -0.509752 -0.060756 0.0794563
249 -0.509342 -0.0335054 0.100063
250 -0.447538 -0.0243246 0.0397778
251 -0.488035 -0.0293993 0.0284531
252 -0.456046 -0.0301366 0.00666292
253 -0.456734 -0.0608813 0.0395579
254 -0.469724 0.00966788 -0.00381209
255 -0.461146 0.0400078 0.0135735
256 -0.504376 -0.157499 -0.00210377
257 -0.49363 -0.118413 0.00224296
258 -0.523237 -0.147852 0.0125041
259 -0.509219 -0.154721 0.0264197
260 -0.501505 -0.101255 0.103189
261 -0.466914 -0.113086 0.102549
262 -0.488119 -0.0984642 0.0679604
263 -0.475735 -0.0855615 0.101869
264 -0.40473 -0.0189637 -0.0286998
265 -0.422225 -0.017816 0.00266646
266 -0.423975 -0.0404867 -0.031943
267 -0.407267 -0.0491224 -0.00282904
268 -0.463704 -0.134128 0.0670477
269 -0.472331 -0.0968432 0.0398204
270 -0.448821 -0.0994361 0.071334
271 -0.534257 -0.142247 -0.0378129
272 -0.52279 -0.147823 -0.0131971
273 -0.475882 0.0128148 0.0365835
274 -0.46209 0.00200171 0.0691246
275 -0.48031 -0.170131 -0.0177783
276 -0.453101 -0.185051 -0.0262181
277 -0.43763 -0.151723 -0.0172336
278 -0.462804 -0.18004 0.0111156
279 -0.433236 -0.00536189 -0.0474172
280 -0.435796 -0.00221825 -0.0160123
281 -0.530227 -0.144134 0.0421266
282 -0.448359 -0.127745 0.0365308
283 -0.481782 -0.131475 0.0314821
284 -0.504371 -0.15551 0.105234
285 -0.479215 -0.168966 0.104114
286 -0.49637 -0.160635 0.0832519
287 -0.488673 -0.137371 0.103913
288 -0.446806 -0.0745587 -0.00516451
289 -0.427659 -0.0515545 0.0169807
290 -0.482375 -0.0218304 0.0620148
291 -0.50519 -0.124861 -0.0369971
292 -0.471249 -0.0594332 -0.0415248
293 -0.489316 -0.076808 -0.00955063
294 -0.474257 -0.0507056 -0.0106159
295 -0.401743 0.0120917 0.0176141
296 -0.428104 0.0251538 0.000534064
297 -0.442824 0.0028953 0.0176709
298 -0.492462 -0.134562 0.0756242
299 -0.518591 -0.149152 0.0780316
300 -0.417655 -0.0244495 0.0719786
301 -0.471133 -0.0425697 0.0699947
302 -0.498795 -0.0875093 0.0225957
303 -0.507771 -0.121551 0.0443911
304 -0.479645 -0.0633115 0.0167606
305 -0.465386 -0.0855673 -0.067861
306 -0.497444 -0.0795386 -0.0708634
307 -0.500424 -0.0892665 -0.0439862
308 -0.486232 -0.12395 -0.0678131
309 -0.511301 -0.121547 -0.0758401
310 -0.486502 -0.0223959 -0.0192323
311 -0.463776 0.00860972 -0.0374167
312 -0.372719 -0.0387723 -0.026785
313 -0.367296 -0.00570358 -0.0311905
314 -0.375203 -0.0293695 -0.062311
315 -0.446533 -0.0316988 -0.0221263
316 -0.442226 -0.0388185 -0.0644742
317 -0.38749 -0.0308059 0.0553099
318 -0.40746 0.015511 0.0501212
319 -0.384968 0.00413598 0.0701977
320 -0.474198 -0.134186 -0.0236086
321 -0.468779 -0.148476 0.0080003
322 -0.404686 -0.0338508 -0.0584694
323 -0.451927 -0.148249 0.102791
324 -0.419693 -0.145507 0.101999
325 -0.445292 -0.149463 0.0772155
326 -0.434543 -0.117338 0.101656
327 -0.504348 -0.119149 -0.10289
328 -0.519164 -0.148952 -0.0732333
329 -0.503632 -0.155054 -0.103696
330 -0.489259 -0.0619888 0.0495031
331 -0.453765 0.0371818 -0.0196955
332 -0.505235 -0.0463981 0.00181048
333 -0.50603 -0.0592042 -0.0311963
334 -0.503237 -0.157457 -0.0420911
335 -0.494016 -0.161192 -0.0778959
336 -0.470406 -0.150162 -0.0799682
337 -0.395374 -0.062856 -0.0311966
338 -0.48095 0.0010392 0.0117092
339 -0.42938 -0.113702 0.0115186
340 -0.409984 -0.129601 0.0347181
341 -0.434831 -0.153536 0.0158781
342 -0.499707 -0.159411 0.0535378
343 -0.475917 -0.171598 0.0762581
344 -0.490761 -0.00713763 0.0983741
345 -0.483474 -0.036914 0.0998056
346 -0.42813 -0.00261115 0.0975328
347 -0.417484 -0.0327264 0.098851
348 -0.399175 -0.013253 0.0978987
349 -0.395401 -0.0693362 0.0310843
350 -0.407404 -0.0842196 0.0723359
351 -0.389114 -0.0588407 0.0701426
352 -0.417488 -0.0527068 0.0488501
353 -0.464235 -0.0572942 -0.0987778
354 -0.481666 -0.0916342 -0.100732
355 -0.446308 -0.0943488 -0.0997747
356 -0.453799 -0.118316 -0.072776
357 -0.421529 -0.127536 -0.100051
358 -0.43064 -0.109697 -0.0722711
359 -0.436343 -0.144723 -0.0771655
360 -0.472832 -0.0162358 -0.055311
361 -0.456281 -0.145463 -0.0492627
362 -0.440833 -0.191188 -0.0639113
363 -0.471781 -0.174033 -0.0630555
364 -0.431246 -0.0656591 -0.0983426
365 -0.410803 -0.0638631 -0.0655343
366 -0.440095 -0.0742869 -0.0685004
367 -0.416736 -0.0903039 -0.098875
368 -0.466052 0.0426837 0.0459481
369 -0.439969 0.0316767 0.0668992
370 -0.434017 0.00683173 0.0500901
371 -0.455351 -0.0254343 0.0988282
372 -0.393422 0.00872022 -0.045467
373 -0.397664 0.0101277 -0.0145424
374 -0.516471 -0.112459 0.0777681
375 -0.469244 -0.102454 -0.0320363
376 -0.443424 -0.109287 -0.0401237
377 -0.484579 0.000852318 -0.0736098
378 -0.465223 0.0167868 -0.0629986
379 -0.516572 -0.0822853 -0.102064
380 -0.412083 0.0184176 0.0760514
381 -0.407241 -0.022456 0.0324644
382 -0.528797 -0.142371 0.106573
383 -0.424915 -0.130713 -0.0489243
384 -0.421985 0.022787 -0.0318275
385 -0.413236 0.0193625 -0.064575
386 -0.46253 0.012502 0.0965255
387 -0.47837 -0.168691 -0.103246
388 -0.467742 -0.130354 -0.101636
389 -0.499943 -0.0390719 -0.0606136
390 -0.489899 -0.0369847 -0.0988245
391 -0.449214 -0.0874207 0.101173
392 -0.435731 -0.0600109 0.0753409
393 -0.471132 -0.0764409 0.076048
394 -0.474132 -0.042385 -0.0739991
395 -0.379502 -0.0230832 0.00217195
396 -0.444324 0.0336387 -0.0534507
397 -0.449828 -0.00455724 -0.0718472
398 -0.5306 -0.113422 -0.104051
399 -0.400967 -0.0611966 0.0995759
400 -0.419963 -0.116893 -0.0154054
401 -0.453797 -0.183502 0.103531
402 -0.454127 -0.120912 -0.00126753
403 -0.465127 -0.097672 0.0126573
404 -0.398489 0.0120576 0.0968177
405 -0.394799 -0.0595725 -0.0973357
406 -0.397117 -0.0184896 -0.0958466
407 -0.469245 0.0458926 -0.0725823
408 -0.494046 -0.0614637 -0.100011
409 -0.40949 -0.097256 -0.0511858
410 -0.411804 -0.0853784 -0.00251902
411 -0.435887 -0.071421 -0.0340467
412 -0.470731 -0.175192 0.0450441
413 -0.428246 -0.0903591 0.0360122
414 -0.421033 -0.127389 0.06704
415 -0.431736 -0.164318 0.0474354
416 -0.369162 -0.00509599 0.00102191
417 -0.368994 -0.0429698 0.0335798
418 -0.417076 -0.0885358 0.10065
419 -0.493329 -0.0637607 0.101569
420 -0.367943 -0.00437003 0.097591
421 -0.435511 -0.0256536 -0.096763
422 -0.447478 -0.15505 -0.101542
423 -0.451011 -0.185762 0.0714838
424 -0.434476 -0.0585325 0.0999667
425 -0.46547 -0.0595462 0.10045
426 -0.370021 -0.0316054 -0.0960663
427 -0.371345 -0.0646346 -0.0625118
428 -0.468662 0.00539599 -0.0954103
429 -0.413957 -0.00862453 -0.0703812
430 -0.433901 0.0277881 0.032765
431 -0.453379 -0.182979 -0.102041
432 -0.367272 -0.00388403 -0.0949584
433 -0.471689 -0.0240569 -0.0974776
434 -0.528619 -0.142644 -0.105531
435 -0.374351 -0.00205037 0.0367292
436 -0.397679 0.012782 -0.0938613
437 -0.387737 0.00651493 -0.0718237
438 -0.397258 -0.109448 0.0182031
439 -0.461565 0.0439473 -0.0926936
440 -0.429715 0.0281678 0.0955724
441 -0.472356 0.0462947 0.0724625
442 -0.419472 0.000940777 -0.094897
443 -0.441845 0.01047 -0.0945423
444 -0.37454 -0.0302961 0.0784594
445 -0.383767 -0.0373821 0.0986589
446 -0.365029 -0.00653475 -0.0609517
447 -0.462392 0.0432134 0.0946485
448 -0.445374 -0.189633 0.0390748
449 -0.487734 -0.166277 0.0199442
450 -0.428912 0.0286098 -0.0934952
451 -0.34844 -0.0158614 0.0647852
452 -0.383924 -0.0899992 0.100259
453 -0.313877 -0.115183 0.0102766
454 -0.301626 -0.143124 0.04306
455 -0.285466 -0.109893 0.0331585
456 -0.312601 -0.095685 0.042507
457 -0.347126 -0.177784 0.101297
458 -0.332364 -0.157557 0.0734173
459 -0.347119 -0.199073 0.0627397
460 -0.36786 -0.163914 0.0703429
461 -0.335404 -0.022843 -0.0474696
462 -0.337032 -0.0211515 -0.0764967
463 -0.339139 -0.0451485 -0.0737311
464 -0.331851 -0.210605 -0.00218784
465 -0.368821 -0.233961 -0.000548858
466 -0.34377 -0.216125 -0.0328312
467 -0.343649 -0.24865 -0.0228098
468 -0.29868 -0.137238 -0.0639514
469 -0.313432 -0.127191 -0.0295945
470 -0.335253 -0.131552 -0.0619104
471 -0.315217 -0.157692 -0.0340597
472 -0.321645 -0.181345 0.0235189
473 -0.308896 -0.175695 0.0611331
474 -0.327104 -0.217186 0.042567
475 -0.381197 -0.197269 0.0773606
476 -0.37429 -0.197727 -0.0998405
477 -0.385953 -0.223271 -0.0678299
478 -0.375664 -0.22883 -0.100004
479 -0.378614 -0.196327 -0.0737944
480 -0.314406 -0.173648 -0.0712102
481 -0.338449 -0.181176 -0.0396074
482 -0.354557 -0.17354 -0.0718632
483 -0.312934 -0.0359977 0.052111
484 -0.314997 -0.065154 0.0626337
485 -0.319938 -0.0316602 0.0781369
486 -0.330878 -0.0570975 0.0462252
487 -0.309832 -0.0372908 0.0993123
488 -0.313767 -0.0716142 0.0999228
489 -0.286641 -0.0510349 0.0775072
490 -0.336317 -0.0228651 -0.0154361
491 -0.336154 -0.0231147 0.0226864
492 -0.348445 -0.0523961 -0.00610239
493 -0.338153 -0.134378 0.0290225
494 -0.353115 -0.126339 0.0731558
495 -0.323861 -0.11242 0.064334
496 -0.309523 -0.156676 -0.0985344
497 -0.29511 -0.116945 -0.097982
498 -0.280464 -0.147126 -0.098276
499 -0.345388 -0.159535 0.0470454
500 -0.381391 -0.107867 -0.0196921
501 -0.382789 -0.0820679 0.00306293
502 -0.379117 -0.149858 0.0318793
503 -0.408756 -0.175521 0.0197748
504 -0.379622 -0.190011 0.0359413
505 -0.406495 -0.157819 0.0388362
506 -0.356302 -0.141906 -0.0347125
507 -0.377577 -0.171513 -0.0410401
508 -0.395606 -0.131448 -0.0484238
509 -0.371671 -0.148865 -0.0704867
510 -0.415801 -0.175893 -0.00956942
511 -0.412523 -0.178069 -0.0356906
512 -0.401865 -0.171671 0.0621803
513 -0.388235 -0.129399 0.0721306
514 -0.370302 -0.1106 0.0181973
515 -0.366517 -0.120497 0.0467556
516 -0.36022 -0.12326 -0.0985698
517 -0.373397 -0.160854 -0.099485
518 -0.389115 -0.133037 -0.0994088
519 -0.368399 -0.204901 -0.0356271
520 -0.394133 -0.218908 -0.0315939
521 -0.370219 -0.203581 -0.00136309
522 -0.391617 -0.192104 -0.0312941
523 -0.399012 -0.151564 -0.024784
524 -0.418148 -0.160195 -0.0557571
525 -0.305989 -0.148516 0.000416525
526 -0.27723 -0.136173 0.0104306
527 -0.400294 -0.181898 -0.1003
528 -0.401958 -0.213162 -0.100634
529 -0.401808 -0.142155 0.0059002
530 -0.351705 -0.0548916 0.0637788
531 -0.332994 -0.255155 0.0170708
532 -0.352847 -0.211564 0.0241162
533 -0.384488 -0.0907392 -0.0774757
534 -0.430016 -0.197924 0.0642802
535 -0.420554 -0.175924 0.0808133
536 -0.367243 -0.234611 -0.0415291
537 -0.435597 -0.195117 0.00707227
538 -0.366114 -0.148517 -0.00337469
539 -0.349634 -0.179737 0.0204104
540 -0.35449 -0.20764 -0.0640181
541 -0.338818 -0.125305 -0.0132075
542 -0.366744 -0.0717356 -0.0237543
543 -0.319911 -0.0659842 -0.0192339
544 -0.345833 -0.0913794 -0.0376556
545 -0.341076 -0.0532465 -0.0427511
546 -0.290015 -0.077644 0.0346728
547 -0.286034 -0.0847475 0.0699149
548 -0.250669 -0.107969 0.0572189
549 -0.245176 -0.0755129 0.0336049
550 -0.41292 -0.207248 -0.0637983
551 -0.427851 -0.197838 -0.101281
552 -0.274975 -0.0579752 0.0080495
553 -0.265456 -0.0969612 0.0112158
554 -0.35235 -0.184353 -0.0112627
555 -0.398005 -0.171457 -0.0700263
556 -0.423703 -0.165836 -0.100521
557 -0.277829 -0.150628 -0.0250402
558 -0.390585 -0.103422 -0.0985874
559 -0.40319 -0.126858 -0.0759006
560 -0.372134 -0.060565 0.0038337
561 -0.280822 -0.0541409 -0.0601619
562 -0.284161 -0.0825185 -0.0219695
563 -0.261561 -0.0656224 -0.031658
564 -0.301562 -0.0423824 -0.033863
565 -0.302201 -0.0423199 0.0258661
566 -0.255079 -0.101406 -0.0481821
567 -0.263767 -0.0990397 -0.0976662
568 -0.282061 -0.0807034 -0.0718794
569 -0.254315 -0.0694271 -0.072703
570 -0.338537 -0.0903701 0.0394109
571 -0.317304 -0.0988922 -0.0264015
572 -0.378318 -0.228314 0.0604958
573 -0.372267 -0.108662 -0.0669432
574 -0.342146 -0.132646 0.100867
575 -0.313006 -0.111529 0.100618
576 -0.31215 -0.152411 0.100991
577 -0.302688 -0.147239 0.079378
578 -0.383 -0.0879218 -0.0487304
579 -0.344207 -0.082438 -0.0716142
580 -0.341828 -0.150125 -0.0988625
581 -0.305145 -0.0810656 0.00788238
582 -0.286187 -0.0514423 -0.0143451
583 -0.279698 -0.117675 0.0702701
584 -0.279309 -0.0931683 0.100483
585 -0.293188 -0.0743445 -0.0972359
586 -0.307141 -0.0385458 -0.0679446
587 -0.280875 -0.0535081 -0.0968326
588 -0.371713 -0.0649505 0.099618
589 -0.29099 -0.11427 -0.00912738
590 -0.308069 -0.191 0.101178
591 -0.311177 -0.202094 0.076932
592 -0.348147 -0.090588 0.100159
593 -0.360817 -0.238064 -0.0728958
594 -0.354038 -0.215203 -0.0996138
595 -0.330171 -0.233002 -0.0778328
596 -0.38534 -0.175309 -0.00290806
597 -0.341148 -0.185228 -0.0991418
598 -0.329739 -0.220821 -0.0993127
599 -0.328574 -0.205257 -0.0725914
600 -0.346387 -0.0888925 0.00175445
601 -0.365046 -0.0931409 0.0707633
602 -0.368504 -0.116159 0.100692
603 -0.312935 -0.0715314 -0.0572281
604 -0.346934 -0.0468336 0.099176
605 -0.328097 -0.123089 -0.0983261
606 -0.343181 -0.104727 -0.0980705
607 -0.309086 -0.0367977 -0.0963492
608 -0.323952 -0.054748 -0.0967299
609 -0.335425 -0.0838408 0.0718877
610 -0.358243 -0.240203 0.0398308
611 -0.373627 -0.200506 0.101638
612 -0.35556 -0.214168 0.101576
613 -0.292633 -0.0957707 -0.0441438
614 -0.401308 -0.152641 -0.0999556
615 -0.276319 -0.12412 -0.0400722
616 -0.391309 -0.099163 0.0517638
617 -0.313408 -0.102549 -0.0684053
618 -0.257009 -0.120525 -0.0143688
619 -0.306468 -0.0397986 -0.000895537
620 -0.331907 -0.0634382 0.0192541
621 -0.332907 -0.161911 -0.00756019
622 -0.419434 -0.204305 0.0380811
623 -0.40467 -0.212684 0.0728935
624 -0.363445 -0.0776326 0.0390756
625 -0.331119 -0.218905 0.10137
626 -0.350013 -0.244927 0.101496
627 -0.355266 -0.241858 0.0742855
628 -0.306554 -0.195793 -0.0988576
629 -0.347077 -0.246442 -0.0522571
630 -0.368731 -0.144101 0.101142
631 -0.30933 -0.205836 -0.0417749
632 -0.424173 -0.201496 -0.027469
633 -0.403065 -0.213868 0.00755363
634 -0.352517 -0.0560594 -0.0968242
635 -0.361433 -0.0883122 -0.0978199
636 -0.327282 -0.0875824 -0.097568
637 -0.337778 -0.0201325 -0.0957021
638 -0.380758 -0.226935 0.029324
639 -0.397972 -0.123246 0.101215
640 -0.389622 -0.168368 0.101749
641 -0.276076 -0.115866 -0.0731709
642 -0.376331 -0.229211 0.101746
643 -0.278964 -0.0556964 0.0448659
644 -0.300429 -0.189878 -0.0142583
645 -0.423348 -0.175402 0.102427
646 -0.24604 -0.0749126 -0.0010188
647 -0.349307 -0.244585 -0.0996296
648 -0.396977 -0.217464 0.0415351
649 -0.253877 -0.0701119 0.100399
650 -0.252939 -0.0708287 0.0700502
651 -0.338607 -0.0207627 0.0985626
652 -0.281595 -0.0537919 0.0999055
653 -0.248583 -0.0985958 0.100792
654 -0.283023 -0.132673 0.100873
655 -0.328252 -0.232869 -0.0555128
656 -0.402362 -0.213664 0.102269
657 -0.428311 -0.198101 0.102672
658 -0.253038 -0.0698708 -0.0972296
659 -0.33404 -0.254478 0.0556511
660 -0.304543 -0.243041 0.0446266
661 -0.241571 -0.307308 -0.0988201
662 -0.229386 -0.285722 -0.067065
663 -0.268713 -0.291819 -0.0989066
664 -0.265926 -0.293595 -0.0683521
665 -0.185896 -0.208145 -0.0647068
666 -0.180383 -0.198174 -0.0983789
667 -0.215481 -0.19967 -0.0984353
668 -0.194172 -0.17717 -0.0983279
669 -0.224788 -0.119341 -0.0404173
670 -0.234656 -0.109403 -0.00907251
671 -0.211382 -0.169372 0.0116795
672 -0.176161 -0.190537 -0.0108553
673 -0.201727 -0.173435 -0.0199387
674 -0.183069 -0.143947 0.00264002
675 -0.218517 -0.203739 0.0237415
676 -0.186839 -0.209411 0.0456338
677 -0.184364 -0.205118 0.0158214
678 -0.203138 -0.183349 0.0453654
679 -0.283716 -0.250287 0.0619346
680 -0.273858 -0.289587 0.067684
681 -0.290565 -0.279918 0.0445121
682 -0.25918 -0.267117 0.0345538
683 -0.226507 -0.0858333 -0.0552011
684 -0.224736 -0.0870934 -0.0196276
685 -0.303611 -0.225822 -0.099015
686 -0.27513 -0.203421 0.10127
687 -0.275921 -0.181036 0.0632013
688 -0.267136 -0.22017 0.0758964
689 -0.295074 -0.210442 0.0563428
690 -0.309427 -0.268948 0.0713236
691 -0.183753 -0.14608 0.0392483
692 -0.168306 -0.176376 0.0204083
693 -0.223685 -0.227996 -0.0106627
694 -0.199534 -0.232285 0.0241142
695 -0.208327 -0.248101 -0.00751645
696 -0.191955 -0.218801 -0.00621407
697 -0.239175 -0.184741 0.0612412
698 -0.266063 -0.219936 0.0368139
699 -0.259704 -0.205247 -0.0272956
700 -0.221719 -0.202753 -0.0356907
701 -0.258325 -0.198781 -0.0666017
702 -0.24238 -0.175367 -0.0337855
703 -0.236373 -0.168087 0.0375203
704 -0.206179 -0.156043 0.065976
705 -0.216532 -0.143439 0.0331533
706 -0.246897 -0.253569 -0.0258195
707 -0.246604 -0.215444 -0.00393082
708 -0.243066 -0.227213 -0.047103
709 -0.293824 -0.277823 -0.0229344
710 -0.250857 -0.249963 0.00765656
711 -0.267028 -0.293311 -0.00676118
712 -0.279869 -0.237454 -0.0174667
713 -0.322651 -0.260412 -0.0992655
714 -0.335905 -0.252792 -0.0744629
715 -0.266726 -0.293328 -0.0367467
716 -0.260992 -0.261657 -0.0531522
717 -0.230926 -0.288215 -0.0394811
718 -0.279919 -0.168697 0.101105
719 -0.2702 -0.151301 0.0711573
720 -0.250226 -0.269424 0.0757993
721 -0.315722 -0.234146 0.0717924
722 -0.300507 -0.230434 0.101251
723 -0.267451 -0.239113 0.10123
724 -0.311235 -0.233975 -0.0218624
725 -0.208865 -0.0965105 0.0746293
726 -0.224078 -0.124329 0.101173
727 -0.279302 -0.178068 -0.0511818
728 -0.194092 -0.104643 -0.0352583
729 -0.205622 -0.128849 -0.0184989
730 -0.224958 -0.0871187 0.0103933
731 -0.248177 -0.190422 0.0211387
732 -0.247627 -0.156308 0.00644842
733 -0.185288 -0.14918 -0.0981718
734 -0.173845 -0.116059 -0.0680582
735 -0.218578 -0.133021 -0.0687809
736 -0.186642 -0.143235 -0.047262
737 -0.300645 -0.216661 0.0166074
738 -0.292587 -0.247805 0.0163726
739 -0.234612 -0.172457 -0.0663772
740 -0.220571 -0.208982 -0.0709665
741 -0.234159 -0.238816 0.10132
742 -0.207261 -0.245845 0.0653368
743 -0.223001 -0.218051 0.0657418
744 -0.205326 -0.242278 0.101403
745 -0.159235 -0.16037 -0.0691875
746 -0.157806 -0.157873 -0.0465614
747 -0.217257 -0.152644 -0.0440993
748 -0.252605 -0.140404 -0.0560576
749 -0.237977 -0.14849 -0.0210345
750 -0.168281 -0.176349 -0.0982693
751 -0.143794 -0.13291 -0.0980656
752 -0.172326 -0.183164 0.0655675
753 -0.244846 -0.118547 -0.0979402
754 -0.264281 -0.176878 -0.00871691
755 -0.175994 -0.115262 0.030377
756 -0.220501 -0.130763 0.0129095
757 -0.170826 -0.118107 -0.00155277
758 -0.165109 -0.12123 -0.0305419
759 -0.159684 -0.161171 -0.0213121
760 -0.279461 -0.174876 0.0249857
761 -0.27396 -0.155407 -0.0735088
762 -0.192523 -0.220014 -0.098444
763 -0.311986 -0.267451 0.0413103
764 -0.202982 -0.0992935 -0.0706902
765 -0.209075 -0.195241 0.0797186
766 -0.247659 -0.18324 0.101242
767 -0.220599 -0.163916 0.101352
768 -0.241839 -0.307447 -0.0488165
769 -0.252107 -0.149563 0.101068
770 -0.254598 -0.263029 -0.0987483
771 -0.286239 -0.281854 -0.0779071
772 -0.209526 -0.0960998 0.039898
773 -0.228274 -0.0852061 0.0636616
774 -0.217351 -0.123131 0.053612
775 -0.242212 -0.307663 0.0512073
776 -0.228071 -0.282864 0.0418612
777 -0.248044 -0.187035 -0.0984563
778 -0.20633 -0.135533 0.0820285
779 -0.177179 -0.146171 0.0775166
780 -0.323343 -0.260734 0.101299
781 -0.295958 -0.2767 0.0129158
782 -0.200063 -0.101402 0.00285307
783 -0.245311 -0.117465 0.0222623
784 -0.255147 -0.143225 0.0414339
785 -0.242087 -0.307554 0.00118148
786 -0.226475 -0.280209 -0.0108873
787 -0.23104 -0.288106 0.0158508
788 -0.198265 -0.101822 -0.0978723
789 -0.213856 -0.127252 -0.0980318
790 -0.264592 -0.294823 0.0284101
791 -0.170452 -0.180411 -0.0458777
792 -0.197571 -0.170687 -0.0733002
793 -0.24753 -0.212889 0.101296
794 -0.216902 -0.263184 0.0221969
795 -0.233389 -0.245178 -0.0680336
796 -0.202123 -0.237233 -0.0689051
797 -0.19836 -0.230427 -0.0367384
798 -0.181779 -0.112047 0.0679685
799 -0.199007 -0.102212 0.101363
800 -0.19685 -0.123073 0.101441
801 -0.171747 -0.117791 0.101596
802 -0.144091 -0.133327 0.0268634
803 -0.144008 -0.133312 0.00188209
804 -0.155216 -0.152898 0.0398487
805 -0.187978 -0.211255 0.0761075
806 -0.193162 -0.220411 0.101493
807 -0.267405 -0.234789 -0.0740359
808 -0.296472 -0.276501 0.101208
809 -0.238172 -0.144895 0.0714692
810 -0.216886 -0.263752 -0.0985862
811 -0.321466 -0.261524 -0.0449977
812 -0.271836 -0.20993 0.00477051
813 -0.216089 -0.262069 -0.0468954
814 -0.244174 -0.248498 0.0576757
815 -0.233582 -0.22925 0.0291945
816 -0.202786 -0.181494 -0.0501653
817 -0.296352 -0.211953 -0.0736071
818 -0.215385 -0.203692 0.101408
819 -0.29092 -0.279267 -0.0531466
820 -0.296249 -0.243117 -0.0576809
821 -0.257651 -0.120059 0.100941
822 -0.278808 -0.175728 -0.098534
823 -0.143839 -0.133161 -0.0480696
824 -0.249026 -0.222779 -0.0986116
825 -0.226471 -0.23568 -0.0985723
826 -0.171049 -0.117488 -0.0979995
827 -0.280526 -0.216656 -0.0461685
828 -0.228814 -0.190975 -0.00655945
829 -0.24225 -0.307691 0.0762046
830 -0.269453 -0.292173 0.101174
831 -0.25121 -0.272134 0.101223
832 -0.318346 -0.263562 -0.0120127
833 -0.217601 -0.264119 0.101321
834 -0.282998 -0.242814 -0.0988782
835 -0.309318 -0.26842 -0.0744204
836 -0.334744 -0.254029 0.0817275
837 -0.172792 -0.184565 -0.0752697
838 -0.22634 -0.0863522 0.100944
839 -0.225534 -0.0860061 -0.0976403
840 -0.190898 -0.147871 0.101521
841 -0.250971 -0.150624 -0.0982244
842 -0.144208 -0.133343 0.0518247
843 -0.15715 -0.156012 0.0725307
844 -0.158214 -0.125452 0.079684
845 -0.168985 -0.176734 0.101703
846 -0.19547 -0.1774 0.101506
847 -0.144504 -0.133226 0.101804
848 -0.156764 -0.154992 0.101757
849 -0.277327 -0.208937 -0.0987289
850 -0.1845 -0.205569 -0.0321589
851 -0.22788 -0.282443 0.0725131
852 -0.242158 -0.307607 0.0262048
853 -0.241975 -0.307502 -0.023821
854 -0.267465 -0.127472 -0.0979986
855 -0.295751 -0.276145 -0.0990566
856 -0.218512 -0.164759 -0.0982782
857 -0.144349 -0.13327 0.0768126
858 -0.229915 -0.28594 0.101256
859 -0.181055 -0.198563 0.1016
860 -0.242296 -0.307703 0.101199
861 -0.206596 -0.198101 0.00465429
862 -0.206817 -0.210385 0.0105378
863 -0.21163 -0.230163 0.00673353
864 -0.218487 -0.240526 0.00725788
865 -0.196803 -0.19612 -0.0130797
866 -0.199968 -0.184473 0.0134368
867 -0.21238 -0.115226 0.037176
868 -0.205658 -0.120923 0.0470316
869 -0.195612 -0.104059 0.0539168
870 -0.272432 -0.27283 0.0879826
871 -0.237842 -0.136989 0.0271728
872 -0.246131 -0.131863 0.0163833
873 -0.238756 -0.125681 -0.0007391
874 -0.239996 -0.113429 0.00659135
875 -0.230138 -0.140501 -0.00580856
876 -0.204671 -0.241883 -0.0985124
877 -0.214299 -0.236452 -0.083735
878 -0.313222 -0.238031 -0.0677366
879 -0.165811 -0.149651 0.0580405
880 -0.150684 -0.144678 0.0621762
881 -0.151177 -0.129411 0.0656845
882 -0.181034 -0.146108 0.0550466
883 -0.186345 -0.161758 0.0895204
884 -0.1727 -0.162877 0.0907254
885 -0.245105 -0.092554 -0.0764471
886 -0.254736 -0.0854178 -0.0604513
887 -0.24399 -0.0758196 -0.0433866
888 -0.239878 -0.0942455 -0.0338922
889 -0.249307 -0.291048 -0.0546304
890 -0.235613 -0.296587 -0.0579439
891 -0.246069 -0.224964 -0.0728572
892 -0.250709 -0.23991 -0.071087
893 -0.251232 -0.0964728 -0.00737133
894 -0.223914 -0.108984 -0.0842745
895 -0.228725 -0.0976544 0.0877255
896 -0.227007 -0.0859619 0.0879588
897 -0.237786 -0.0915193 0.0810069
898 -0.25102 -0.0827554 0.0831913
899 -0.266349 -0.0920945 0.0860051
900 -0.269361 -0.0846916 0.0888091
901 -0.269656 -0.0773124 0.0853967
902 -0.263969 -0.108102 0.0857105
903 -0.272322 -0.263887 -0.00763798
904 -0.18969 -0.193889 -0.080187
905 -0.328481 -0.0433308 0.0567261
906 -0.336303 -0.043896 0.052228
907 -0.400912 -0.186594 0.0790682
908 -0.395771 -0.169971 0.0819764
909 -0.437915 -0.179659 0.092338
910 -0.434471 -0.162629 0.0898356
911 -0.438528 -0.161276 0.102671
912 -0.439265 -0.192183 0.0879417
913 -0.327132 -0.116566 -0.0456526
914 -0.32916 -0.097195 -0.0534862
915 -0.340458 -0.101748 -0.0679264
916 -0.328307 -0.103661 -0.0832198
917 -0.339052 -0.118312 -0.079881
918 -0.357747 -0.106673 -0.0825275
919 -0.360782 -0.106227 -0.0982128
920 -0.376904 -0.108188 -0.0433455
921 -0.387685 -0.10437 -0.0486457
922 -0.413374 -0.183083 0.0383994
923 -0.406054 -0.174108 0.0363669
924 -0.366974 -0.221242 0.0810591
925 -0.409718 -0.15642 -0.0778676
926 -0.399832 -0.154414 -0.0723278
927 -0.360435 -0.199789 0.0821589
928 -0.370571 -0.0215585 -0.01236
929 -0.374613 -0.0161758 -0.0110408
930 -0.435621 -0.172502 -0.0409556
931 -0.447341 -0.172013 -0.0577056
932 -0.457898 -0.162414 -0.0685978
933 -0.463366 -0.147798 -0.0646154
934 -0.308575 -0.053813 0.0442212
935 -0.295008 -0.0599532 0.0527619
936 -0.300362 -0.0725256 0.0462519
937 -0.358833 -0.0229946 -0.00622807
938 -0.359358 -0.0231659 0.0117699
939 -0.362927 -0.0386039 -0.0021681
940 -0.376899 -0.0125686 0.0193962
941 -0.390342 -0.00554977 0.0100272
942 -0.393773 -0.022788 0.0175775
943 -0.401422 -0.0204252 0.00238048
944 -0.394223 -0.0368291 -0.000462811
945 -0.312408 -0.0512632 0.0810348
946 -0.306122 -0.0397497 0.0779168
947 -0.318085 -0.0438208 0.0725178
948 -0.329522 -0.0569108 0.0793827
949 -0.448474 0.0368883 -0.0832152
950 -0.455719 0.0288514 -0.0831593
951 -0.447309 0.022883 -0.0782191
952 -0.442867 0.0202614 -0.0770856
953 -0.450651 0.0129078 -0.082668
954 -0.455022 0.0330125 -0.0932942
955 -0.46318 0.0332245 -0.0810887
956 -0.514586 -0.0568222 0.057226
957 -0.532182 -0.0571777 0.0496966
958 -0.514882 -0.0481839 0.0444279
959 -0.524898 -0.0294808 0.0426354
960 -0.535395 -0.0743439 0.040207
961 -0.499639 -0.0613321 0.0644259
962 -0.468594 -0.0235725 0.0809229
963 -0.476608 -0.00264238 0.0835595
964 -0.48309 -0.0305267 0.0836537
965 -0.478704 0.032976 0.0796335
966 -0.479611 -0.0359275 0.0489354
967 -0.482297 -0.0531546 0.0857496
968 -0.48231 -0.15459 0.0901583
969 -0.488846 -0.164184 0.092588
970 -0.50261 -0.124926 0.0908243
971 -0.514934 -0.121893 0.104797
972 -0.50521 -0.143747 0.0897089
973 -0.498765 -0.145677 0.0913451
974 -0.544825 -0.119391 -0.0389942
975 -0.548263 -0.118807 -0.0242225
976 -0.531833 -0.11842 -0.0517737
977 -0.472912 0.0109972 0.0170229
978 -0.470052 0.00147165 0.0134355
979 -0.462738 -0.0102021 0.00143493
980 -0.459239 -0.00820827 -0.0115471
981 -0.444815 -0.0145019 -0.00611216
982 -0.478308 -0.00653034 -0.0117142
983 -0.489316 0.00310707 -0.00301314
984 -0.486593 0.00857146 -0.000862021
985 -0.469731 -0.0404177 0.0513819
986 -0.495051 -0.104807 -0.0897034
987 -0.495348 -0.121548 -0.0853351
988 -0.444631 -0.0330829 0.0709537
989 -0.609256 -0.081278 -0.00177349
990 -0.612747 -0.0796461 -0.00457762
991 -0.568461 -0.0535024 0.091008
992 -0.563272 -0.0452313 0.0920186
993 -0.580906 0.0656472 0.0338809
994 -0.588344 0.0840591 0.0363368
995 -0.568402 0.0636996 0.0477754
996 -0.587388 -0.0414477 0.0810896
997 -0.620374 -0.0523536 0.073071
998 -0.631267 -0.0383787 0.0890816
999 -0.620689 -0.0474538 0.103327
1000 -0.630396 -0.0306105 0.0853686
1001 -0.614524 -0.0625764 0.073268
1002 -0.632161 -0.0552223 -0.0824736
1003 -0.647045 -0.0512618 -0.0716184
1004 -0.629861 0.00148373 -0.0616643
1005 -0.634789 -0.00692023 -0.0607228
1006 -0.632459 0.0104434 -0.0470366
1007 -0.64573 0.0213146 -0.0450874
1008 -0.631441 -0.019754 -0.0864213
1009 -0.576964 -0.10055 0.0964448
1010 -0.568403 -0.101447 0.0903574
1011 -0.558695 -0.105302 0.10626
1012 -0.578484 -0.0478306 -0.0490363
1013 -0.319915 -0.138806 0.0360666
1014 -0.545406 0.0107069 0.0364169
1015 -0.630477 0.0352836 0.086798
1016 -0.558993 -0.041182 0.0518714
1017 -0.609774 0.0751073 -0.0789439
1018 -0.574579 -0.0152618 0.0537274
1019 -0.270435 -0.249554 -0.0353121
1020 -0.499128 -0.0110747 0.033649
1021 -0.399623 -0.0468349 -0.0778083
1022 -0.59535 0.0428954 0.0486732
1023 -0.646295 -0.000716582 0.0787697
1024 -0.561009 0.0105214 0.0424975
1025 -0.249896 -0.109972 -0.0730566
1026 -0.296906 -0.175979 -0.0611927
1027 -0.289979 -0.182381 0.00535701
1028 -0.297843 -0.213557 0.036476
