1 -0.5372 -0.0636514 -0.0402995
2 -0.558269 -0.0974672 -0.0398926
3 -0.553651 -0.057331 -0.00832273
4 -0.571906 -0.0640393 -0.0438741
5 -0.588704 -0.120784 0.0376682
6 -0.59193 -0.078842 0.0143389
7 -0.601644 -0.116389 0.00444547
8 -0.599953 -0.0912137 0.0466169
9 -0.610526 -0.059095 0.0572516
10 -0.613452 -0.0345969 0.0312266
11 -0.58206 -0.062092 0.0465992
12 -0.522098 0.0141927 -0.0676662
13 -0.496436 0.0227678 -0.053162
14 -0.505542 0.0298905 -0.0943554
15 -0.504951 0.0584488 -0.0662029
16 -0.533827 -0.0338055 0.101151
17 -0.513002 -0.0345093 0.0630673
18 -0.545569 -0.0283559 0.0743739
19 -0.517135 -0.0212855 0.0825153
20 -0.604682 0.0545287 0.0327571
21 -0.644541 0.0408725 0.0053234
22 -0.619167 0.030803 0.0400763
23 -0.643052 0.0717636 0.0267818
24 -0.554277 0.0455945 -0.0668348
25 -0.546365 0.0381964 -0.0944238
26 -0.56603 0.0796643 -0.0920844
27 -0.545057 0.071752 -0.0599578
28 -0.573203 0.0606161 -0.093325
29 -0.616553 -0.0164063 -0.0429525
30 -0.588802 -0.0252404 -0.0565393
31 -0.594063 -0.0459318 -0.0444682
32 -0.612359 -0.026284 -0.0749205
33 -0.573484 -0.0875997 -0.0105836
34 -0.55402 -0.0695083 0.0288212
35 -0.568562 -0.0982615 0.0334561
36 -0.554664 -0.0989173 0.0028478
37 -0.618809 0.0172337 -0.01284
38 -0.645872 0.00211058 0.000852612
39 -0.645566 0.017431 -0.029236
40 -0.5704 -0.0266589 0.0353682
41 -0.582212 -0.0344493 0.0648332
42 -0.609865 -0.0002644 0.0460583
43 -0.643392 0.0972623 -0.0247661
44 -0.643098 0.096812 0.000129171
45 -0.643783 0.0724622 -0.0113274
46 -0.610731 0.088758 -0.0235026
47 -0.535513 -0.0279313 0.0250281
48 -0.562229 -0.0144009 -0.00368024
49 -0.644147 0.047078 0.0504058
50 -0.609314 0.06004 0.0671575
51 -0.622482 -0.069232 0.104982
52 -0.624281 -0.108314 0.0781348
53 -0.625694 -0.107538 0.10659
54 -0.626075 -0.0778027 0.0696068
55 -0.578219 0.0124583 0.0236775
56 -0.620423 0.007744 0.0156632
57 -0.51107 0.0059706 0.0388858
58 -0.512603 -0.00596789 -0.00174212
59 -0.546727 0.0134555 0.0119718
60 -0.647495 -0.0489446 -0.0297669
61 -0.616339 -0.0446646 -0.0135149
62 -0.618708 -0.0617154 -0.0630075
63 -0.60037 -0.082633 -0.0288891
64 -0.623643 -0.0762044 0.0165529
65 -0.626123 -0.0829218 -0.0185716
66 -0.582368 -0.0545262 -0.0757361
67 -0.646967 -0.0321057 -0.00147277
68 -0.647276 -0.0455669 0.0249584
69 -0.646923 -0.0162648 0.0285739
70 -0.586078 -0.0444529 -0.0193547
71 -0.582048 -0.0451079 0.00841359
72 -0.538006 0.0441151 -0.0382363
73 -0.515957 0.0331924 0.00834882
74 -0.554549 0.0442555 0.0389019
75 -0.563532 0.0412707 -0.00414097
76 -0.539823 0.0688178 -0.0242982
77 -0.576054 0.0384367 -0.0344505
78 -0.587842 -0.00945245 0.100347
79 -0.591461 0.0261483 0.0979387
80 -0.578423 -0.00390473 0.0721814
81 -0.616537 0.0202708 0.0749217
82 -0.537408 0.0103314 -0.0298722
83 -0.54286 -0.0992736 0.0677596
84 -0.548155 -0.0565341 0.0690037
85 -0.574472 -0.0886315 0.06466
86 -0.591601 -0.0146706 -0.0162668
87 -0.595179 0.00747008 -0.029149
88 -0.567234 0.00611036 -0.0205789
89 -0.562884 -0.0273506 -0.0423998
90 -0.624471 -0.108389 -0.0776587
91 -0.64747 -0.0669393 -0.0505953
92 -0.65055 -0.102179 -0.0504829
93 -0.627276 -0.108103 -0.0410828
94 -0.555095 -0.0181464 0.100216
95 -0.570926 -0.0404199 0.102414
96 -0.529531 0.0684077 -0.0918835
97 -0.572771 -0.00813011 -0.0989272
98 -0.581087 0.0260009 -0.096631
99 -0.610057 0.00376069 -0.0726064
100 -0.586661 0.0051495 -0.05611
101 -0.605804 -0.0125927 0.00702902
102 -0.530467 -0.105883 0.0226843
103 -0.610062 0.0591891 -0.0950333
104 -0.643516 0.0665303 -0.0644863
105 -0.605403 0.0403804 -0.064428
106 -0.590656 0.0647487 -0.0546903
107 -0.562436 -0.131639 0.0393659
108 -0.586496 0.0310404 0.0651588
109 -0.564932 -0.0813802 0.105545
110 -0.581934 -0.0554162 0.0824627
111 -0.599231 -0.0846255 0.0817726
112 -0.589337 -0.118913 0.0884979
113 -0.56834 0.0802443 0.0941141
114 -0.573567 0.0538443 0.0949209
115 -0.556284 0.050288 0.0692633
116 -0.530758 0.0685825 0.0930033
117 -0.646589 -0.0154254 -0.0296734
118 -0.646138 -0.000623834 -0.0523684
119 -0.647148 -0.0317108 -0.0647616
120 -0.544095 -0.0756548 0.104118
121 -0.501632 0.0300145 0.0956799
122 -0.495225 0.0555173 0.0943963
123 -0.521989 0.033653 0.0703559
124 -0.560915 0.0123581 -0.0626079
125 -0.646358 -0.00113433 -0.0716573
126 -0.594214 -0.0505077 0.104016
127 -0.563034 0.0159605 0.0977895
128 -0.543287 0.00739321 0.0611196
129 -0.593622 0.0251251 0.00101863
130 -0.60818 0.0650705 0.00217218
131 -0.571375 0.0546562 0.0171752
132 -0.623315 -0.00420854 -0.0184698
133 -0.614487 -0.0270055 0.0761262
134 -0.585802 -0.0353203 -0.1014
135 -0.568385 -0.0205775 -0.075944
136 -0.583889 -0.0833866 -0.0559953
137 -0.588324 -0.120634 -0.0252869
138 -0.617601 0.02167 -0.041051
139 -0.645242 0.023193 0.0682624
140 -0.646264 -0.00201737 0.0575292
141 -0.536339 -0.100832 0.10478
142 -0.528428 -0.0306618 -0.0254353
143 -0.524174 -0.0666822 0.102897
144 -0.537405 0.0674853 0.00987505
145 -0.570693 0.0785202 -0.0117029
146 -0.628642 -0.109223 -0.00407159
147 -0.648454 -0.0686169 0.00322189
148 -0.644566 0.0770512 -0.0374619
149 -0.608139 0.0525902 -0.0254235
150 -0.540364 0.00237246 -0.0972345
151 -0.533191 -0.0216395 -0.063574
152 -0.539445 0.034156 0.0958957
153 -0.527639 -0.000449054 0.0982613
154 -0.616863 0.0259118 -0.0981589
155 -0.600191 -0.116479 0.0689684
156 -0.644364 0.0499832 -0.0345523
157 -0.61731 -0.0374032 -0.102308
158 -0.645901 0.000532742 -0.0999874
159 -0.647766 -0.0368769 0.0603312
160 -0.648314 -0.0711269 0.0389974
161 -0.59772 -0.0886431 0.106354
162 -0.596451 -0.0681067 -0.104655
163 -0.625671 -0.0775163 -0.104338
164 -0.606264 -0.0868465 -0.0781538
165 -0.542523 0.070622 0.0618297
166 -0.579983 0.0833296 -0.0687816
167 -0.645011 0.026063 -0.0652469
168 -0.574682 -0.125262 0.0738646
169 -0.546613 -0.137418 0.0744306
170 -0.584272 0.0830271 0.0572421
171 -0.555102 0.0737021 0.0352454
172 -0.503216 0.00203175 0.0659315
173 -0.493923 0.0522679 -0.0097563
174 -0.51104 0.0592975 -0.0398837
175 -0.645106 0.0749371 0.0984306
176 -0.613115 0.0521298 0.0967412
177 -0.643987 0.0738099 0.0703465
178 -0.504244 -0.00681808 -0.0445169
179 -0.503445 -0.0210953 -0.0759413
180 -0.591804 0.0846866 0.0158107
181 -0.494773 0.0528424 0.0267424
182 -0.523991 0.0641942 0.0380097
183 -0.51359 0.0355065 0.0482896
184 -0.531416 -0.0962178 -0.064673
185 -0.552301 -0.0942361 -0.104537
186 -0.573081 -0.0936259 -0.0779343
187 -0.556162 -0.0661669 -0.072141
188 -0.643308 0.0969175 -0.049627
189 -0.641717 0.0962986 0.0494986
190 -0.610139 -0.114125 -0.0247118
191 -0.601118 -0.116125 -0.0589922
192 -0.526084 -0.0531141 -0.0688247
193 -0.619952 -0.110262 0.036432
194 -0.649217 -0.1016 0.0246661
195 -0.643947 0.049995 -0.0982636
196 -0.647753 -0.0494251 0.101615
197 -0.619701 -0.0254096 0.101843
198 -0.648413 -0.101424 -0.101324
199 -0.647708 -0.0707663 -0.0781592
200 -0.648883 -0.0805137 -0.0261901
201 -0.610214 0.0893921 -0.0619003
202 -0.576367 0.0806842 -0.0404705
203 -0.554991 -0.13194 0.107501
204 -0.57885 -0.121741 0.108154
205 -0.497077 0.0216927 -0.0234008
206 -0.549358 -0.0521114 0.103071
207 -0.501603 0.0558878 0.0612983
208 -0.645303 0.0169599 0.0345336
209 -0.478303 0.0468264 -0.0428395
210 -0.554403 -0.03355 -0.100573
211 -0.60609 0.0888074 0.0947837
212 -0.603793 0.0896604 -0.0932071
213 -0.525886 -0.100815 -0.0166331
214 -0.526202 -0.0675371 0.000127064
215 -0.57625 -0.124895 -0.0526286
216 -0.603195 -0.00445661 -0.0996546
217 -0.648803 -0.0721572 0.0705284
218 -0.57468 -0.125812 0.0064421
219 -0.647161 -0.0494638 -0.101062
220 -0.646399 0.000438357 0.100046
221 -0.644654 0.0503391 0.0987286
222 -0.617379 0.0155703 0.0990028
223 -0.518905 -0.0400169 -0.0995907
224 -0.494285 0.0557033 -0.0920404
225 -0.601665 -0.112939 -0.107886
226 -0.577669 -0.121578 -0.107889
227 -0.579018 -0.0911414 -0.106157
228 -0.576809 -0.123436 -0.0837438
229 -0.647879 -0.101449 -0.0247754
230 -0.643175 0.0978288 -0.0979933
231 -0.563261 -0.13092 -0.0284128
232 -0.551475 -0.134724 -0.0698156
233 -0.553932 -0.131633 -0.106561
234 -0.489578 0.0241752 0.0690902
235 -0.643743 0.09764 0.0986967
236 -0.517047 -0.0604279 0.0309388
237 -0.650032 -0.102271 0.0507149
238 -0.547043 -0.139112 0.00354269
239 -0.541661 -0.0620809 -0.102171
240 -0.568239 -0.0629602 -0.103577
241 -0.649857 -0.101107 0.10186
242 -0.49979 -0.00992961 -0.0969531
243 -0.626071 -0.107549 -0.106697
244 -0.51799 -0.0815729 0.0515232
245 -0.602407 -0.114918 0.107935
246 -0.648991 -0.101587 -0.000176207
247 -0.647196 -0.0750958 -0.101233
248 -0.510416 -0.0619388 0.0795486
249 -0.509712 -0.03485 0.1001
250 -0.447715 -0.0269518 0.0397709
251 -0.488662 -0.0308088 0.0284532
252 -0.456205 -0.0325799 0.00677256
253 -0.457376 -0.06336 0.0396352
254 -0.469691 0.00762011 -0.0037469
255 -0.460534 0.0377665 0.0137097
256 -0.506736 -0.158801 -0.00207467
257 -0.494159 -0.120172 0.00220826
258 -0.524708 -0.149175 0.0125946
259 -0.511495 -0.155988 0.0263757
260 -0.502386 -0.102641 0.103363
261 -0.468368 -0.115285 0.102604
262 -0.488826 -0.100071 0.068107
263 -0.476745 -0.0875609 0.101915
264 -0.404514 -0.0224185 -0.0286054
265 -0.422039 -0.0209504 0.00276378
266 -0.424161 -0.0435621 -0.0318309
267 -0.407655 -0.0524841 -0.00272402
268 -0.465663 -0.136325 0.0670442
269 -0.473636 -0.0989308 0.0398374
270 -0.450136 -0.101981 0.0713796
271 -0.535811 -0.143408 -0.037796
272 -0.524347 -0.149177 -0.013127
273 -0.475932 0.0110668 0.0365913
274 -0.4623 -5.9027e-05 0.0690836
275 -0.482971 -0.171902 -0.0177188
276 -0.456089 -0.187428 -0.0261292
277 -0.440015 -0.1544 -0.0171421
278 -0.465722 -0.182121 0.0111708
279 -0.432678 -0.0083621 -0.0473796
280 -0.43527 -0.00514482 -0.0158925
281 -0.531527 -0.145462 0.042239
282 -0.450269 -0.130244 0.0365546
283 -0.483856 -0.133198 0.0314707
284 -0.506572 -0.157015 0.105277
285 -0.481802 -0.170866 0.104142
286 -0.498749 -0.162171 0.0832871
287 -0.490496 -0.139129 0.103991
288 -0.447722 -0.0771333 -0.00508129
289 -0.428127 -0.0545506 0.0170684
290 -0.482717 -0.0234796 0.0619728
291 -0.506048 -0.126587 -0.0369694
292 -0.471725 -0.0612379 -0.0414374
293 -0.489906 -0.0782614 -0.00954036
294 -0.474708 -0.0525158 -0.010557
295 -0.401118 0.00855293 0.0177328
296 -0.42707 0.0220764 0.000603046
297 -0.442433 5.19416e-05 0.0177239
298 -0.494342 -0.136147 0.075622
299 -0.520059 -0.150611 0.0781833
300 -0.417577 -0.0276586 0.0720501
301 -0.471578 -0.0444966 0.0699425
302 -0.499416 -0.0890561 0.0226675
303 -0.508389 -0.123183 0.0444315
304 -0.480234 -0.0651019 0.0168301
305 -0.466469 -0.0878455 -0.0677081
306 -0.497937 -0.0809188 -0.0708019
307 -0.500998 -0.0906308 -0.0438879
308 -0.487937 -0.125726 -0.0677551
309 -0.512156 -0.122887 -0.0758656
310 -0.487039 -0.0237845 -0.0190725
311 -0.464196 0.00672212 -0.0373805
312 -0.372932 -0.0427548 -0.0266715
313 -0.366864 -0.00983775 -0.0310914
314 -0.375208 -0.0333327 -0.0622171
315 -0.446564 -0.0343812 -0.0219788
316 -0.442353 -0.0416182 -0.0643956
317 -0.387559 -0.0345295 0.0553982
318 -0.406669 0.0120806 0.0502142
319 -0.38437 0.000317414 0.0702788
320 -0.476289 -0.136085 -0.023513
321 -0.471119 -0.150444 0.00806426
322 -0.404741 -0.0373033 -0.0583945
323 -0.454111 -0.150725 0.102824
324 -0.421941 -0.148629 0.102054
325 -0.447562 -0.152034 0.0772305
326 -0.436178 -0.120161 0.101719
327 -0.505371 -0.120649 -0.102934
328 -0.52055 -0.150447 -0.0732429
329 -0.505668 -0.156484 -0.103753
330 -0.489716 -0.0634576 0.0495291
331 -0.453342 0.0348459 -0.0195009
332 -0.5058 -0.047583 0.00193441
333 -0.506539 -0.0603575 -0.0310852
334 -0.505604 -0.158754 -0.0420464
335 -0.496336 -0.16273 -0.0778716
336 -0.472562 -0.152229 -0.0798856
337 -0.396017 -0.0664269 -0.0311003
338 -0.481079 -0.000733914 0.01174
339 -0.43104 -0.116592 0.0115835
340 -0.411925 -0.132879 0.0347838
341 -0.437237 -0.156273 0.0159233
342 -0.5021 -0.160776 0.0535813
343 -0.478582 -0.173531 0.0762873
344 -0.490777 -0.00880899 0.0983564
345 -0.483752 -0.0387004 0.0998428
346 -0.427657 -0.00567674 0.0976355
347 -0.41761 -0.0359065 0.0989088
348 -0.39891 -0.0167917 0.0979735
349 -0.396213 -0.0728827 0.03117
350 -0.40847 -0.0875499 0.0724172
351 -0.389708 -0.0625238 0.0702282
352 -0.417956 -0.0558783 0.0489289
353 -0.464743 -0.0595985 -0.0987082
354 -0.482496 -0.0935737 -0.100831
355 -0.44742 -0.0969347 -0.0996486
356 -0.455415 -0.12077 -0.0726455
357 -0.423332 -0.130595 -0.0999295
358 -0.432125 -0.112585 -0.0721539
359 -0.438483 -0.147495 -0.0770401
360 -0.473313 -0.0178154 -0.0552777
361 -0.458457 -0.147796 -0.0491329
362 -0.443939 -0.193848 -0.0638037
363 -0.474486 -0.176033 -0.0629487
364 -0.431897 -0.0685892 -0.0982508
365 -0.411433 -0.0671685 -0.0654418
366 -0.440936 -0.0770473 -0.0683818
367 -0.417828 -0.0934552 -0.0987633
368 -0.465224 0.0405093 0.0458939
369 -0.439497 0.0288937 0.0669514
370 -0.433352 0.00384432 0.0501575
371 -0.455363 -0.0280757 0.0988741
372 -0.392673 0.0050281 -0.0454174
373 -0.396886 0.00650116 -0.0144415
374 -0.517209 -0.11388 0.0779428
375 -0.470719 -0.104551 -0.0319565
376 -0.444969 -0.111905 -0.0400128
377 -0.484854 -0.000643364 -0.0736075
378 -0.465009 0.0146143 -0.0629105
379 -0.517397 -0.0834623 -0.102032
380 -0.411211 0.0150458 0.0761564
381 -0.407163 -0.0258433 0.0325533
382 -0.530753 -0.143512 0.106727
383 -0.42684 -0.133668 -0.0488057
384 -0.420851 0.0195771 -0.0317454
385 -0.412259 0.0159783 -0.0646092
386 -0.46232 0.0101286 0.0965076
387 -0.480835 -0.170648 -0.10321
388 -0.469477 -0.132476 -0.101558
389 -0.5002 -0.0403733 -0.0606217
390 -0.490175 -0.0386425 -0.0988565
391 -0.45029 -0.0899419 0.101209
392 -0.436333 -0.0628387 0.0753965
393 -0.472044 -0.0786987 0.0761021
394 -0.47439 -0.0442441 -0.0740013
395 -0.379424 -0.0269551 0.00229213
396 -0.44367 0.0308232 -0.0533274
397 -0.449685 -0.00721207 -0.0717764
398 -0.531682 -0.114563 -0.104134
399 -0.401638 -0.0646536 0.0996463
400 -0.421683 -0.119969 -0.0153036
401 -0.456773 -0.185933 0.103553
402 -0.455966 -0.123272 -0.00120241
403 -0.466484 -0.0998371 0.0127003
404 -0.397808 0.0084913 0.096895
405 -0.395338 -0.0631604 -0.0972402
406 -0.396875 -0.0220905 -0.0957981
407 -0.468358 0.0437091 -0.0724765
408 -0.494515 -0.0630317 -0.100104
409 -0.410792 -0.100539 -0.0510776
410 -0.412921 -0.0886252 -0.0024287
411 -0.436668 -0.0742339 -0.0339314
412 -0.47352 -0.177146 0.0450503
413 -0.42941 -0.0933155 0.0360797
414 -0.422924 -0.130455 0.0670917
415 -0.434337 -0.167139 0.0474719
416 -0.368752 -0.00919702 0.00115249
417 -0.369322 -0.0470155 0.0336832
418 -0.418214 -0.0916925 0.100718
419 -0.493907 -0.0652461 0.101673
420 -0.367532 -0.00848646 0.0976561
421 -0.435375 -0.0285515 -0.096697
422 -0.449782 -0.157595 -0.10143
423 -0.454051 -0.188192 0.071485
424 -0.435064 -0.0613753 0.100019
425 -0.466113 -0.0617843 0.100463
426 -0.370043 -0.0356805 -0.0959609
427 -0.372024 -0.0686664 -0.0624117
428 -0.468546 0.00332789 -0.0952541
429 -0.413522 -0.0119399 -0.0703551
430 -0.432902 0.0247887 0.0329231
431 -0.456261 -0.185396 -0.101927
432 -0.366782 -0.00805539 -0.0948744
433 -0.471992 -0.0259569 -0.097414
434 -0.530231 -0.143933 -0.105739
435 -0.373915 -0.00605566 0.0368271
436 -0.396999 0.00908617 -0.0938695
437 -0.387062 0.00271508 -0.0718013
438 -0.39883 -0.112958 0.018278
439 -0.460511 0.0415385 -0.092488
440 -0.428924 0.0251722 0.0955717
441 -0.471718 0.0444208 0.0724999
442 -0.419041 -0.0022905 -0.0948194
443 -0.441364 0.00760543 -0.0944422
444 -0.374619 -0.0342645 0.0785495
445 -0.383991 -0.0411702 0.0987423
446 -0.364619 -0.0107325 -0.0608699
447 -0.461395 0.0407764 0.0946691
448 -0.44849 -0.192179 0.0391169
449 -0.490338 -0.167955 0.0199608
450 -0.428158 0.0254465 -0.0934591
451 -0.348204 -0.0203968 0.0648489
452 -0.385128 -0.0938216 0.100349
453 -0.315596 -0.120439 0.0104245
454 -0.303839 -0.148887 0.0431872
455 -0.286895 -0.115932 0.0333383
456 -0.31393 -0.100979 0.0426162
457 -0.350088 -0.18237 0.101442
458 -0.334935 -0.162427 0.0735119
459 -0.350584 -0.203715 0.0628693
460 -0.370492 -0.168063 0.0704434
461 -0.335195 -0.0276667 -0.0473323
462 -0.336783 -0.0259449 -0.0763626
463 -0.339392 -0.0498813 -0.0736156
464 -0.335541 -0.215552 -0.00205133
465 -0.372946 -0.238141 -0.000448129
466 -0.347524 -0.220792 -0.0326989
467 -0.348043 -0.253273 -0.0226719
468 -0.300655 -0.143039 -0.063825
469 -0.315314 -0.132526 -0.0294848
470 -0.337213 -0.136313 -0.0617556
471 -0.317711 -0.163041 -0.0339279
472 -0.32469 -0.186602 0.0236362
473 -0.31184 -0.181148 0.0612502
474 -0.330904 -0.22222 0.0426837
475 -0.3845 -0.201178 0.0774593
476 -0.377553 -0.201733 -0.099731
477 -0.389712 -0.227089 -0.0677138
478 -0.379582 -0.232839 -0.0999026
479 -0.381824 -0.20026 -0.0736701
480 -0.317222 -0.179042 -0.0710877
481 -0.341471 -0.186004 -0.0394744
482 -0.357243 -0.177917 -0.0717126
483 -0.312977 -0.0413663 0.0522047
484 -0.315657 -0.0704487 0.0627429
485 -0.319947 -0.0368184 0.0782355
486 -0.331388 -0.0620138 0.0463463
487 -0.309956 -0.0426772 0.0994146
488 -0.314646 -0.0769067 0.100013
489 -0.287082 -0.0569584 0.0776291
490 -0.336114 -0.0276845 -0.0152938
491 -0.335975 -0.0279271 0.0227903
492 -0.348877 -0.0569401 -0.00599632
493 -0.340188 -0.139052 0.0291312
494 -0.355001 -0.130773 0.0732554
495 -0.325411 -0.117482 0.0644478
496 -0.311909 -0.162155 -0.0983806
497 -0.296693 -0.122745 -0.0978484
498 -0.28264 -0.15319 -0.0981399
499 -0.347938 -0.164126 0.0471632
500 -0.382912 -0.111741 -0.019592
501 -0.383836 -0.0859064 0.00315431
502 -0.381442 -0.153763 0.0319606
503 -0.411605 -0.17882 0.0198424
504 -0.382747 -0.193924 0.0360186
505 -0.408997 -0.161171 0.0388952
506 -0.35843 -0.146269 -0.0345934
507 -0.380308 -0.175452 -0.0409374
508 -0.39756 -0.135029 -0.0483045
509 -0.37394 -0.152928 -0.0703546
510 -0.418658 -0.179044 -0.00948701
511 -0.4154 -0.181298 -0.0355887
512 -0.404642 -0.175129 0.0622309
513 -0.390186 -0.133137 0.0722033
514 -0.371908 -0.11468 0.0182842
515 -0.368292 -0.124647 0.0468518
516 -0.361984 -0.127575 -0.0984486
517 -0.375883 -0.164887 -0.0993453
518 -0.391067 -0.136755 -0.0992878
519 -0.371805 -0.209086 -0.0355141
520 -0.397862 -0.222535 -0.0314983
521 -0.373613 -0.207723 -0.00126009
522 -0.39476 -0.195771 -0.031191
523 -0.401373 -0.155076 -0.0246829
524 -0.420645 -0.163326 -0.0556477
525 -0.308277 -0.154133 0.000554165
526 -0.2792 -0.142303 0.0106004
527 -0.403217 -0.18539 -0.100186
528 -0.405524 -0.216637 -0.100501
529 -0.404001 -0.145607 0.00598138
530 -0.352196 -0.0593571 0.0638799
531 -0.337559 -0.259988 0.0171943
532 -0.356555 -0.216036 0.0242413
533 -0.385637 -0.0945546 -0.077376
534 -0.433335 -0.200799 0.0643085
535 -0.423423 -0.179009 0.0808445
536 -0.371366 -0.238735 -0.0414183
537 -0.438867 -0.197839 0.00713954
538 -0.368415 -0.152702 -0.00326732
539 -0.352541 -0.184297 0.02053
540 -0.35799 -0.212136 -0.0638966
541 -0.340645 -0.130081 -0.0130847
542 -0.367564 -0.0758846 -0.0236524
543 -0.320611 -0.0711557 -0.0191265
544 -0.347019 -0.0959681 -0.0375232
545 -0.341539 -0.0579099 -0.0426227
546 -0.290905 -0.0836063 0.0348097
547 -0.287072 -0.090712 0.0700068
548 -0.252125 -0.114616 0.0574283
549 -0.24593 -0.0822877 0.0337864
550 -0.416365 -0.210483 -0.0636841
551 -0.431105 -0.200778 -0.10115
552 -0.275399 -0.0642581 0.0081655
553 -0.26657 -0.103407 0.0113734
554 -0.355342 -0.188826 -0.011151
555 -0.400724 -0.174997 -0.0699126
556 -0.426289 -0.168854 -0.100405
557 -0.280099 -0.156762 -0.0248794
558 -0.391964 -0.107116 -0.0984848
559 -0.405036 -0.130293 -0.0757776
560 -0.372741 -0.0646178 0.00392902
561 -0.281105 -0.0602322 -0.0600215
562 -0.285043 -0.0885392 -0.0218425
563 -0.262112 -0.0720775 -0.031529
564 -0.301717 -0.0479909 -0.033686
565 -0.302386 -0.0479545 0.0260025
566 -0.256307 -0.107984 -0.0480225
567 -0.264933 -0.105497 -0.0975257
568 -0.28285 -0.0868039 -0.0717436
569 -0.25493 -0.0760327 -0.0725622
570 -0.339776 -0.0950843 0.0395389
571 -0.318634 -0.104127 -0.0262622
572 -0.382231 -0.232302 0.0606279
573 -0.373787 -0.112711 -0.0668308
574 -0.344181 -0.137292 0.100975
575 -0.314613 -0.116943 0.100701
576 -0.314584 -0.157825 0.101154
577 -0.305008 -0.152904 0.0795461
578 -0.384112 -0.0917664 -0.0486221
579 -0.345207 -0.087063 -0.0714863
580 -0.344109 -0.154807 -0.0987289
581 -0.306212 -0.0865115 0.00804062
582 -0.286522 -0.0574211 -0.0141568
583 -0.281372 -0.123793 0.0704548
584 -0.280519 -0.0992216 0.100656
585 -0.293994 -0.0800488 -0.0970646
586 -0.307216 -0.0439906 -0.0677589
587 -0.281157 -0.0596462 -0.0966648
588 -0.372428 -0.0690134 0.0997057
589 -0.292494 -0.120189 -0.00899518
590 -0.311323 -0.19643 0.101303
591 -0.314614 -0.207456 0.0770525
592 -0.349385 -0.0951493 0.100247
593 -0.364988 -0.242339 -0.0727455
594 -0.357703 -0.219683 -0.0994634
595 -0.3342 -0.237948 -0.0776651
596 -0.388161 -0.17911 -0.0028144
597 -0.344212 -0.190021 -0.0990179
598 -0.333503 -0.225799 -0.0991377
599 -0.332055 -0.210272 -0.0724578
600 -0.347585 -0.093468 0.00185288
601 -0.366302 -0.0973471 0.0708577
602 -0.370231 -0.120303 0.100783
603 -0.313753 -0.0767559 -0.0570719
604 -0.347288 -0.0513883 0.0992698
605 -0.329817 -0.128075 -0.0981736
606 -0.344594 -0.109407 -0.097953
607 -0.309108 -0.0422057 -0.0961727
608 -0.324374 -0.0598184 -0.096606
609 -0.336508 -0.0886499 0.0720024
610 -0.362543 -0.244523 0.0399413
611 -0.377046 -0.204568 0.101749
612 -0.359332 -0.218576 0.101675
613 -0.293776 -0.10172 -0.0440224
614 -0.403637 -0.156109 -0.0998351
615 -0.278056 -0.130333 -0.0399227
616 -0.392677 -0.102837 0.0518449
617 -0.314835 -0.107787 -0.068257
618 -0.258722 -0.126999 -0.014184
619 -0.306574 -0.0453016 -0.000765224
620 -0.332603 -0.0682984 0.019383
621 -0.33548 -0.166894 -0.00743448
622 -0.422869 -0.207391 0.038136
623 -0.408281 -0.216098 0.0729544
624 -0.36442 -0.081839 0.0391731
625 -0.334978 -0.223825 0.101465
626 -0.354359 -0.249419 0.101577
627 -0.359623 -0.246217 0.0743847
628 -0.309793 -0.201269 -0.0987042
629 -0.3514 -0.251003 -0.052105
630 -0.370984 -0.14823 0.101253
631 -0.31286 -0.211238 -0.0416129
632 -0.427538 -0.204476 -0.0273777
633 -0.406708 -0.217293 0.00763029
634 -0.352972 -0.0605292 -0.096714
635 -0.362515 -0.0926041 -0.0977079
636 -0.328334 -0.0926005 -0.0974098
637 -0.337483 -0.0249151 -0.0955602
638 -0.3847 -0.230889 0.0294171
639 -0.399811 -0.126798 0.101282
640 -0.392367 -0.172071 0.101822
641 -0.277606 -0.122084 -0.0730562
642 -0.380364 -0.233245 0.101873
643 -0.279341 -0.061864 0.0449971
644 -0.303612 -0.195511 -0.0141247
645 -0.426232 -0.178435 0.102459
646 -0.246764 -0.0817009 -0.000865722
647 -0.353561 -0.249129 -0.0994656
648 -0.400664 -0.221024 0.0416149
649 -0.254613 -0.0766674 0.100562
650 -0.253644 -0.0774456 0.070203
651 -0.338438 -0.0255084 0.0986359
652 -0.282007 -0.0598491 0.0999986
653 -0.249912 -0.105279 0.100961
654 -0.285006 -0.138632 0.101073
655 -0.33229 -0.237842 -0.0553772
656 -0.406046 -0.217122 0.102343
657 -0.431665 -0.201043 0.102688
658 -0.253665 -0.076484 -0.0970939
659 -0.338587 -0.259359 0.0557701
660 -0.308843 -0.248553 0.0447646
661 -0.247209 -0.314183 -0.098604
662 -0.234575 -0.292855 -0.06685
663 -0.274013 -0.298112 -0.0987087
664 -0.271281 -0.299938 -0.0681546
665 -0.189431 -0.216226 -0.0644787
666 -0.183687 -0.206384 -0.0981479
667 -0.218814 -0.207129 -0.0982261
668 -0.197019 -0.185091 -0.0981103
669 -0.226501 -0.126547 -0.040229
670 -0.236181 -0.116393 -0.00888315
671 -0.214125 -0.176897 0.0118896
672 -0.179345 -0.198814 -0.0106198
673 -0.204528 -0.181176 -0.0197266
674 -0.185276 -0.152079 0.00286082
675 -0.222009 -0.211099 0.0239482
676 -0.190469 -0.217437 0.0458621
677 -0.187885 -0.213207 0.0160536
678 -0.206207 -0.191034 0.0455788
679 -0.28821 -0.256243 0.0620991
680 -0.279197 -0.295739 0.0678576
681 -0.295677 -0.285709 0.044673
682 -0.264015 -0.273593 0.0347388
683 -0.227478 -0.0930242 -0.055006
684 -0.225782 -0.0943489 -0.0194321
685 -0.307475 -0.231386 -0.0988479
686 -0.278639 -0.209549 0.10141
687 -0.278945 -0.187093 0.0633641
688 -0.271027 -0.226496 0.0760799
689 -0.298708 -0.216152 0.0564955
690 -0.314309 -0.274361 0.0714731
691 -0.186033 -0.15418 0.0394632
692 -0.171216 -0.184808 0.0206455
693 -0.227667 -0.235248 -0.0104576
694 -0.20364 -0.240042 0.0243376
695 -0.212744 -0.255675 -0.00729738
696 -0.19575 -0.22673 -0.00598744
697 -0.242272 -0.191673 0.0614387
698 -0.269895 -0.226258 0.0369846
699 -0.263196 -0.211742 -0.0271219
700 -0.22515 -0.21006 -0.0354852
701 -0.26163 -0.205286 -0.0664289
702 -0.245258 -0.182223 -0.0335897
703 -0.239126 -0.17508 0.0377118
704 -0.208675 -0.163663 0.0661772
705 -0.218745 -0.150845 0.0333473
706 -0.251414 -0.260321 -0.0256241
707 -0.250321 -0.222212 -0.00374021
708 -0.247011 -0.234062 -0.0469116
709 -0.298857 -0.283548 -0.0227593
710 -0.255312 -0.256626 0.00784651
711 -0.272403 -0.299615 -0.00656865
712 -0.284043 -0.243499 -0.0173
713 -0.327271 -0.265553 -0.0991192
714 -0.34037 -0.257646 -0.0743222
715 -0.272088 -0.299645 -0.0365503
716 -0.265668 -0.268112 -0.0529626
717 -0.236182 -0.295305 -0.0392687
718 -0.282698 -0.174682 0.101262
719 -0.272613 -0.157472 0.0713085
720 -0.255143 -0.276083 0.0759898
721 -0.319859 -0.23943 0.0719294
722 -0.304586 -0.236033 0.101386
723 -0.271737 -0.245409 0.101404
724 -0.315295 -0.239352 -0.0217105
725 -0.210172 -0.104069 0.0747935
726 -0.225988 -0.131521 0.101338
727 -0.282196 -0.184111 -0.0510255
728 -0.195433 -0.112566 -0.0350457
729 -0.207488 -0.136519 -0.0182897
730 -0.226034 -0.0943507 0.0105704
731 -0.251382 -0.19716 0.0213231
732 -0.250144 -0.16301 0.00661729
733 -0.18754 -0.157292 -0.0979567
734 -0.17541 -0.124412 -0.0678374
735 -0.220557 -0.140364 -0.0685728
736 -0.188785 -0.151311 -0.0470469
737 -0.304351 -0.222241 0.0167683
738 -0.297009 -0.253557 0.0165355
739 -0.23738 -0.179525 -0.0661874
740 -0.224116 -0.216323 -0.0707592
741 -0.238446 -0.245816 0.101519
742 -0.211675 -0.253426 0.0655562
743 -0.226819 -0.225303 0.0659452
744 -0.209692 -0.249891 0.101623
745 -0.161746 -0.169029 -0.0689527
746 -0.160273 -0.166561 -0.0463237
747 -0.219593 -0.160065 -0.0439046
748 -0.254738 -0.147007 -0.0558844
749 -0.240301 -0.155397 -0.0208497
750 -0.171118 -0.18482 -0.0980362
751 -0.145708 -0.14191 -0.097822
752 -0.175409 -0.191495 0.0657976
753 -0.246477 -0.125342 -0.0977647
754 -0.26719 -0.183211 -0.00853498
755 -0.17763 -0.12353 0.0305872
756 -0.222458 -0.138104 0.0130991
757 -0.17249 -0.126502 -0.00133041
758 -0.166813 -0.12976 -0.0303143
759 -0.16224 -0.169806 -0.021071
760 -0.28234 -0.180854 0.0251632
761 -0.276378 -0.161556 -0.0733361
762 -0.196293 -0.227958 -0.0982164
763 -0.316838 -0.272815 0.0414494
764 -0.204186 -0.107035 -0.0704923
765 -0.212418 -0.202788 0.0799293
766 -0.250775 -0.189963 0.101414
767 -0.223282 -0.171222 0.10155
768 -0.247504 -0.314301 -0.0486039
769 -0.254522 -0.156161 0.101243
770 -0.25928 -0.269637 -0.0985534
771 -0.291335 -0.287761 -0.0777161
772 -0.21082 -0.103633 0.040063
773 -0.229341 -0.0923329 0.0638082
774 -0.219219 -0.130476 0.0538076
775 -0.247929 -0.314488 0.0514112
776 -0.233254 -0.289999 0.0420706
777 -0.251109 -0.193819 -0.0982698
778 -0.208402 -0.143147 0.0822197
779 -0.179481 -0.154399 0.0777322
780 -0.328091 -0.265841 0.101437
781 -0.300988 -0.282384 0.0130804
782 -0.201354 -0.109187 0.00305277
783 -0.247018 -0.12424 0.022434
784 -0.257382 -0.149748 0.0416044
785 -0.247774 -0.314391 0.00138854
786 -0.231571 -0.287391 -0.0106762
787 -0.236316 -0.295182 0.0160597
788 -0.199506 -0.109663 -0.0976668
789 -0.215643 -0.13475 -0.0978294
790 -0.270015 -0.301177 0.028597
791 -0.173403 -0.188823 -0.0456459
792 -0.200292 -0.178531 -0.0730878
793 -0.251265 -0.219605 0.101478
794 -0.221656 -0.270563 0.0224119
795 -0.237707 -0.252236 -0.0678309
796 -0.206276 -0.244961 -0.0686809
797 -0.202388 -0.238226 -0.0365147
798 -0.183365 -0.120179 0.0681697
799 -0.200423 -0.10997 0.101534
800 -0.198683 -0.130878 0.10163
801 -0.173478 -0.126125 0.101801
802 -0.146106 -0.14227 0.0271038
803 -0.146002 -0.14227 0.00212578
804 -0.157647 -0.161599 0.0400863
805 -0.191666 -0.219248 0.0763349
806 -0.197065 -0.228285 0.101717
807 -0.271495 -0.241125 -0.0738532
808 -0.301554 -0.28218 0.101353
809 -0.240482 -0.151782 0.071648
810 -0.221588 -0.271168 -0.0983677
811 -0.32614 -0.266689 -0.044851
812 -0.275451 -0.216131 0.00495312
813 -0.220783 -0.269487 -0.0466786
814 -0.248631 -0.255294 0.0578687
815 -0.237621 -0.23628 0.0293951
816 -0.205752 -0.189217 -0.0499537
817 -0.299928 -0.217655 -0.073449
818 -0.218928 -0.211098 0.101611
819 -0.295969 -0.285077 -0.0529612
820 -0.3005 -0.248815 -0.0574966
821 -0.259465 -0.126547 0.101104
822 -0.281605 -0.181808 -0.0983592
823 -0.145788 -0.142145 -0.0478259
824 -0.252842 -0.22952 -0.0984214
825 -0.230565 -0.242897 -0.0983651
826 -0.172629 -0.125911 -0.0977738
827 -0.284218 -0.222668 -0.046007
828 -0.232008 -0.198129 -0.00635773
829 -0.247984 -0.314511 0.0764069
830 -0.274869 -0.298417 0.10135
831 -0.256203 -0.278768 0.101412
832 -0.323067 -0.268775 -0.0118715
833 -0.222432 -0.271466 0.101534
834 -0.28722 -0.24883 -0.0987005
835 -0.314132 -0.273847 -0.0742683
836 -0.339322 -0.258896 0.0818585
837 -0.175815 -0.192933 -0.0750383
838 -0.227398 -0.0935205 0.101094
839 -0.226434 -0.0932712 -0.0974253
840 -0.193249 -0.155803 0.101726
841 -0.253282 -0.157288 -0.0980406
842 -0.14624 -0.142273 0.0520607
843 -0.159663 -0.164663 0.0727632
844 -0.160092 -0.134079 0.0799051
845 -0.171955 -0.185124 0.101931
846 -0.198447 -0.185233 0.101719
847 -0.146565 -0.142135 0.102037
848 -0.159276 -0.163642 0.101989
849 -0.280834 -0.21506 -0.0985518
850 -0.187998 -0.213671 -0.0319304
851 -0.233077 -0.289575 0.072722
852 -0.247858 -0.314438 0.0264097
853 -0.247651 -0.314346 -0.0236113
854 -0.269273 -0.133784 -0.0978583
855 -0.300715 -0.281857 -0.0988673
856 -0.221085 -0.172166 -0.0980811
857 -0.146393 -0.142189 0.077046
858 -0.235207 -0.293022 0.101463
859 -0.184489 -0.206697 0.101827
860 -0.248048 -0.314519 0.101401
861 -0.209954 -0.20572 0.00486859
862 -0.210442 -0.217995 0.0107541
863 -0.215674 -0.237667 0.0069476
864 -0.222751 -0.247881 0.00746929
865 -0.200104 -0.203956 -0.0128598
866 -0.203039 -0.192236 0.0136544
867 -0.214012 -0.122716 0.0373632
868 -0.207411 -0.128556 0.047222
869 -0.197028 -0.111904 0.0541044
870 -0.277427 -0.279017 0.088154
871 -0.239921 -0.143985 0.0273535
872 -0.248105 -0.138622 0.0165684
873 -0.240597 -0.132605 -0.000549047
874 -0.24161 -0.120318 0.00677056
875 -0.23226 -0.147652 -0.00561518
876 -0.208905 -0.249564 -0.0982884
877 -0.218424 -0.243924 -0.0835191
878 -0.317361 -0.243374 -0.0675709
879 -0.168181 -0.158123 0.0582666
880 -0.152955 -0.153468 0.06241
881 -0.153132 -0.138191 0.065913
882 -0.183323 -0.15426 0.0552618
883 -0.188984 -0.169789 0.0897342
884 -0.175367 -0.171194 0.090948
885 -0.246207 -0.0993457 -0.0762795
886 -0.25564 -0.0920026 -0.0602996
887 -0.244768 -0.0826269 -0.043216
888 -0.241067 -0.101137 -0.0337132
889 -0.254615 -0.297747 -0.0544256
890 -0.241042 -0.30358 -0.0577309
891 -0.249951 -0.231759 -0.0726662
892 -0.254911 -0.2466 -0.070896
893 -0.252502 -0.103119 -0.00718234
894 -0.225343 -0.116252 -0.0840848
895 -0.230042 -0.104757 0.0878836
896 -0.228069 -0.0931071 0.0881063
897 -0.238976 -0.0984283 0.0811601
898 -0.252028 -0.0893911 0.0833519
899 -0.267537 -0.0983859 0.0861597
900 -0.270392 -0.0909373 0.0889663
901 -0.270525 -0.0835691 0.0855542
902 -0.26553 -0.114413 0.085876
903 -0.277066 -0.270083 -0.00745599
904 -0.192909 -0.201897 -0.0799637
905 -0.328719 -0.0483089 0.0568296
906 -0.336558 -0.048698 0.0523296
907 -0.403998 -0.190079 0.0791308
908 -0.398526 -0.173558 0.0820358
909 -0.440864 -0.18239 0.0923492
910 -0.437052 -0.165441 0.089867
911 -0.441077 -0.164027 0.102725
912 -0.442484 -0.194881 0.0879391
913 -0.328761 -0.121612 -0.0455311
914 -0.330456 -0.102127 -0.0533274
915 -0.341846 -0.106437 -0.067798
916 -0.32972 -0.108626 -0.0830899
917 -0.340736 -0.123039 -0.0797522
918 -0.359211 -0.111029 -0.0824096
919 -0.362217 -0.11053 -0.0980961
920 -0.378416 -0.112153 -0.0432358
921 -0.389119 -0.108116 -0.048536
922 -0.416383 -0.186291 0.0384557
923 -0.408879 -0.177468 0.036428
924 -0.370902 -0.225373 0.0811579
925 -0.412134 -0.159721 -0.0777506
926 -0.402216 -0.157913 -0.0722091
927 -0.363916 -0.204104 0.082237
928 -0.370429 -0.02563 -0.0122515
929 -0.374373 -0.0201697 -0.010926
930 -0.438365 -0.175268 -0.0408527
931 -0.45005 -0.174526 -0.0575916
932 -0.46037 -0.164727 -0.0684811
933 -0.465532 -0.150012 -0.0645063
934 -0.308968 -0.0593095 0.0443358
935 -0.295525 -0.0657304 0.0528664
936 -0.301119 -0.0782543 0.0463727
937 -0.358674 -0.0273347 -0.00610754
938 -0.359211 -0.0274968 0.0118809
939 -0.363092 -0.042855 -0.00206003
940 -0.376646 -0.0165052 0.0195028
941 -0.389974 -0.00925841 0.0101443
942 -0.393697 -0.0264129 0.0176817
943 -0.401294 -0.0239208 0.00248497
944 -0.394395 -0.0404231 -0.000351995
945 -0.312839 -0.0565848 0.0811324
946 -0.306305 -0.0452019 0.0780274
947 -0.318343 -0.04903 0.0726097
948 -0.330058 -0.0618559 0.0794725
949 -0.447352 0.0340829 -0.083061
950 -0.454953 0.0262414 -0.0829981
951 -0.446613 0.0201184 -0.0780819
952 -0.442101 0.0173593 -0.0769826
953 -0.450097 0.0102418 -0.0825825
954 -0.454119 0.0304461 -0.0930711
955 -0.462456 0.0308399 -0.0809377
956 -0.515052 -0.0580546 0.0573157
957 -0.532772 -0.0585102 0.0498453
958 -0.515372 -0.0494915 0.0445469
959 -0.525021 -0.0309555 0.0427043
960 -0.536515 -0.0755877 0.0403296
961 -0.500253 -0.0627702 0.0644466
962 -0.468773 -0.0257165 0.0809285
963 -0.476582 -0.00459869 0.0835508
964 -0.483277 -0.0322906 0.0836543
965 -0.478287 0.0311421 0.0796878
966 -0.480043 -0.0378761 0.0489009
967 -0.482765 -0.0549689 0.0857419
968 -0.484586 -0.156419 0.0901836
969 -0.491315 -0.165892 0.092614
970 -0.50383 -0.12649 0.0910051
971 -0.516365 -0.123208 0.105111
972 -0.507152 -0.145148 0.0897913
973 -0.500776 -0.147208 0.0914022
974 -0.546464 -0.120326 -0.0390297
975 -0.550098 -0.119348 -0.0241781
976 -0.533026 -0.119583 -0.0517088
977 -0.472819 0.00903459 0.0170738
978 -0.47005 -0.000611218 0.0134623
979 -0.462702 -0.0125608 0.001481
980 -0.459285 -0.0106299 -0.0114847
981 -0.444651 -0.017232 -0.00607059
982 -0.478495 -0.00830342 -0.0115668
983 -0.489508 0.00166507 -0.00293833
984 -0.486695 0.00699343 -0.000779887
985 -0.470058 -0.0426892 0.051402
986 -0.496311 -0.106468 -0.0896953
987 -0.496945 -0.123169 -0.0853092
988 -0.444735 -0.03587 0.070986
989 -0.609257 -0.0810413 -0.0018692
990 -0.61276 -0.0794236 -0.00466834
991 -0.568633 -0.0538947 0.090892
992 -0.5634 -0.0457204 0.0918541
993 -0.580715 0.0649629 0.0339372
994 -0.587714 0.0834739 0.0364719
995 -0.568141 0.0628987 0.0478979
996 -0.587556 -0.0414522 0.0812015
997 -0.62061 -0.0522395 0.0731103
998 -0.631506 -0.0382976 0.0891176
999 -0.621015 -0.0473272 0.103432
1000 -0.630627 -0.0305388 0.0854137
1001 -0.614788 -0.0624303 0.0733162
1002 -0.63235 -0.0551111 -0.0824311
1003 -0.647115 -0.0512761 -0.0716024
1004 -0.630034 0.00150818 -0.0617418
1005 -0.634959 -0.00688023 -0.0607339
1006 -0.632665 0.0104268 -0.0470812
1007 -0.645733 0.0213618 -0.0450921
1008 -0.63163 -0.0196796 -0.0864475
1009 -0.577335 -0.100495 0.0967182
1010 -0.569614 -0.101482 0.0905463
1011 -0.559787 -0.105658 0.106336
1012 -0.578357 -0.0477287 -0.0490917
1013 -0.322039 -0.144182 0.0361774
1014 -0.544814 0.00915002 0.036406
1015 -0.630571 0.0352242 0.0868211
1016 -0.559068 -0.0421192 0.0519849
1017 -0.60959 0.0748491 -0.0790438
1018 -0.574434 -0.0155398 0.053905
1019 -0.274862 -0.255804 -0.0351308
1020 -0.499574 -0.0122579 0.0337018
1021 -0.399924 -0.0503551 -0.0777223
1022 -0.595501 0.0424788 0.0487354
1023 -0.646379 -0.000696613 0.0787757
1024 -0.560712 0.00967303 0.0424155
1025 -0.25138 -0.116648 -0.0728937
1026 -0.299726 -0.181602 -0.0610398
1027 -0.292984 -0.188154 0.00551415
1028 -0.301518 -0.219195 0.0366307
