1 -0.537556 -0.0642062 -0.0409058
2 -0.559671 -0.097312 -0.0404388
3 -0.55288 -0.056647 -0.00907054
4 -0.570759 -0.0630773 -0.0443425
5 -0.587065 -0.119778 0.0370575
6 -0.5908 -0.0786813 0.0139886
7 -0.600608 -0.115393 0.00471606
8 -0.598011 -0.0903631 0.0458607
9 -0.608729 -0.0586162 0.0565929
10 -0.612391 -0.0342325 0.0307954
11 -0.580276 -0.0611865 0.0458681
12 -0.522104 0.0130165 -0.0687698
13 -0.496445 0.0213739 -0.054333
14 -0.505394 0.0283722 -0.095753
15 -0.504054 0.0570909 -0.067739
16 -0.532675 -0.0344412 0.100346
17 -0.511992 -0.0354896 0.062159
18 -0.544282 -0.027316 0.0736669
19 -0.51691 -0.0224427 0.0814843
20 -0.606906 0.0555514 0.0330168
21 -0.646235 0.0407607 0.00518143
22 -0.62049 0.0313327 0.0400746
23 -0.646235 0.0730172 0.0271599
24 -0.556755 0.0466023 -0.0681308
25 -0.548522 0.0388465 -0.0955865
26 -0.568234 0.0801219 -0.0936054
27 -0.547492 0.0727688 -0.0614023
28 -0.575436 0.0611405 -0.0947241
29 -0.615882 -0.0163006 -0.0430461
30 -0.588203 -0.0247014 -0.0569125
31 -0.593109 -0.0454679 -0.0447156
32 -0.611789 -0.026116 -0.0750639
33 -0.572333 -0.0867816 -0.0110228
34 -0.552387 -0.0683464 0.0280462
35 -0.566799 -0.0973703 0.0328289
36 -0.555763 -0.0987388 0.0021505
37 -0.619604 0.0174458 -0.0131733
38 -0.646235 0.0020105 0.000880758
39 -0.646235 0.0175192 -0.0293126
40 -0.569369 -0.0257954 0.034658
41 -0.580846 -0.0336426 0.0642705
42 -0.608825 -9.14809e-06 0.0458136
43 -0.646235 0.1 -0.025
44 -0.646235 0.1 0
45 -0.646235 0.0734273 -0.0112679
46 -0.611138 0.0893669 -0.0242148
47 -0.535252 -0.0284678 0.0243021
48 -0.561993 -0.0139945 -0.00414742
49 -0.646235 0.0473314 0.0508233
50 -0.611022 0.0607976 0.0669049
51 -0.620882 -0.0690167 0.104187
52 -0.622427 -0.107709 0.0773283
53 -0.62414 -0.107003 0.10573
54 -0.624183 -0.0774434 0.0689343
55 -0.579656 0.0131348 0.0231464
56 -0.620954 0.00793469 0.0156283
57 -0.510878 0.00496518 0.0379115
58 -0.513155 -0.00688042 -0.00264913
59 -0.547502 0.0136848 0.0111692
60 -0.646235 -0.0492512 -0.0296903
61 -0.615227 -0.0444032 -0.0133816
62 -0.617855 -0.0615151 -0.0629359
63 -0.599265 -0.0820895 -0.0290716
64 -0.622667 -0.0761999 0.0166003
65 -0.625256 -0.0828912 -0.0183467
66 -0.581474 -0.0539186 -0.0760378
67 -0.646235 -0.032644 -0.00155263
68 -0.646235 -0.0459375 0.024835
69 -0.646235 -0.0165666 0.0283487
70 -0.585008 -0.0437423 -0.0196727
71 -0.580883 -0.0445256 0.00817867
72 -0.540407 0.0454883 -0.0394599
73 -0.516053 0.0325319 0.00729553
74 -0.556904 0.0456374 0.0385586
75 -0.564897 0.0421495 -0.00483993
76 -0.542243 0.0702084 -0.0252665
77 -0.577622 0.0393219 -0.0352432
78 -0.586919 -0.00915478 0.100233
79 -0.591776 0.0265822 0.0976734
80 -0.577208 -0.00323894 0.0717324
81 -0.617206 0.0205859 0.0748242
82 -0.539165 0.0116474 -0.0308329
83 -0.543421 -0.0993811 0.0669009
84 -0.546837 -0.0562693 0.0682069
85 -0.572264 -0.0876368 0.0640431
86 -0.590858 -0.0140665 -0.0167314
87 -0.595029 0.00797667 -0.0298484
88 -0.568508 0.00701433 -0.0211293
89 -0.562297 -0.026237 -0.0429024
90 -0.623872 -0.108036 -0.0773237
91 -0.646235 -0.0667146 -0.0503956
92 -0.646235 -0.1 -0.05
93 -0.626729 -0.107738 -0.0404959
94 -0.554343 -0.0178418 0.0996089
95 -0.56972 -0.039712 0.101662
96 -0.531902 0.068646 -0.0931572
97 -0.573162 -0.00774233 -0.0997629
98 -0.582648 0.0263345 -0.097469
99 -0.609613 0.00388633 -0.0731422
100 -0.587487 0.00558998 -0.0567496
101 -0.605139 -0.0124038 0.00701426
102 -0.531389 -0.106388 0.0220486
103 -0.611929 0.0595827 -0.0958904
104 -0.646235 0.0668459 -0.0654286
105 -0.607079 0.0408829 -0.0651524
106 -0.59256 0.0653356 -0.0556494
107 -0.564231 -0.130912 0.0387
108 -0.587816 0.0317839 0.0648155
109 -0.563311 -0.0804905 0.105005
110 -0.580342 -0.0546407 0.0817777
111 -0.597141 -0.0839005 0.0809965
112 -0.587837 -0.117995 0.0877643
113 -0.569015 0.0807499 0.0938772
114 -0.574328 0.0541781 0.0945788
115 -0.558388 0.0514994 0.0687728
116 -0.531858 0.0688556 0.0922641
117 -0.646235 -0.0156538 -0.0295892
118 -0.646235 -0.000828139 -0.0523479
119 -0.646235 -0.0319327 -0.0645593
120 -0.543812 -0.0758032 0.103241
121 -0.50042 0.0287196 0.0947792
122 -0.493664 0.0541831 0.0934403
123 -0.520939 0.0327044 0.0695752
124 -0.562697 0.0134236 -0.063507
125 -0.646235 -0.00138515 -0.0714992
126 -0.592782 -0.04996 0.103322
127 -0.563393 0.0164453 0.0971281
128 -0.54453 0.00873024 0.0605079
129 -0.594705 0.0257043 0.000298007
130 -0.60982 0.0658318 0.00119041
131 -0.573418 0.0557294 0.0171958
132 -0.622717 -0.00432242 -0.0184807
133 -0.613308 -0.0266578 0.075664
134 -0.585348 -0.0350481 -0.101742
135 -0.567984 -0.0199519 -0.0765928
136 -0.582696 -0.0826537 -0.0562639
137 -0.587228 -0.119698 -0.0255027
138 -0.618393 0.0219919 -0.0414694
139 -0.646235 0.0232858 0.0686351
140 -0.646235 -0.00210221 0.0574566
141 -0.536607 -0.101169 0.103782
142 -0.527727 -0.0314249 -0.0261848
143 -0.523682 -0.0675328 0.101954
144 -0.537997 0.0677119 0.00916327
145 -0.572201 0.0793304 -0.0121717
146 -0.628832 -0.108344 -0.00321099
147 -0.646235 -0.0685292 0.00314744
148 -0.646235 0.0776621 -0.0377538
149 -0.609422 0.0531353 -0.0261204
150 -0.541991 0.00302446 -0.09792
151 -0.532637 -0.0225404 -0.0643199
152 -0.540107 0.0345948 0.0949524
153 -0.526759 -0.00149258 0.0973836
154 -0.617916 0.0260002 -0.0988263
155 -0.598354 -0.115439 0.0681377
156 -0.646235 0.0502716 -0.0347161
157 -0.617036 -0.0374353 -0.102238
158 -0.646235 0 -0.1
159 -0.646235 -0.0371008 0.0597063
160 -0.646235 -0.0711414 0.038456
161 -0.595889 -0.087919 0.105583
162 -0.596218 -0.067707 -0.104623
163 -0.625942 -0.0773131 -0.104243
164 -0.605578 -0.0862517 -0.0780923
165 -0.544834 0.0715813 0.0612902
166 -0.581987 0.0839156 -0.0700671
167 -0.646235 0.0261169 -0.0656522
168 -0.573402 -0.124698 0.0734193
169 -0.548038 -0.137162 0.0735851
170 -0.586842 0.0844446 0.0569761
171 -0.557515 0.0748908 0.0349226
172 -0.502882 0.000861283 0.0649173
173 -0.493436 0.0511131 -0.0107723
174 -0.51015 0.058243 -0.0411961
175 -0.646235 0.075 0.1
176 -0.613768 0.052245 0.0966091
177 -0.646235 0.0744889 0.0709772
178 -0.504809 -0.00810456 -0.0454433
179 -0.504327 -0.0225607 -0.0768886
180 -0.59428 0.0853256 0.0151832
181 -0.494078 0.0517112 0.0255931
182 -0.522894 0.0635486 0.037184
183 -0.512719 0.0346023 0.0474218
184 -0.53255 -0.0969283 -0.0651046
185 -0.553667 -0.0944715 -0.104658
186 -0.572188 -0.0929285 -0.0783411
187 -0.55596 -0.0661321 -0.0727651
188 -0.646235 0.1 -0.05
189 -0.646235 0.1 0.05
190 -0.609278 -0.113317 -0.0243362
191 -0.600459 -0.115097 -0.0588389
192 -0.526314 -0.054135 -0.0694582
193 -0.618323 -0.1096 0.0356049
194 -0.646235 -0.1 0.025
195 -0.646235 0.05 -0.1
196 -0.646235 -0.05 0.1
197 -0.618711 -0.0253403 0.101301
198 -0.646235 -0.1 -0.1
199 -0.646235 -0.0710655 -0.0775316
200 -0.646235 -0.08027 -0.0262146
201 -0.611658 0.0897288 -0.0629195
202 -0.57799 0.0814395 -0.0414591
203 -0.556078 -0.131648 0.106612
204 -0.578255 -0.120807 0.10775
205 -0.497105 0.0204648 -0.0243587
206 -0.548585 -0.0521391 0.10222
207 -0.500471 0.0547755 0.0603394
208 -0.646235 0.0169698 0.0345753
209 -0.478075 0.0454082 -0.0442835
210 -0.554107 -0.0329393 -0.1011
211 -0.605882 0.0887048 0.0947381
212 -0.605605 0.0901859 -0.0943639
213 -0.527096 -0.101446 -0.0173829
214 -0.526608 -0.06835 -0.000576932
215 -0.57561 -0.124322 -0.0529978
216 -0.603106 -0.00448721 -0.100176
217 -0.646235 -0.0718804 0.0698327
218 -0.574993 -0.125179 0.00604925
219 -0.646235 -0.05 -0.1
220 -0.646235 0 0.1
221 -0.646235 0.05 0.1
222 -0.616993 0.0155219 0.0989295
223 -0.519056 -0.0415232 -0.100433
224 -0.493756 0.0538633 -0.0936852
225 -0.601542 -0.112181 -0.107566
226 -0.578607 -0.121044 -0.108597
227 -0.578709 -0.0905489 -0.106352
228 -0.576527 -0.122831 -0.0841343
229 -0.646235 -0.1 -0.025
230 -0.646235 0.1 -0.1
231 -0.565586 -0.130408 -0.0288504
232 -0.553725 -0.134536 -0.0701251
233 -0.556266 -0.131581 -0.106696
234 -0.488928 0.0228921 0.0680556
235 -0.646235 0.1 0.1
236 -0.516969 -0.0613657 0.0300609
237 -0.646235 -0.1 0.05
238 -0.549129 -0.138992 0.00305929
239 -0.542287 -0.0627901 -0.102539
240 -0.56782 -0.0624303 -0.103954
241 -0.646235 -0.1 0.1
242 -0.500561 -0.0115757 -0.0980425
243 -0.626129 -0.107098 -0.106193
244 -0.518139 -0.0824689 0.0506344
245 -0.60101 -0.114166 0.10721
246 -0.646235 -0.1 0
247 -0.646235 -0.075 -0.1
248 -0.510044 -0.0631141 0.0785639
249 -0.508877 -0.0359192 0.0991163
250 -0.448372 -0.0288771 0.038423
251 -0.489002 -0.0321367 0.0274999
252 -0.456897 -0.0350853 0.00546896
253 -0.457318 -0.0667238 0.0384738
254 -0.469936 0.00584576 -0.00497988
255 -0.45946 0.0353342 0.012251
256 -0.51099 -0.159787 -0.00277269
257 -0.495998 -0.121622 0.00144438
258 -0.527385 -0.149428 0.0119504
259 -0.515604 -0.156706 0.0257712
260 -0.502638 -0.103738 0.102305
261 -0.470166 -0.117912 0.101391
262 -0.489172 -0.101299 0.0671421
263 -0.477512 -0.0899337 0.100695
264 -0.404884 -0.0270581 -0.0301359
265 -0.422086 -0.0251353 0.00136771
266 -0.42521 -0.0476526 -0.0331609
267 -0.40884 -0.057076 -0.00414633
268 -0.468411 -0.138943 0.0659505
269 -0.475291 -0.101454 0.0388164
270 -0.451632 -0.10529 0.0701742
271 -0.538118 -0.143551 -0.0382482
272 -0.526599 -0.14964 -0.0137793
273 -0.475922 0.00966646 0.0353484
274 -0.462305 -0.00161003 0.067777
275 -0.487766 -0.173812 -0.0185415
276 -0.461401 -0.190463 -0.0269998
277 -0.444051 -0.158065 -0.0182258
278 -0.470874 -0.184571 0.0103162
279 -0.432387 -0.0123171 -0.0488573
280 -0.434843 -0.00887213 -0.0172026
281 -0.533272 -0.145554 0.0415899
282 -0.452995 -0.133438 0.0354552
283 -0.486975 -0.135122 0.0306888
284 -0.509993 -0.157943 0.104207
285 -0.485648 -0.172624 0.103056
286 -0.502571 -0.163249 0.0823101
287 -0.49323 -0.14078 0.102871
288 -0.4488 -0.080656 -0.00618581
289 -0.429384 -0.058611 0.0156422
290 -0.48298 -0.0249022 0.0608935
291 -0.507686 -0.127726 -0.0376267
292 -0.472246 -0.0632277 -0.0422792
293 -0.49055 -0.0798505 -0.0103839
294 -0.475183 -0.0545848 -0.0116602
295 -0.400166 0.00390825 0.0160951
296 -0.425949 0.0183187 -0.00100212
297 -0.441824 -0.00329009 0.0163059
298 -0.497255 -0.137574 0.0746204
299 -0.521713 -0.151093 0.0773875
300 -0.417358 -0.0316037 0.0705717
301 -0.471317 -0.0464724 0.0688265
302 -0.500302 -0.090363 0.0219323
303 -0.50934 -0.124151 0.0436767
304 -0.480484 -0.0670469 0.0158597
305 -0.468271 -0.0908902 -0.0686699
306 -0.498734 -0.0824592 -0.0715863
307 -0.501819 -0.0919632 -0.0446378
308 -0.491386 -0.127783 -0.0684016
309 -0.513862 -0.12401 -0.0762994
310 -0.487909 -0.025211 -0.0201148
311 -0.464935 0.0052033 -0.0386261
312 -0.374132 -0.0483233 -0.0284812
313 -0.36702 -0.0155623 -0.0329773
314 -0.376377 -0.0388556 -0.0639956
315 -0.447215 -0.037758 -0.0232167
316 -0.443495 -0.0452965 -0.0656188
317 -0.387918 -0.0393638 0.0536982
318 -0.405318 0.00774033 0.0485998
319 -0.383247 -0.00475692 0.0685413
320 -0.479808 -0.138391 -0.0244442
321 -0.474842 -0.152898 0.00704917
322 -0.405807 -0.0420369 -0.0599811
323 -0.457096 -0.153673 0.101597
324 -0.424866 -0.152774 0.100637
325 -0.450697 -0.155196 0.0760373
326 -0.438079 -0.123857 0.100401
327 -0.50727 -0.122081 -0.103372
328 -0.523017 -0.151123 -0.0736331
329 -0.510452 -0.157754 -0.104095
330 -0.489616 -0.0648392 0.0484587
331 -0.453724 0.0332768 -0.0208941
332 -0.505859 -0.0486406 0.00111096
333 -0.506749 -0.0616021 -0.0318783
334 -0.510248 -0.159789 -0.0426108
335 -0.501253 -0.164196 -0.0783136
336 -0.476928 -0.154834 -0.0805096
337 -0.397953 -0.0712276 -0.0326567
338 -0.481222 -0.00249251 0.0105039
339 -0.433569 -0.120591 0.0103637
340 -0.414668 -0.137329 0.0333783
341 -0.441507 -0.160052 0.0147682
342 -0.506101 -0.161763 0.0528431
343 -0.482637 -0.175427 0.0753066
344 -0.490232 -0.010318 0.0971549
345 -0.483448 -0.0401965 0.0987402
346 -0.426306 -0.00935937 0.0962704
347 -0.417414 -0.0398502 0.0974122
348 -0.398067 -0.021362 0.0963666
349 -0.398028 -0.0774604 0.0296803
350 -0.409233 -0.0921534 0.0710013
351 -0.390843 -0.0673219 0.068583
352 -0.419007 -0.0599389 0.0475298
353 -0.465655 -0.0629806 -0.0997326
354 -0.48389 -0.095589 -0.101693
355 -0.449789 -0.100858 -0.10069
356 -0.458515 -0.124155 -0.0735125
357 -0.42686 -0.135132 -0.100979
358 -0.434858 -0.116765 -0.0732721
359 -0.442541 -0.151411 -0.077958
360 -0.474377 -0.0193968 -0.0564376
361 -0.462421 -0.1509 -0.0500121
362 -0.449716 -0.197574 -0.0646867
363 -0.479664 -0.178382 -0.0636135
364 -0.433506 -0.0728625 -0.0995905
365 -0.413604 -0.0716955 -0.0668394
366 -0.442214 -0.0810442 -0.069589
367 -0.420163 -0.098141 -0.100057
368 -0.464618 0.0388219 0.0445306
369 -0.439256 0.0269511 0.0655561
370 -0.433361 0.00106022 0.048853
371 -0.455264 -0.0303376 0.0976532
372 -0.392209 3.51743e-05 -0.0472452
373 -0.396158 0.00156819 -0.0160695
374 -0.517857 -0.114612 0.0769992
375 -0.473026 -0.107243 -0.0329456
376 -0.447524 -0.115514 -0.041094
377 -0.485551 -0.00226531 -0.0747892
378 -0.465419 0.0126517 -0.064264
379 -0.518445 -0.084788 -0.102514
380 -0.409427 0.0108319 0.0746292
381 -0.407345 -0.0302522 0.030932
382 -0.532268 -0.143723 0.105783
383 -0.430183 -0.137798 -0.0499053
384 -0.419524 0.015355 -0.0333567
385 -0.411458 0.0114461 -0.0664514
386 -0.461777 0.00837582 0.095283
387 -0.486081 -0.172932 -0.103647
388 -0.473211 -0.135405 -0.1022
389 -0.499881 -0.0420081 -0.0614269
390 -0.490781 -0.0402173 -0.0997644
391 -0.451199 -0.093156 0.0999193
392 -0.435837 -0.0669526 0.0741119
393 -0.472624 -0.0809002 0.0749038
394 -0.474774 -0.0465194 -0.0751047
395 -0.379725 -0.0325694 0.000528965
396 -0.444025 0.0286183 -0.0548209
397 -0.450523 -0.00948446 -0.0730552
398 -0.533436 -0.115298 -0.104391
399 -0.402491 -0.069104 0.0980266
400 -0.424314 -0.124265 -0.0165765
401 -0.461276 -0.188713 0.102407
402 -0.458697 -0.12643 -0.00233353
403 -0.468437 -0.102707 0.0116961
404 -0.39612 0.00386252 0.0952575
405 -0.397441 -0.0682118 -0.0987919
406 -0.397637 -0.0271646 -0.0976031
407 -0.468028 0.0415837 -0.0740578
408 -0.495334 -0.0647805 -0.100948
409 -0.412945 -0.105229 -0.0524143
410 -0.41456 -0.0932914 -0.00380752
411 -0.437852 -0.0782203 -0.0352123
412 -0.477958 -0.179264 0.0441858
413 -0.43062 -0.097362 0.0347401
414 -0.425323 -0.134396 0.0657418
415 -0.438227 -0.17072 0.0463209
416 -0.368446 -0.0152975 -0.000732438
417 -0.370288 -0.0524673 0.0319244
418 -0.419162 -0.0961096 0.0994147
419 -0.493552 -0.0665847 0.100642
420 -0.366478 -0.0142867 0.0958024
421 -0.436159 -0.0325904 -0.0980751
422 -0.454405 -0.161156 -0.102124
423 -0.458665 -0.191033 0.0704191
424 -0.435653 -0.0648448 0.0986174
425 -0.465995 -0.0646152 0.0992629
426 -0.371356 -0.041698 -0.0977376
427 -0.374179 -0.0744438 -0.064115
428 -0.469094 0.00113776 -0.0964744
429 -0.413665 -0.0164582 -0.0720539
430 -0.432619 0.0220329 0.0313376
431 -0.461981 -0.188608 -0.102551
432 -0.367119 -0.0142477 -0.0968522
433 -0.473185 -0.0278486 -0.0984589
434 -0.532938 -0.144505 -0.10593
435 -0.373456 -0.0114833 0.0350386
436 -0.396806 0.00396789 -0.0957599
437 -0.386858 -0.002556 -0.0737414
438 -0.401543 -0.118335 0.0167772
439 -0.460028 0.0389738 -0.0939536
440 -0.426716 0.021607 0.0941278
441 -0.470835 0.0428947 0.0713032
442 -0.419137 -0.00667975 -0.0964691
443 -0.441111 0.0038754 -0.0959324
444 -0.374736 -0.0396359 0.0767791
445 -0.384084 -0.0462004 0.0970834
446 -0.364908 -0.0168331 -0.0628554
447 -0.46026 0.038951 0.0934208
448 -0.453779 -0.195446 0.0382402
449 -0.494826 -0.169447 0.0192315
450 -0.427552 0.0213609 -0.0952067
451 -0.347922 -0.0271793 0.0627904
452 -0.386283 -0.0998981 0.0988276
453 -0.318956 -0.129176 0.00839293
454 -0.307725 -0.158549 0.0411505
455 -0.289804 -0.126132 0.0311456
456 -0.31635 -0.10957 0.0405508
457 -0.354869 -0.189556 0.099793
458 -0.339093 -0.170337 0.0717445
459 -0.356535 -0.210966 0.0612893
460 -0.37492 -0.174568 0.0688877
461 -0.335164 -0.0357523 -0.0493854
462 -0.336886 -0.0340399 -0.07845
463 -0.340432 -0.0578733 -0.0756129
464 -0.342656 -0.223805 -0.00364845
465 -0.380884 -0.244666 -0.00178305
466 -0.355085 -0.228575 -0.0341945
467 -0.356897 -0.260948 -0.0241051
468 -0.305001 -0.153057 -0.0657992
469 -0.31918 -0.141997 -0.0313902
470 -0.341161 -0.1445 -0.0635048
471 -0.322767 -0.172265 -0.0357553
472 -0.330469 -0.195297 0.0218723
473 -0.317032 -0.190352 0.0593843
474 -0.338021 -0.230542 0.0410616
475 -0.390236 -0.207046 0.0760443
476 -0.384533 -0.208304 -0.100971
477 -0.397462 -0.233016 -0.068855
478 -0.387873 -0.239316 -0.101071
479 -0.38851 -0.206571 -0.074909
480 -0.323232 -0.188327 -0.0728677
481 -0.347363 -0.193864 -0.0410788
482 -0.362964 -0.185235 -0.0732028
483 -0.312891 -0.0501156 0.0499993
484 -0.316685 -0.0790145 0.0606491
485 -0.319493 -0.0451772 0.076096
486 -0.332144 -0.0700295 0.0443264
487 -0.309579 -0.0513603 0.0972324
488 -0.315672 -0.085356 0.0979353
489 -0.287556 -0.066647 0.0753075
490 -0.33599 -0.0356203 -0.0172689
491 -0.335403 -0.0359486 0.0207991
492 -0.349858 -0.064372 -0.00781506
493 -0.343663 -0.146885 0.0273434
494 -0.357751 -0.138038 0.0715414
495 -0.328331 -0.125548 0.0624914
496 -0.31732 -0.171787 -0.100242
497 -0.300776 -0.132912 -0.0999223
498 -0.288052 -0.163834 -0.100196
499 -0.352334 -0.171558 0.0454678
500 -0.385626 -0.11814 -0.0210855
501 -0.385824 -0.0919079 0.00160096
502 -0.385567 -0.159972 0.0304742
503 -0.416912 -0.18368 0.0186176
504 -0.388451 -0.199951 0.0346387
505 -0.413448 -0.166159 0.0375715
506 -0.362614 -0.153551 -0.0361711
507 -0.385785 -0.181811 -0.042312
508 -0.401425 -0.140827 -0.0496424
509 -0.378674 -0.159689 -0.0717841
510 -0.42416 -0.183701 -0.0106217
511 -0.42116 -0.186145 -0.0367084
512 -0.409473 -0.180219 0.0608696
513 -0.393135 -0.138932 0.0706681
514 -0.3746 -0.121347 0.0166956
515 -0.370989 -0.131453 0.0451802
516 -0.365835 -0.134935 -0.100052
517 -0.381317 -0.171598 -0.100694
518 -0.395363 -0.142907 -0.100575
519 -0.378628 -0.215723 -0.0368642
520 -0.405243 -0.228023 -0.0326472
521 -0.380205 -0.214218 -0.00263553
522 -0.401046 -0.201475 -0.0324446
523 -0.405948 -0.160583 -0.0259757
524 -0.425431 -0.168083 -0.0566238
525 -0.312725 -0.163589 -0.00137811
526 -0.283398 -0.152847 0.00842385
527 -0.409547 -0.190935 -0.101257
528 -0.413118 -0.222003 -0.10144
529 -0.407999 -0.15092 0.00463976
530 -0.35267 -0.0665403 0.0620186
531 -0.346445 -0.268011 0.0156843
532 -0.363541 -0.223301 0.0227787
533 -0.387936 -0.101187 -0.0788784
534 -0.439275 -0.204504 0.0632195
535 -0.428354 -0.183232 0.0795756
536 -0.379776 -0.245432 -0.0426952
537 -0.445068 -0.201508 0.00614361
538 -0.372711 -0.159554 -0.00478541
539 -0.358059 -0.191659 0.0189263
540 -0.365093 -0.219404 -0.0653326
541 -0.34417 -0.137992 -0.0148411
542 -0.369349 -0.0826299 -0.0253217
543 -0.322243 -0.0796699 -0.0211492
544 -0.349791 -0.103535 -0.0392908
545 -0.342733 -0.0657079 -0.0445233
546 -0.292683 -0.093213 0.0325522
547 -0.288929 -0.100365 0.0677523
548 -0.254853 -0.126167 0.0550059
549 -0.247481 -0.0941798 0.03123
550 -0.423487 -0.215292 -0.0646676
551 -0.438131 -0.20506 -0.101945
552 -0.276295 -0.0749847 0.00579845
553 -0.269185 -0.114422 0.00906286
554 -0.361196 -0.196125 -0.0126839
555 -0.406421 -0.180608 -0.0710892
556 -0.432004 -0.17345 -0.101363
557 -0.284826 -0.167495 -0.0269678
558 -0.395051 -0.113348 -0.0999026
559 -0.408901 -0.135866 -0.0770145
560 -0.374001 -0.0710047 0.00228116
561 -0.282621 -0.0706286 -0.0623548
562 -0.28749 -0.0985832 -0.0241066
563 -0.263629 -0.0834589 -0.0339651
564 -0.302537 -0.057294 -0.0358846
565 -0.302812 -0.0571672 0.0237712
566 -0.259455 -0.119629 -0.0503887
567 -0.268278 -0.116952 -0.0998705
568 -0.285192 -0.0974809 -0.0740357
569 -0.256878 -0.0878426 -0.0750498
570 -0.341951 -0.102744 0.0376245
571 -0.321628 -0.11263 -0.0282377
572 -0.389318 -0.23827 0.0593283
573 -0.376655 -0.119595 -0.0683839
574 -0.34714 -0.144902 0.0992342
575 -0.317163 -0.12536 0.0986649
576 -0.318529 -0.166874 0.099233
577 -0.308825 -0.162443 0.0775674
578 -0.386757 -0.0979547 -0.0501596
579 -0.347814 -0.0947615 -0.0732983
580 -0.349072 -0.162674 -0.100366
581 -0.308088 -0.09575 0.00588908
582 -0.28762 -0.0673881 -0.0164636
583 -0.28439 -0.134101 0.068254
584 -0.282246 -0.109563 0.098393
585 -0.296541 -0.0897316 -0.0993179
586 -0.308064 -0.053152 -0.069969
587 -0.282746 -0.0702285 -0.0990452
588 -0.37298 -0.0753955 0.0980422
589 -0.295898 -0.13021 -0.0110981
590 -0.316961 -0.205504 0.0994645
591 -0.320862 -0.21643 0.0752687
592 -0.351046 -0.102358 0.098469
593 -0.373753 -0.2494 -0.0740141
594 -0.365677 -0.227208 -0.100805
595 -0.342768 -0.246392 -0.0791573
596 -0.393606 -0.18508 -0.00419841
597 -0.350748 -0.198152 -0.100585
598 -0.341711 -0.234363 -0.100649
599 -0.339414 -0.218851 -0.0740506
600 -0.349939 -0.100924 4.71068e-05
601 -0.368294 -0.103953 0.0691844
602 -0.372442 -0.126934 0.0990755
603 -0.315881 -0.0855452 -0.0591342
604 -0.347181 -0.0586705 0.0973888
605 -0.334006 -0.137131 -0.100012
606 -0.348254 -0.117144 -0.0997003
607 -0.31004 -0.0513772 -0.0983955
608 -0.326014 -0.068405 -0.0987056
609 -0.338186 -0.096352 0.0701066
610 -0.370666 -0.25142 0.0385808
611 -0.382769 -0.21069 0.100278
612 -0.365966 -0.225538 0.100133
613 -0.296772 -0.111549 -0.0461953
614 -0.408756 -0.161719 -0.100977
615 -0.282089 -0.141053 -0.0420838
616 -0.394484 -0.108693 0.0502596
617 -0.31828 -0.116471 -0.0702341
618 -0.262474 -0.138429 -0.01647
619 -0.307041 -0.0544219 -0.00298211
620 -0.334012 -0.0762526 0.0174087
621 -0.340406 -0.175008 -0.0091467
622 -0.429207 -0.211606 0.0370673
623 -0.414669 -0.220894 0.0717058
624 -0.366004 -0.0885839 0.0374111
625 -0.341793 -0.231854 0.0998151
626 -0.362276 -0.256538 0.100105
627 -0.367586 -0.253169 0.0729636
628 -0.316935 -0.21089 -0.100469
629 -0.360366 -0.258596 -0.0534752
630 -0.374426 -0.154733 0.0996605
631 -0.320051 -0.22055 -0.0433465
632 -0.434267 -0.208625 -0.0283764
633 -0.413662 -0.222345 0.00646449
634 -0.354599 -0.0680592 -0.0986074
635 -0.365437 -0.0997206 -0.099421
636 -0.331342 -0.100963 -0.0993673
637 -0.337622 -0.0330534 -0.0976489
638 -0.391999 -0.236816 0.0281403
639 -0.402374 -0.132186 0.0997498
640 -0.396798 -0.177676 0.100334
641 -0.281502 -0.132928 -0.0752541
642 -0.38733 -0.239222 0.100492
643 -0.280124 -0.0722285 0.0426284
644 -0.309954 -0.205183 -0.0159625
645 -0.430968 -0.18255 0.101184
646 -0.248517 -0.0936373 -0.00336832
647 -0.362766 -0.256774 -0.10076
648 -0.407441 -0.226193 0.0404126
649 -0.255416 -0.0880824 0.0980583
650 -0.254703 -0.0889608 0.0676944
651 -0.33736 -0.0331118 0.0966022
652 -0.282333 -0.0699152 0.0975672
653 -0.251929 -0.116847 0.0985111
654 -0.28842 -0.148731 0.0989327
655 -0.340699 -0.246309 -0.0569061
656 -0.412313 -0.221978 0.101028
657 -0.437339 -0.204836 0.101466
658 -0.255788 -0.0884023 -0.0995778
659 -0.347192 -0.267241 0.0542849
660 -0.317048 -0.25777 0.0430734
661 -0.259221 -0.326379 -0.100498
662 -0.245476 -0.305537 -0.0688864
663 -0.285329 -0.309188 -0.100466
664 -0.282471 -0.311057 -0.0699318
665 -0.197154 -0.230818 -0.066995
666 -0.19128 -0.221279 -0.100736
667 -0.22635 -0.220601 -0.100579
668 -0.203703 -0.199452 -0.100669
669 -0.230408 -0.139365 -0.0427382
670 -0.239458 -0.128763 -0.0113503
671 -0.21974 -0.19028 0.00942166
672 -0.186052 -0.213679 -0.0132612
673 -0.210531 -0.195029 -0.0222464
674 -0.18993 -0.166707 0.000146771
675 -0.228842 -0.224167 0.0216106
676 -0.197504 -0.23172 0.0433258
677 -0.195004 -0.227652 0.0134964
678 -0.21221 -0.20465 0.0430745
679 -0.296677 -0.26635 0.0602848
680 -0.289306 -0.306204 0.0661109
681 -0.305506 -0.295536 0.0430068
682 -0.273411 -0.284809 0.0328422
683 -0.230067 -0.105893 -0.0575988
684 -0.228202 -0.107223 -0.0220276
685 -0.315893 -0.24104 -0.100526
686 -0.284826 -0.219954 0.0994031
687 -0.28435 -0.197631 0.0612984
688 -0.278094 -0.237241 0.0740771
689 -0.305443 -0.225814 0.0546395
690 -0.323458 -0.28326 0.0698725
691 -0.190527 -0.16869 0.0367195
692 -0.177138 -0.199945 0.0179058
693 -0.235771 -0.248142 -0.0126881
694 -0.211734 -0.253844 0.0219509
695 -0.221691 -0.269164 -0.0095755
696 -0.203501 -0.240909 -0.00845451
697 -0.247997 -0.203856 0.0591463
698 -0.277185 -0.237119 0.034983
699 -0.270309 -0.223063 -0.0291777
700 -0.232326 -0.223149 -0.0377846
701 -0.26867 -0.216738 -0.0684991
702 -0.251189 -0.194514 -0.0358277
703 -0.244529 -0.187176 0.0353728
704 -0.213376 -0.177161 0.0636082
705 -0.223118 -0.164005 0.0308131
706 -0.260656 -0.27223 -0.0276391
707 -0.257821 -0.234142 -0.00587175
708 -0.255279 -0.246237 -0.049009
709 -0.309043 -0.293391 -0.0244098
710 -0.264173 -0.268298 0.00583068
711 -0.283167 -0.310552 -0.00835789
712 -0.292442 -0.253904 -0.0191491
713 -0.337147 -0.274304 -0.10058
714 -0.349754 -0.265774 -0.0757258
715 -0.283047 -0.31066 -0.03833
716 -0.275408 -0.279473 -0.0548609
717 -0.246998 -0.307851 -0.0412918
718 -0.287337 -0.184989 0.0991804
719 -0.277057 -0.168085 0.0691427
720 -0.264387 -0.287566 0.0740374
721 -0.3275 -0.248129 0.0702619
722 -0.311903 -0.245308 0.0996087
723 -0.279532 -0.25618 0.0994662
724 -0.323537 -0.248469 -0.0233726
725 -0.212371 -0.117384 0.0720568
726 -0.229144 -0.144031 0.0988003
727 -0.288269 -0.194778 -0.053032
728 -0.198658 -0.126911 -0.0378034
729 -0.21161 -0.150295 -0.0209012
730 -0.228263 -0.107137 0.00794475
731 -0.257609 -0.209064 0.0191185
732 -0.255203 -0.17478 0.00433202
733 -0.19306 -0.172075 -0.100649
734 -0.179368 -0.139654 -0.070694
735 -0.225221 -0.153477 -0.0710894
736 -0.193719 -0.165924 -0.0497443
737 -0.311631 -0.231786 0.0150012
738 -0.305636 -0.263382 0.0147827
739 -0.243662 -0.191924 -0.0685047
740 -0.231801 -0.229546 -0.0730485
741 -0.246263 -0.257973 0.0993722
742 -0.220041 -0.266802 0.0632663
743 -0.233987 -0.238074 0.0636649
744 -0.217712 -0.263227 0.0993136
745 -0.167593 -0.184805 -0.0717814
746 -0.165868 -0.182344 -0.0491688
747 -0.224855 -0.173384 -0.0463844
748 -0.259577 -0.15867 -0.058166
749 -0.245277 -0.167541 -0.0232061
750 -0.177808 -0.200263 -0.100761
751 -0.150622 -0.158447 -0.100823
752 -0.181304 -0.206349 0.063083
753 -0.250685 -0.1375 -0.100163
754 -0.272992 -0.194389 -0.010643
755 -0.180908 -0.138437 0.0277011
756 -0.22643 -0.15116 0.0105745
757 -0.176109 -0.141705 -0.00419632
758 -0.170759 -0.145268 -0.0332089
759 -0.167806 -0.18544 -0.0238935
760 -0.287743 -0.191336 0.0230946
761 -0.281654 -0.17256 -0.0754203
762 -0.204717 -0.242339 -0.100671
763 -0.326118 -0.281666 0.0398839
764 -0.207467 -0.121046 -0.0732054
765 -0.218586 -0.216103 0.0774834
766 -0.256172 -0.201531 0.0991852
767 -0.228051 -0.184037 0.0990966
768 -0.259181 -0.326368 -0.0505012
769 -0.258686 -0.167469 0.0989478
770 -0.269396 -0.281375 -0.100482
771 -0.302063 -0.298057 -0.0793861
772 -0.213248 -0.116964 0.037324
773 -0.231097 -0.104866 0.0611662
774 -0.222672 -0.143389 0.0512139
775 -0.258951 -0.326298 0.0495263
776 -0.243315 -0.302477 0.0400222
777 -0.257979 -0.206011 -0.100423
778 -0.212126 -0.156645 0.0795908
779 -0.183731 -0.169093 0.0749435
780 -0.33669 -0.274085 0.0998641
781 -0.310876 -0.292068 0.0114169
782 -0.204259 -0.123144 0.000336309
783 -0.250386 -0.136097 0.0200123
784 -0.261702 -0.161082 0.0393252
785 -0.259122 -0.326328 -0.000506167
786 -0.241866 -0.300074 -0.0127553
787 -0.246754 -0.307595 0.0140436
788 -0.203025 -0.123993 -0.10041
789 -0.220193 -0.14839 -0.100396
790 -0.28061 -0.312123 0.0268187
791 -0.17992 -0.204033 -0.0483482
792 -0.206536 -0.192702 -0.0756434
793 -0.257977 -0.231266 0.099337
794 -0.231028 -0.283602 0.020236
795 -0.246885 -0.264835 -0.0699445
796 -0.215172 -0.258894 -0.0710202
797 -0.210799 -0.252242 -0.0388921
798 -0.186242 -0.134762 0.0653189
799 -0.202642 -0.123771 0.0987589
800 -0.201771 -0.144742 0.0989011
801 -0.176391 -0.141036 0.0988979
802 -0.150218 -0.15848 0.0240714
803 -0.150267 -0.158555 -0.000886656
804 -0.162469 -0.177283 0.0371823
805 -0.198594 -0.233393 0.0738079
806 -0.204202 -0.242139 0.0992556
807 -0.280233 -0.252323 -0.0757718
808 -0.310891 -0.291636 0.0996839
809 -0.244693 -0.163721 0.0692544
810 -0.231793 -0.28449 -0.100546
811 -0.335699 -0.275354 -0.0463644
812 -0.282544 -0.226927 0.00296569
813 -0.230566 -0.282728 -0.0488615
814 -0.257107 -0.267127 0.0558183
815 -0.24549 -0.248672 0.02722
816 -0.212294 -0.203084 -0.0524475
817 -0.307579 -0.227574 -0.0752419
818 -0.225309 -0.224066 0.0992315
819 -0.306414 -0.295137 -0.0546133
820 -0.309375 -0.258616 -0.0592067
821 -0.262383 -0.137693 0.0987682
822 -0.2879 -0.192614 -0.10036
823 -0.150384 -0.158559 -0.0508287
824 -0.261267 -0.241605 -0.100501
825 -0.239559 -0.255874 -0.100553
826 -0.176848 -0.141341 -0.100644
827 -0.291909 -0.233151 -0.047901
828 -0.238506 -0.210862 -0.00865578
829 -0.258851 -0.326255 0.0745192
830 -0.284885 -0.308976 0.0995772
831 -0.265403 -0.290139 0.0994716
832 -0.332516 -0.277493 -0.0134203
833 -0.231343 -0.284265 0.0993629
834 -0.296375 -0.25932 -0.100476
835 -0.324192 -0.283077 -0.0758155
836 -0.347744 -0.266692 0.0803429
837 -0.182695 -0.208115 -0.0777132
838 -0.228924 -0.106057 0.0984555
839 -0.229295 -0.106327 -0.100034
840 -0.197384 -0.169868 0.0990313
841 -0.258816 -0.16911 -0.100301
842 -0.150188 -0.158417 0.0490254
843 -0.164393 -0.180183 0.0698735
844 -0.163494 -0.149592 0.0769373
845 -0.177331 -0.200044 0.0991734
846 -0.203811 -0.199046 0.0991417
847 -0.150167 -0.158151 0.0990004
848 -0.163766 -0.179107 0.0990927
849 -0.288533 -0.225838 -0.100445
850 -0.195469 -0.228209 -0.0344821
851 -0.242928 -0.301983 0.0706706
852 -0.259046 -0.326311 0.0245228
853 -0.259161 -0.32635 -0.0255085
854 -0.273838 -0.145008 -0.100087
855 -0.311338 -0.29181 -0.100481
856 -0.227215 -0.18555 -0.100512
857 -0.150166 -0.158272 0.0740089
858 -0.245022 -0.305261 0.0994329
859 -0.190767 -0.221069 0.0992143
860 -0.258761 -0.326196 0.0995112
861 -0.21681 -0.219266 0.00244269
862 -0.217711 -0.231538 0.0083484
863 -0.223775 -0.251007 0.00463693
864 -0.231269 -0.260928 0.00523175
865 -0.207023 -0.217958 -0.0153584
866 -0.209296 -0.206063 0.0111437
867 -0.217166 -0.136089 0.0347229
868 -0.210752 -0.142186 0.04455
869 -0.199636 -0.12596 0.0513237
870 -0.286714 -0.289529 0.0863406
871 -0.244092 -0.156165 0.0249453
872 -0.252115 -0.150438 0.0142107
873 -0.244467 -0.144815 -0.00297089
874 -0.244932 -0.132439 0.00429334
875 -0.236759 -0.160343 -0.00804895
876 -0.218204 -0.263423 -0.100602
877 -0.22737 -0.257379 -0.0857822
878 -0.326079 -0.252496 -0.069175
879 -0.172729 -0.173329 0.0554162
880 -0.157294 -0.1693 0.0594475
881 -0.156808 -0.154021 0.0629111
882 -0.187716 -0.168847 0.0524997
883 -0.19379 -0.184042 0.0870492
884 -0.180233 -0.186011 0.0881768
885 -0.24918 -0.111494 -0.0787422
886 -0.258181 -0.103728 -0.0627214
887 -0.246827 -0.09476 -0.0457298
888 -0.243856 -0.113383 -0.0361934
889 -0.265626 -0.309545 -0.0563204
890 -0.252334 -0.315955 -0.0597001
891 -0.258287 -0.243888 -0.0747534
892 -0.263867 -0.258488 -0.0729082
893 -0.255194 -0.114814 -0.00958266
894 -0.229096 -0.129275 -0.0866474
895 -0.23215 -0.117182 0.0852887
896 -0.229677 -0.105636 0.085466
897 -0.240855 -0.110503 0.0786083
898 -0.253494 -0.100931 0.0808686
899 -0.269347 -0.109274 0.0838059
900 -0.271866 -0.101714 0.0866096
901 -0.271713 -0.0943549 0.0831802
902 -0.268035 -0.12536 0.0835447
903 -0.286586 -0.280854 -0.00928652
904 -0.20019 -0.216364 -0.0825065
905 -0.328856 -0.0564029 0.0547643
906 -0.336722 -0.0565058 0.0503182
907 -0.40933 -0.195128 0.0777811
908 -0.403148 -0.178908 0.0806093
909 -0.445857 -0.185784 0.0911813
910 -0.440782 -0.169028 0.0886879
911 -0.444844 -0.167528 0.101624
912 -0.448048 -0.19815 0.0867892
913 -0.332568 -0.129762 -0.0473894
914 -0.33358 -0.110277 -0.0552038
915 -0.345241 -0.114209 -0.0695727
916 -0.333275 -0.116848 -0.0849524
917 -0.344844 -0.130846 -0.0814923
918 -0.362872 -0.118188 -0.0840517
919 -0.365887 -0.117614 -0.0997661
920 -0.381366 -0.118717 -0.0447916
921 -0.391898 -0.114226 -0.0499995
922 -0.421876 -0.190861 0.0372673
923 -0.414012 -0.182404 0.0351548
924 -0.377963 -0.231837 0.0797218
925 -0.417288 -0.164894 -0.0788698
926 -0.407228 -0.163519 -0.0734083
927 -0.370076 -0.210947 0.0807086
928 -0.37085 -0.0317541 -0.0141149
929 -0.374557 -0.025905 -0.0127347
930 -0.443355 -0.179169 -0.0418578
931 -0.455123 -0.177986 -0.0584973
932 -0.465092 -0.167736 -0.0692645
933 -0.469705 -0.152875 -0.0652544
934 -0.309664 -0.0682329 0.0421651
935 -0.296452 -0.0752266 0.0506411
936 -0.302567 -0.0874684 0.0441811
937 -0.358588 -0.0342896 -0.00803303
938 -0.359186 -0.0343057 0.00986723
939 -0.363575 -0.0495973 -0.00389693
940 -0.376677 -0.0219649 0.0177162
941 -0.389383 -0.0145784 0.00845858
942 -0.393994 -0.0313402 0.0159823
943 -0.401463 -0.0287689 0.000891583
944 -0.395151 -0.0455244 -0.00188923
945 -0.313188 -0.0651919 0.0789879
946 -0.306232 -0.0540954 0.0758056
947 -0.318431 -0.0574657 0.070478
948 -0.330581 -0.0698133 0.0774645
949 -0.447079 0.0309346 -0.0845299
950 -0.454991 0.0235434 -0.0843919
951 -0.446826 0.017249 -0.0794067
952 -0.441341 0.0137064 -0.0785488
953 -0.450507 0.00746318 -0.0838944
954 -0.45395 0.0276281 -0.0944162
955 -0.462395 0.0284455 -0.082378
956 -0.514695 -0.0590196 0.0564108
957 -0.532467 -0.0590523 0.0490246
958 -0.514978 -0.0504446 0.0436665
959 -0.524281 -0.031692 0.0419893
960 -0.536695 -0.0759905 0.0395589
961 -0.500038 -0.064071 0.0634127
962 -0.46884 -0.0273615 0.0796962
963 -0.476231 -0.00617198 0.0824047
964 -0.483329 -0.0338214 0.0824255
965 -0.477481 0.0296677 0.0785708
966 -0.480629 -0.0394811 0.0478363
967 -0.482758 -0.0567001 0.0845403
968 -0.488016 -0.15817 0.0891093
969 -0.495098 -0.167321 0.0915452
970 -0.504957 -0.127535 0.0902036
971 -0.517398 -0.123837 0.104177
972 -0.510322 -0.145939 0.0887693
973 -0.503994 -0.148323 0.0903601
974 -0.548325 -0.12037 -0.0394912
975 -0.551923 -0.119325 -0.0246764
976 -0.534733 -0.120039 -0.0521476
977 -0.472882 0.00739678 0.0158729
978 -0.470348 -0.00236359 0.0121919
979 -0.463198 -0.0147288 0.000181038
980 -0.460045 -0.0125941 -0.0127946
981 -0.444619 -0.0206319 -0.00740442
982 -0.47905 -0.0099377 -0.0126455
983 -0.489832 0.000207804 -0.00399004
984 -0.487007 0.00554892 -0.00195056
985 -0.470567 -0.0450775 0.0503076
986 -0.499136 -0.108424 -0.0903156
987 -0.500439 -0.124946 -0.0858701
988 -0.444762 -0.0390868 0.069721
989 -0.608447 -0.0807307 -0.00192777
990 -0.611784 -0.0791338 -0.00469406
991 -0.56729 -0.0532285 0.0900757
992 -0.562167 -0.0450833 0.0909874
993 -0.583023 0.0661271 0.0339559
994 -0.590367 0.0846836 0.036626
995 -0.570469 0.0642587 0.0476734
996 -0.586206 -0.0407577 0.080569
997 -0.619027 -0.0519155 0.0725333
998 -0.630447 -0.0383352 0.0885099
999 -0.619789 -0.0471818 0.102758
1000 -0.629618 -0.030549 0.084932
1001 -0.61302 -0.0620036 0.0726441
1002 -0.632026 -0.0550793 -0.0821084
1003 -0.646235 -0.0514991 -0.0710455
1004 -0.630033 0.00136244 -0.0620254
1005 -0.634678 -0.00706771 -0.0607541
1006 -0.632889 0.0103754 -0.0472612
1007 -0.646235 0.0212917 -0.0452575
1008 -0.631432 -0.0197935 -0.0864727
1009 -0.575717 -0.0996504 0.0960954
1010 -0.569962 -0.100805 0.0897712
1011 -0.560112 -0.105275 0.10549
1012 -0.577453 -0.0469434 -0.0494595
1013 -0.325816 -0.15309 0.0342699
1014 -0.546167 0.0102546 0.0357325
1015 -0.631164 0.0353242 0.087037
1016 -0.557955 -0.0415422 0.0513253
1017 -0.611476 0.0752055 -0.080004
1018 -0.573564 -0.0147465 0.0533306
1019 -0.283964 -0.266748 -0.0370036
1020 -0.499729 -0.0134597 0.0327596
1021 -0.401525 -0.0552974 -0.0792537
1022 -0.597149 0.043232 0.0485454
1023 -0.646235 -0.0010511 0.0787283
1024 -0.561809 0.0107494 0.0419109
1025 -0.255058 -0.128551 -0.0752766
1026 -0.305771 -0.191577 -0.062932
1027 -0.298917 -0.198236 0.00356307
1028 -0.308528 -0.228778 0.0348178
