1 -0.532853 -0.0577717 -0.0405995
2 -0.551627 -0.0936715 -0.0398637
3 -0.550397 -0.0530715 -0.00887878
4 -0.568763 -0.0618443 -0.0437469
5 -0.583183 -0.118371 0.0363105
6 -0.588729 -0.0779521 0.0140428
7 -0.597465 -0.114698 0.00464793
8 -0.59601 -0.0901229 0.0451926
9 -0.607265 -0.0586113 0.0561604
10 -0.611124 -0.0341048 0.0305273
11 -0.578335 -0.0601806 0.045565
12 -0.524654 0.02228 -0.0689014
13 -0.50021 0.0336608 -0.0545835
14 -0.509704 0.0392014 -0.0961833
15 -0.511265 0.0687518 -0.0683145
16 -0.530938 -0.027863 0.0998292
17 -0.510275 -0.0258461 0.0619363
18 -0.542728 -0.0231595 0.0731703
19 -0.516432 -0.0131898 0.0813885
20 -0.606309 0.0570607 0.0329798
21 -0.646235 0.0407607 0.00518143
22 -0.619808 0.0319941 0.0400882
23 -0.646235 0.0730172 0.0271599
24 -0.556618 0.050886 -0.0682977
25 -0.549092 0.0437453 -0.0962035
26 -0.570473 0.0845711 -0.0942707
27 -0.549605 0.0786089 -0.0617555
28 -0.57589 0.0643788 -0.0951529
29 -0.61474 -0.0161271 -0.0428821
30 -0.586679 -0.0237032 -0.0566776
31 -0.591435 -0.0448329 -0.0443638
32 -0.610472 -0.0259835 -0.0747283
33 -0.569996 -0.0854327 -0.0105689
34 -0.549848 -0.0653626 0.0276603
35 -0.56316 -0.0950895 0.0324262
36 -0.547797 -0.0947876 0.00234854
37 -0.618667 0.0180624 -0.013175
38 -0.646235 0.0020105 0.000880758
39 -0.646235 0.0175192 -0.0293126
40 -0.567717 -0.0241771 0.0343178
41 -0.579086 -0.0324818 0.0637889
42 -0.607981 0.000682287 0.0457223
43 -0.646235 0.1 -0.025
44 -0.646235 0.1 0
45 -0.646235 0.0734273 -0.0112679
46 -0.61238 0.0917701 -0.0243405
47 -0.533596 -0.0214495 0.0241763
48 -0.560295 -0.0111409 -0.00413622
49 -0.646235 0.0473314 0.0508233
50 -0.610605 0.0622987 0.067146
51 -0.619386 -0.0693131 0.103407
52 -0.620965 -0.107763 0.0766367
53 -0.622475 -0.107171 0.104705
54 -0.623119 -0.0776173 0.0684839
55 -0.57882 0.0156598 0.0230403
56 -0.6201 0.00830714 0.0154806
57 -0.512931 0.015596 0.0380038
58 -0.513726 0.00343831 -0.00275948
59 -0.547666 0.0192916 0.0110721
60 -0.646235 -0.0492512 -0.0296903
61 -0.614066 -0.0443691 -0.013271
62 -0.616808 -0.0616609 -0.0625053
63 -0.59764 -0.0817402 -0.0286988
64 -0.621628 -0.0761369 0.0164794
65 -0.624394 -0.0829931 -0.0181074
66 -0.57976 -0.0533344 -0.0753299
67 -0.646235 -0.032644 -0.00155263
68 -0.646235 -0.0459375 0.024835
69 -0.646235 -0.0165666 0.0283487
70 -0.583205 -0.0428602 -0.0194666
71 -0.578849 -0.0434009 0.00806036
72 -0.540512 0.0514005 -0.0395649
73 -0.520099 0.0428902 0.00709476
74 -0.556307 0.0502536 0.0385772
75 -0.564496 0.0463426 -0.00501224
76 -0.543615 0.0767301 -0.0256918
77 -0.576788 0.0424342 -0.0353006
78 -0.585551 -0.00814025 0.0997301
79 -0.590994 0.0281391 0.0977027
80 -0.576066 -0.00148184 0.0715154
81 -0.616316 0.0212607 0.0748408
82 -0.538623 0.0171184 -0.0309921
83 -0.535215 -0.0938401 0.0661292
84 -0.543782 -0.0517398 0.0676043
85 -0.570108 -0.0864327 0.0629521
86 -0.589395 -0.0130141 -0.0166587
87 -0.593746 0.00925685 -0.0297784
88 -0.567093 0.0099917 -0.0211743
89 -0.560492 -0.0243879 -0.0427203
90 -0.622556 -0.108069 -0.076569
91 -0.646235 -0.0667146 -0.0503956
92 -0.646235 -0.1 -0.05
93 -0.625467 -0.107696 -0.0401262
94 -0.553064 -0.014115 0.0993323
95 -0.567518 -0.0381532 0.100975
96 -0.535147 0.0763849 -0.0944594
97 -0.57205 -0.0059318 -0.0995201
98 -0.581643 0.0283334 -0.097387
99 -0.60879 0.0045455 -0.0729264
100 -0.586022 0.00724144 -0.0566019
101 -0.603807 -0.0118267 0.00682928
102 -0.522481 -0.0988634 0.0216066
103 -0.611586 0.060676 -0.0963513
104 -0.646235 0.0668459 -0.0654286
105 -0.606026 0.042092 -0.0651738
106 -0.592661 0.0678557 -0.0557929
107 -0.552656 -0.127251 0.0380069
108 -0.586753 0.0340032 0.064826
109 -0.559635 -0.0788375 0.103238
110 -0.578066 -0.0537735 0.0809229
111 -0.594958 -0.083813 0.0801156
112 -0.582967 -0.116939 0.0860553
113 -0.571115 0.0849962 0.0942836
114 -0.574656 0.0574018 0.0951597
115 -0.558342 0.0557335 0.0690991
116 -0.535136 0.0770709 0.0935182
117 -0.646235 -0.0156538 -0.0295892
118 -0.646235 -0.000828139 -0.0523479
119 -0.646235 -0.0319327 -0.0645593
120 -0.538481 -0.0708677 0.102169
121 -0.505015 0.0402748 0.0953341
122 -0.500874 0.0668863 0.0943036
123 -0.52539 0.0422913 0.0698319
124 -0.561178 0.0163344 -0.0634612
125 -0.646235 -0.00138515 -0.0714992
126 -0.590515 -0.0498038 0.102373
127 -0.562702 0.0196652 0.0972176
128 -0.543503 0.0131187 0.0605215
129 -0.593662 0.0275567 0.000322282
130 -0.609581 0.0675394 0.00128726
131 -0.573481 0.0597579 0.0173085
132 -0.621967 -0.00397189 -0.0185565
133 -0.61209 -0.0265317 0.0753215
134 -0.583665 -0.0343569 -0.100977
135 -0.566227 -0.0182458 -0.0762802
136 -0.580775 -0.0818653 -0.0555214
137 -0.58318 -0.118299 -0.0248058
138 -0.617458 0.022559 -0.0414727
139 -0.646235 0.0232858 0.0686351
140 -0.646235 -0.00210221 0.0574566
141 -0.52848 -0.0950362 0.102723
142 -0.526045 -0.023726 -0.0260809
143 -0.51905 -0.0599395 0.101187
144 -0.54149 0.0759359 0.00936652
145 -0.573676 0.0836892 -0.012574
146 -0.627759 -0.107961 -0.00315791
147 -0.646235 -0.0685292 0.00314744
148 -0.646235 0.0776621 -0.0377538
149 -0.608825 0.054617 -0.0260937
150 -0.541298 0.00762844 -0.0982124
151 -0.53172 -0.0151781 -0.0642171
152 -0.541378 0.0409858 0.0956494
153 -0.527971 0.00656345 0.097497
154 -0.617215 0.0265021 -0.098779
155 -0.595216 -0.114796 0.0671139
156 -0.646235 0.0502716 -0.0347161
157 -0.615629 -0.0376853 -0.101796
158 -0.646235 0 -0.1
159 -0.646235 -0.0371008 0.0597063
160 -0.646235 -0.0711414 0.038456
161 -0.592902 -0.0879027 0.104157
162 -0.593981 -0.0679277 -0.103529
163 -0.62443 -0.0777546 -0.103442
164 -0.603639 -0.086489 -0.0772371
165 -0.547355 0.0786252 0.0617789
166 -0.583507 0.0874241 -0.0705587
167 -0.646235 0.0261169 -0.0656522
168 -0.566991 -0.12186 0.0716295
169 -0.535451 -0.131559 0.0724629
170 -0.587958 0.0877761 0.0572697
171 -0.559656 0.0807071 0.035304
172 -0.504685 0.0122792 0.0650669
173 -0.5001 0.0642463 -0.0112233
174 -0.517153 0.0696317 -0.0416341
175 -0.646235 0.075 0.1
176 -0.613464 0.0534891 0.0971098
177 -0.646235 0.0744889 0.0709772
178 -0.505411 0.00317874 -0.0455966
179 -0.503927 -0.0114931 -0.0768002
180 -0.595331 0.0887293 0.0152369
181 -0.500897 0.0647512 0.0260063
182 -0.529772 0.0733353 0.0377738
183 -0.517683 0.045091 0.0477093
184 -0.524686 -0.08985 -0.0646355
185 -0.546655 -0.0907625 -0.103542
186 -0.568972 -0.0916079 -0.0768641
187 -0.551872 -0.0624954 -0.0719404
188 -0.646235 0.1 -0.05
189 -0.646235 0.1 0.05
190 -0.60695 -0.112647 -0.0240641
191 -0.597068 -0.114494 -0.0577145
192 -0.522771 -0.0464266 -0.069177
193 -0.616768 -0.109531 0.0352929
194 -0.646235 -0.1 0.025
195 -0.646235 0.05 -0.1
196 -0.646235 -0.05 0.1
197 -0.617339 -0.0255138 0.100933
198 -0.646235 -0.1 -0.1
199 -0.646235 -0.0710655 -0.0775316
200 -0.646235 -0.08027 -0.0262146
201 -0.612526 0.0921085 -0.0630297
202 -0.579401 0.085481 -0.0417673
203 -0.544707 -0.127273 0.104654
204 -0.571025 -0.119383 0.105042
205 -0.500625 0.0327882 -0.0247045
206 -0.545306 -0.0478033 0.101358
207 -0.507587 0.0670222 0.0610136
208 -0.646235 0.0169698 0.0345753
209 -0.484534 0.0600033 -0.0446769
210 -0.552467 -0.0302668 -0.100691
211 -0.607326 0.0914651 0.0953479
212 -0.606879 0.0924812 -0.0951712
213 -0.518684 -0.0933905 -0.0170779
214 -0.521599 -0.0603386 -0.000588641
215 -0.569809 -0.1217 -0.051796
216 -0.602026 -0.00377843 -0.0998676
217 -0.646235 -0.0718804 0.0698327
218 -0.568569 -0.122691 0.00562746
219 -0.646235 -0.05 -0.1
220 -0.646235 0 0.1
221 -0.646235 0.05 0.1
222 -0.616397 0.0161902 0.0989055
223 -0.516889 -0.0331634 -0.100096
224 -0.500853 0.0666993 -0.0945898
225 -0.597665 -0.112181 -0.105751
226 -0.571508 -0.119396 -0.105416
227 -0.575188 -0.0898596 -0.104488
228 -0.570679 -0.120471 -0.0820683
229 -0.646235 -0.1 -0.025
230 -0.646235 0.1 -0.1
231 -0.554425 -0.126849 -0.0284508
232 -0.541866 -0.129791 -0.0688264
233 -0.545093 -0.127289 -0.104834
234 -0.493116 0.0360827 0.0684346
235 -0.646235 0.1 0.1
236 -0.512583 -0.052224 0.0297816
237 -0.646235 -0.1 0.05
238 -0.535848 -0.133073 0.00280596
239 -0.537964 -0.0576712 -0.101963
240 -0.565252 -0.061262 -0.102589
241 -0.646235 -0.1 0.1
242 -0.501087 -0.000332297 -0.0980897
243 -0.624088 -0.107159 -0.104991
244 -0.51173 -0.0734484 0.0501758
245 -0.59703 -0.113362 0.105387
246 -0.646235 -0.1 0
247 -0.646235 -0.075 -0.1
248 -0.505736 -0.0534387 0.0780651
249 -0.507369 -0.02615 0.098872
250 -0.448112 -0.00971819 0.0386522
251 -0.487666 -0.0190112 0.0275939
252 -0.45619 -0.0166276 0.00554531
253 -0.452631 -0.04773 0.0383826
254 -0.472921 0.0219311 -0.00494822
255 -0.46644 0.0532723 0.012425
256 -0.491257 -0.148492 -0.00276763
257 -0.48468 -0.108754 0.0013575
258 -0.511811 -0.140932 0.0115779
259 -0.496588 -0.146279 0.0253834
260 -0.493949 -0.0929606 0.101589
261 -0.457966 -0.100797 0.101
262 -0.480675 -0.0884722 0.0665338
263 -0.469522 -0.0745148 0.100388
264 -0.406642 0.000322255 -0.0302599
265 -0.423814 -0.000560634 0.00135259
266 -0.423628 -0.0234362 -0.0332501
267 -0.406051 -0.0300569 -0.00414863
268 -0.452332 -0.121066 0.0656898
269 -0.465013 -0.0851137 0.0386343
270 -0.441158 -0.0850708 0.0700808
271 -0.523969 -0.136425 -0.0377408
272 -0.511259 -0.14095 -0.0136848
273 -0.478977 0.024635 0.0356805
274 -0.464378 0.0148424 0.068252
275 -0.465346 -0.158474 -0.0184255
276 -0.436074 -0.170299 -0.0269422
277 -0.424579 -0.135515 -0.0182351
278 -0.446452 -0.166246 0.0101947
279 -0.436003 0.0104366 -0.0490025
280 -0.438679 0.0135184 -0.0174048
281 -0.519245 -0.137908 0.040766
282 -0.437747 -0.112882 0.0353421
283 -0.47113 -0.120399 0.0304313
284 -0.491195 -0.146612 0.103201
285 -0.463978 -0.157236 0.102404
286 -0.48235 -0.150723 0.0815674
287 -0.477317 -0.1272 0.102206
288 -0.441991 -0.0601168 -0.00619052
289 -0.425981 -0.0349692 0.0156797
290 -0.482623 -0.0109907 0.0610044
291 -0.495964 -0.11659 -0.0373179
292 -0.467641 -0.0480281 -0.0424256
293 -0.484331 -0.0671258 -0.010389
294 -0.47148 -0.0395038 -0.0115791
295 -0.406137 0.0318593 0.0162606
296 -0.433321 0.0419366 -0.000965263
297 -0.445967 0.0179373 0.0165011
298 -0.481338 -0.124667 0.0740948
299 -0.506422 -0.141725 0.0761058
300 -0.418347 -0.00660074 0.0709644
301 -0.46887 -0.0309081 0.0688401
302 -0.492892 -0.0787631 0.0217055
303 -0.498377 -0.113424 0.0430771
304 -0.475541 -0.0524906 0.015773
305 -0.459687 -0.0735862 -0.0686436
306 -0.492436 -0.0712091 -0.0712396
307 -0.494522 -0.080862 -0.044364
308 -0.476966 -0.113827 -0.068076
309 -0.502729 -0.114194 -0.0756678
310 -0.487132 -0.0118384 -0.0201921
311 -0.467157 0.0213592 -0.0388673
312 -0.373071 -0.0154886 -0.0285484
313 -0.371136 0.0181626 -0.0331362
314 -0.376757 -0.00670881 -0.0642825
315 -0.446792 -0.0171384 -0.023375
316 -0.442096 -0.0241324 -0.0657047
317 -0.388165 -0.00925701 0.0540801
318 -0.412005 0.0346294 0.0491181
319 -0.38878 0.025873 0.069277
320 -0.46337 -0.122304 -0.024341
321 -0.456145 -0.135771 0.00699375
322 -0.405366 -0.0147502 -0.0601463
323 -0.438936 -0.133675 0.10124
324 -0.406842 -0.127181 0.100531
325 -0.432042 -0.134023 0.075836
326 -0.424929 -0.101139 0.10027
327 -0.496244 -0.111387 -0.102602
328 -0.5077 -0.141833 -0.0728031
329 -0.491527 -0.146637 -0.103228
330 -0.485097 -0.0522228 0.0482598
331 -0.45936 0.0512178 -0.0212649
332 -0.502666 -0.0380548 0.000994882
333 -0.502316 -0.0512087 -0.0318001
334 -0.490195 -0.148523 -0.0422691
335 -0.480762 -0.151454 -0.0777744
336 -0.458109 -0.138069 -0.0801954
337 -0.393113 -0.0422138 -0.0326921
338 -0.483311 0.0121293 0.01072
339 -0.420543 -0.0968427 0.0103801
340 -0.399082 -0.110044 0.0334083
341 -0.421704 -0.137 0.0147122
342 -0.48593 -0.149935 0.0521715
343 -0.460273 -0.159398 0.0747769
344 -0.491469 0.00236807 0.0975557
345 -0.481874 -0.0269293 0.0987299
346 -0.43044 0.0137981 0.0968705
347 -0.417212 -0.0149835 0.0979071
348 -0.401003 0.00661988 0.0971456
349 -0.392155 -0.0484656 0.0298265
350 -0.401261 -0.0649106 0.071141
351 -0.386816 -0.0373844 0.0689247
352 -0.415713 -0.0347635 0.0476589
353 -0.461485 -0.0457288 -0.0997909
354 -0.475862 -0.081759 -0.101136
355 -0.440126 -0.0804281 -0.100645
356 -0.444859 -0.104703 -0.0733998
357 -0.411698 -0.110143 -0.100926
358 -0.422541 -0.0934213 -0.0732529
359 -0.424403 -0.12875 -0.0778684
360 -0.474234 -0.00467026 -0.0565518
361 -0.444154 -0.131651 -0.0499269
362 -0.423163 -0.175292 -0.0645346
363 -0.456426 -0.161619 -0.0633708
364 -0.42819 -0.0500572 -0.0996544
365 -0.408547 -0.0453857 -0.0669366
366 -0.435454 -0.0594752 -0.0696239
367 -0.411098 -0.0726835 -0.10013
368 -0.47138 0.0556099 0.0452429
369 -0.444966 0.047085 0.0662772
370 -0.437295 0.0229127 0.0490787
371 -0.455315 -0.0121153 0.0979168
372 -0.398122 0.0291873 -0.0475307
373 -0.402168 0.0302532 -0.0161614
374 -0.507845 -0.105528 0.0762314
375 -0.46177 -0.0904929 -0.0328375
376 -0.435185 -0.094268 -0.0410437
377 -0.487071 0.0110814 -0.0749937
378 -0.469208 0.0291105 -0.0646778
379 -0.511933 -0.0763418 -0.101895
380 -0.416595 0.036883 0.0753639
381 -0.408541 -0.00338628 0.0311648
382 -0.518067 -0.13631 0.103998
383 -0.41431 -0.113226 -0.0499107
384 -0.427183 0.0399978 -0.0335988
385 -0.418405 0.0373289 -0.0668555
386 -0.465395 0.0250335 0.0960049
387 -0.464238 -0.157357 -0.103035
388 -0.457883 -0.118446 -0.101848
389 -0.49767 -0.0309294 -0.0613355
390 -0.489118 -0.0279278 -0.0996028
391 -0.442874 -0.0732824 0.0998565
392 -0.431557 -0.0446106 0.0742071
393 -0.465738 -0.0647778 0.0747216
394 -0.472197 -0.031787 -0.0750393
395 -0.381148 -0.000862009 0.000614901
396 -0.449804 0.0483318 -0.0554287
397 -0.452463 0.00918904 -0.073473
398 -0.52363 -0.108502 -0.103256
399 -0.398142 -0.0413163 0.0984187
400 -0.410748 -0.0988864 -0.0165572
401 -0.436717 -0.168751 0.101933
402 -0.444475 -0.106895 -0.00230098
403 -0.458048 -0.0852209 0.0115944
404 -0.402605 0.0319812 0.0962769
405 -0.393146 -0.039458 -0.0990705
406 -0.399527 0.00105961 -0.0980085
407 -0.474902 0.0578665 -0.0747678
408 -0.490931 -0.0532403 -0.100528
409 -0.402603 -0.0782605 -0.0524465
410 -0.406118 -0.0666566 -0.00378733
411 -0.431575 -0.0558808 -0.0352563
412 -0.454682 -0.162325 0.0438679
413 -0.421505 -0.0735109 0.0347513
414 -0.410282 -0.109175 0.0657113
415 -0.416763 -0.147018 0.046217
416 -0.372681 0.0183437 -0.00065064
417 -0.368657 -0.0189923 0.0322075
418 -0.410605 -0.0706218 0.099508
419 -0.489176 -0.0548272 0.100212
420 -0.371132 0.0191686 0.0968624
421 -0.436763 -0.0107274 -0.0983616
422 -0.434587 -0.140433 -0.10187
423 -0.43348 -0.170576 0.0701269
424 -0.431649 -0.0427071 0.0987685
425 -0.461678 -0.0475786 0.0992339
426 -0.371505 -0.0086799 -0.0982722
427 -0.369175 -0.0412556 -0.0642452
428 -0.471899 0.0167945 -0.0971788
429 -0.416833 0.0091758 -0.0722992
430 -0.438827 0.0440104 0.0317188
431 -0.437149 -0.168697 -0.102234
432 -0.371483 0.0192569 -0.0975279
433 -0.472552 -0.0130218 -0.0986755
434 -0.518628 -0.136856 -0.104375
435 -0.378055 0.0210595 0.0354058
436 -0.402844 0.0321764 -0.0965333
437 -0.392466 0.0274423 -0.074191
438 -0.389188 -0.088959 0.0168378
439 -0.467407 0.0562441 -0.0952015
440 -0.434511 0.0443962 0.0952905
441 -0.477501 0.0584642 0.0720412
442 -0.42323 0.0176932 -0.0971319
443 -0.445967 0.024703 -0.0967052
444 -0.375236 -0.00725075 0.077371
445 -0.383462 -0.0155144 0.097737
446 -0.368915 0.0173268 -0.0632123
447 -0.467327 0.056004 0.0945222
448 -0.427595 -0.173921 0.0380757
449 -0.473259 -0.155294 0.019011
450 -0.434643 0.0443422 -0.0960484
451 -0.351029 0.0100515 0.0635123
452 -0.377406 -0.0684594 0.0990694
453 -0.305791 -0.084569 0.00855631
454 -0.28983 -0.110797 0.0413315
455 -0.278013 -0.0756733 0.0313646
456 -0.306547 -0.0650785 0.0408183
457 -0.330973 -0.150679 0.0998112
458 -0.318677 -0.12888 0.0719056
459 -0.328522 -0.171683 0.0613148
460 -0.35341 -0.139493 0.0689296
461 -0.337433 0.00415186 -0.0496226
462 -0.339334 0.00536571 -0.0788924
463 -0.338894 -0.018751 -0.075882
464 -0.31219 -0.181341 -0.00359707
465 -0.346037 -0.209001 -0.00176218
466 -0.323507 -0.188359 -0.0341483
467 -0.319177 -0.220453 -0.024062
468 -0.288041 -0.104831 -0.0657459
469 -0.304051 -0.096688 -0.03132
470 -0.325017 -0.103892 -0.0635027
471 -0.302042 -0.127048 -0.0356752
472 -0.305451 -0.15111 0.0219791
473 -0.293212 -0.143789 0.059515
474 -0.30641 -0.187104 0.0411092
475 -0.362734 -0.174053 0.0759672
476 -0.356635 -0.174195 -0.100842
477 -0.364886 -0.200703 -0.0687515
478 -0.354118 -0.205112 -0.100904
479 -0.360963 -0.173207 -0.0748318
480 -0.299535 -0.142897 -0.0728243
481 -0.322487 -0.153176 -0.0410329
482 -0.339639 -0.147765 -0.0731792
483 -0.31352 -0.00582833 0.0505409
484 -0.312219 -0.0350908 0.0610751
485 -0.320703 -0.00245219 0.076782
486 -0.328876 -0.0291017 0.0446995
487 -0.310049 -0.00677119 0.0980008
488 -0.310122 -0.0413867 0.0985156
489 -0.285806 -0.0173959 0.0758787
490 -0.338266 0.00420433 -0.0172994
491 -0.337742 0.00402762 0.0211476
492 -0.347036 -0.0266585 -0.00772804
493 -0.327231 -0.106695 0.0274773
494 -0.34277 -0.10062 0.0717055
495 -0.315776 -0.0830474 0.0627222
496 -0.296797 -0.125605 -0.100243
497 -0.287472 -0.0843864 -0.0999245
498 -0.269359 -0.112287 -0.100161
499 -0.331551 -0.132459 0.0455577
500 -0.37352 -0.0858933 -0.021051
501 -0.377974 -0.0601954 0.00168816
502 -0.366383 -0.126994 0.0305304
503 -0.393113 -0.155844 0.0185803
504 -0.362174 -0.166735 0.0346536
505 -0.392872 -0.138062 0.0375366
506 -0.344768 -0.116547 -0.0361279
507 -0.362696 -0.148418 -0.0422452
508 -0.385293 -0.111006 -0.0496206
509 -0.359537 -0.125469 -0.0717496
510 -0.400226 -0.157112 -0.0106162
511 -0.396846 -0.158979 -0.0366625
512 -0.386557 -0.151206 0.0608211
513 -0.377602 -0.107818 0.0707349
514 -0.36209 -0.0871158 0.016781
515 -0.356922 -0.0964599 0.0453081
516 -0.351155 -0.0990083 -0.100085
517 -0.360155 -0.137676 -0.100646
518 -0.379011 -0.1121 -0.100543
519 -0.349476 -0.180278 -0.0368094
520 -0.373383 -0.19722 -0.0325931
521 -0.351263 -0.179123 -0.00262034
522 -0.374224 -0.170431 -0.0323878
523 -0.386343 -0.131178 -0.0259365
524 -0.404354 -0.142003 -0.0565606
525 -0.293795 -0.116667 -0.00126968
526 -0.266873 -0.100597 0.00858741
527 -0.384597 -0.1617 -0.101109
528 -0.382366 -0.19279 -0.101287
529 -0.390032 -0.122073 0.004661
530 -0.349604 -0.0295413 0.0624448
531 -0.307555 -0.225426 0.0157006
532 -0.332853 -0.184799 0.0228048
533 -0.378647 -0.0697796 -0.0789787
534 -0.411611 -0.180347 0.0630162
535 -0.404784 -0.157579 0.0794142
536 -0.344603 -0.209553 -0.0426555
537 -0.417709 -0.178315 0.00609204
538 -0.353644 -0.124175 -0.00474277
539 -0.333505 -0.152947 0.0189747
540 -0.335423 -0.181416 -0.0652375
541 -0.32917 -0.0978063 -0.014771
542 -0.363236 -0.0481562 -0.0253137
543 -0.317425 -0.0366672 -0.0210697
544 -0.340474 -0.0651553 -0.0392784
545 -0.33981 -0.0267704 -0.0446285
546 -0.28629 -0.0443051 0.0328546
547 -0.281345 -0.0507718 0.0682035
548 -0.243683 -0.0691341 0.0553293
549 -0.242252 -0.036274 0.0315533
550 -0.393895 -0.188048 -0.0645421
551 -0.410269 -0.180635 -0.101708
552 -0.27384 -0.0228667 0.00608839
553 -0.259849 -0.0602494 0.00924859
554 -0.335837 -0.15795 -0.0126304
555 -0.38332 -0.150941 -0.070999
556 -0.409976 -0.14855 -0.101216
557 -0.265603 -0.115203 -0.026854
558 -0.383678 -0.0830636 -0.0999722
559 -0.393582 -0.107531 -0.07699
560 -0.369684 -0.0375602 0.00237541
561 -0.280398 -0.0200112 -0.062456
562 -0.280231 -0.0484595 -0.0239905
563 -0.259936 -0.0287894 -0.033877
564 -0.302053 -0.0109107 -0.0359529
565 -0.302382 -0.0107528 0.0240767
566 -0.249325 -0.0634876 -0.0503149
567 -0.258448 -0.0625778 -0.0998941
568 -0.278606 -0.0466637 -0.0740443
569 -0.252609 -0.0317777 -0.0750766
570 -0.332904 -0.063049 0.0378317
571 -0.311218 -0.0689528 -0.0281787
572 -0.356025 -0.204413 0.0591905
573 -0.36442 -0.0858102 -0.0684223
574 -0.331103 -0.105495 0.0994363
575 -0.304916 -0.0808225 0.0990453
576 -0.299012 -0.121177 0.0994381
577 -0.290261 -0.114923 0.0777588
578 -0.377867 -0.0663274 -0.0502055
579 -0.339959 -0.0562917 -0.0734144
580 -0.329787 -0.123208 -0.100336
581 -0.300918 -0.0497363 0.00608571
582 -0.285777 -0.017871 -0.0163876
583 -0.27127 -0.0825607 0.0685437
584 -0.273628 -0.0582245 0.09885
585 -0.290427 -0.0419769 -0.0994943
586 -0.308113 -0.00805183 -0.0702571
587 -0.280711 -0.0196292 -0.099307
588 -0.368199 -0.0420656 0.0984873
589 -0.283259 -0.0807854 -0.0109893
590 -0.290423 -0.15872 0.0995985
591 -0.292208 -0.170115 0.0753732
592 -0.342125 -0.064519 0.0988355
593 -0.337925 -0.212304 -0.0739633
594 -0.334243 -0.189009 -0.100727
595 -0.308029 -0.203484 -0.0791132
596 -0.36979 -0.152982 -0.00415754
597 -0.325046 -0.157783 -0.100498
598 -0.309287 -0.191492 -0.100583
599 -0.309907 -0.175865 -0.0739912
600 -0.341104 -0.0626059 0.000167453
601 -0.3588 -0.0690877 0.0694195
602 -0.359218 -0.0924877 0.0992903
603 -0.310088 -0.041451 -0.05922
604 -0.345573 -0.0209928 0.0980464
605 -0.31943 -0.0947621 -0.0999996
606 -0.336666 -0.078409 -0.0998085
607 -0.310317 -0.0067914 -0.0988506
608 -0.322982 -0.0265334 -0.0990272
609 -0.330357 -0.0562125 0.0704285
610 -0.334572 -0.213747 0.0385421
611 -0.354732 -0.176343 0.100195
612 -0.33499 -0.187624 0.100106
613 -0.287176 -0.0628067 -0.0461199
614 -0.389029 -0.132921 -0.10088
615 -0.267687 -0.0887797 -0.0420002
616 -0.383954 -0.0782923 0.0503837
617 -0.307147 -0.072328 -0.0702597
618 -0.248894 -0.0825139 -0.0163359
619 -0.306997 -0.0088807 -0.00279306
620 -0.329508 -0.0354706 0.0176327
621 -0.319054 -0.133347 -0.00907174
622 -0.400292 -0.185477 0.0369322
623 -0.384305 -0.192066 0.0715485
624 -0.358995 -0.0534938 0.0376425
625 -0.309995 -0.189236 0.0998546
626 -0.325467 -0.217316 0.100038
627 -0.331255 -0.214959 0.0729237
628 -0.289239 -0.163809 -0.100418
629 -0.323018 -0.218794 -0.0534324
630 -0.356394 -0.120067 0.0997352
631 -0.290511 -0.173876 -0.0432819
632 -0.405716 -0.183379 -0.0283174
633 -0.382794 -0.193191 0.00642347
634 -0.351111 -0.0314434 -0.0989519
635 -0.356546 -0.0644405 -0.099583
636 -0.322724 -0.0594773 -0.0995279
637 -0.340252 0.00609015 -0.0982568
638 -0.358757 -0.203405 0.0280978
639 -0.387989 -0.102979 0.0998012
640 -0.37459 -0.14654 0.10029
641 -0.268556 -0.0807276 -0.0752096
642 -0.353823 -0.205022 0.100321
643 -0.277893 -0.0210388 0.0430213
644 -0.283415 -0.156909 -0.0158778
645 -0.407566 -0.157441 0.100956
646 -0.243353 -0.0358739 -0.00317254
647 -0.32574 -0.217445 -0.100685
648 -0.376124 -0.195912 0.0402898
649 -0.251189 -0.0319977 0.0986642
650 -0.25033 -0.0326002 0.0681483
651 -0.34006 0.00600915 0.0975186
652 -0.280438 -0.0194603 0.0983639
653 -0.242532 -0.0595619 0.0989535
654 -0.27262 -0.0977477 0.0992049
655 -0.306015 -0.203016 -0.0568633
656 -0.381862 -0.192759 0.100789
657 -0.40979 -0.180412 0.101179
658 -0.251386 -0.0321893 -0.0997184
659 -0.308518 -0.224866 0.0542712
660 -0.280652 -0.209835 0.0431309
661 -0.210699 -0.266001 -0.100447
662 -0.201161 -0.242962 -0.0688135
663 -0.239585 -0.254053 -0.100429
664 -0.236449 -0.255367 -0.0698895
665 -0.167687 -0.160534 -0.0668225
666 -0.163637 -0.150061 -0.100555
667 -0.198234 -0.155977 -0.100451
668 -0.179923 -0.130961 -0.1005
669 -0.217193 -0.0773357 -0.0425939
670 -0.228076 -0.0686435 -0.0111813
671 -0.1975 -0.125055 0.0096041
672 -0.160032 -0.141658 -0.0130699
673 -0.187563 -0.127938 -0.022071
674 -0.172602 -0.0962774 0.000372689
675 -0.200141 -0.160021 0.0217608
676 -0.167956 -0.161594 0.0435123
677 -0.166226 -0.157096 0.0136808
678 -0.187452 -0.137779 0.0432775
679 -0.258967 -0.214333 0.0603643
680 -0.244191 -0.252025 0.0661475
681 -0.262103 -0.244602 0.0430402
682 -0.232595 -0.227967 0.0329149
683 -0.223064 -0.0443794 -0.0575185
684 -0.22101 -0.0452812 -0.0218607
685 -0.282602 -0.19314 -0.100483
686 -0.256095 -0.166789 0.0995624
687 -0.259705 -0.144798 0.0614713
688 -0.246188 -0.182386 0.0742003
689 -0.275246 -0.17635 0.0547414
690 -0.282129 -0.236066 0.0698716
691 -0.172836 -0.0983866 0.036977
692 -0.153848 -0.126544 0.0181301
693 -0.202443 -0.184835 -0.0125602
694 -0.177792 -0.185954 0.0221024
695 -0.184675 -0.202829 -0.00944506
696 -0.172085 -0.171677 -0.00829056
697 -0.222777 -0.143764 0.059332
698 -0.245321 -0.182098 0.0351004
699 -0.241101 -0.166904 -0.0290733
700 -0.203722 -0.15962 -0.0376485
701 -0.240673 -0.160457 -0.0684096
702 -0.227589 -0.135088 -0.0357177
703 -0.222378 -0.126881 0.0355661
704 -0.19373 -0.111053 0.0638559
705 -0.205721 -0.0999517 0.0310501
706 -0.222374 -0.213155 -0.0275543
707 -0.226731 -0.175274 -0.00574356
708 -0.221942 -0.186611 -0.0489109
709 -0.265899 -0.243117 -0.024387
710 -0.226593 -0.209996 0.00592569
711 -0.237273 -0.25505 -0.00831553
712 -0.257102 -0.201338 -0.0190756
713 -0.297177 -0.229786 -0.100517
714 -0.311199 -0.223814 -0.0756708
715 -0.237109 -0.25511 -0.0382924
716 -0.235482 -0.223028 -0.0547971
717 -0.202234 -0.245545 -0.041217
718 -0.265015 -0.13304 0.0993816
719 -0.257909 -0.114479 0.069365
720 -0.223245 -0.22902 0.074119
721 -0.292791 -0.202411 0.0702998
722 -0.278023 -0.196749 0.099686
723 -0.244055 -0.201125 0.0995725
724 -0.288743 -0.201884 -0.0233198
725 -0.203673 -0.0523483 0.0724496
726 -0.215157 -0.0818609 0.099156
727 -0.263973 -0.142601 -0.0529517
728 -0.188569 -0.0588129 -0.0376052
729 -0.196946 -0.0842378 -0.0207067
730 -0.221116 -0.0452324 0.0082122
731 -0.231216 -0.15062 0.01929
732 -0.235145 -0.116741 0.00450683
733 -0.174555 -0.102095 -0.100466
734 -0.167219 -0.0676741 -0.0704935
735 -0.209475 -0.090205 -0.0709802
736 -0.176453 -0.0961717 -0.0495423
737 -0.280174 -0.183293 0.0150638
738 -0.2683 -0.213112 0.0148387
739 -0.22058 -0.131303 -0.0683743
740 -0.201973 -0.165784 -0.0729226
741 -0.211002 -0.196602 0.0995061
742 -0.183556 -0.200287 0.0634085
743 -0.202639 -0.174701 0.0638234
744 -0.181961 -0.196396 0.099465
745 -0.147225 -0.109806 -0.0715516
746 -0.146027 -0.107064 -0.0489352
747 -0.205664 -0.109385 -0.0462232
748 -0.242311 -0.101812 -0.0580645
749 -0.226638 -0.107837 -0.0230478
750 -0.154314 -0.126908 -0.100553
751 -0.135422 -0.0807287 -0.100585
752 -0.156773 -0.133681 0.0633039
753 -0.237412 -0.0793681 -0.100125
754 -0.249013 -0.139334 -0.010521
755 -0.169017 -0.0668624 0.0279886
756 -0.211332 -0.0879383 0.0108028
757 -0.163689 -0.0691195 -0.00394737
758 -0.157759 -0.0715784 -0.0329719
759 -0.147368 -0.110489 -0.0236648
760 -0.264149 -0.139171 0.0232437
761 -0.261516 -0.119549 -0.0753531
762 -0.172919 -0.173256 -0.100521
763 -0.284977 -0.234959 0.0398974
764 -0.198184 -0.0547761 -0.0730635
765 -0.191609 -0.150253 0.0776852
766 -0.231213 -0.143256 0.0993918
767 -0.206892 -0.120629 0.0993256
768 -0.210695 -0.266019 -0.0504513
769 -0.239934 -0.110465 0.099223
770 -0.229186 -0.223733 -0.10042
771 -0.258141 -0.24632 -0.0793534
772 -0.204565 -0.0520947 0.0376746
773 -0.22434 -0.043657 0.0615717
774 -0.20892 -0.0798794 0.0514861
775 -0.210576 -0.265998 0.0495738
776 -0.199706 -0.23965 0.0401066
777 -0.232043 -0.147643 -0.100352
778 -0.196309 -0.0907139 0.0798829
779 -0.166102 -0.0975714 0.0752194
780 -0.296912 -0.229632 0.0998474
781 -0.26801 -0.242181 0.0114437
782 -0.194721 -0.0562615 0.000587211
783 -0.237501 -0.0779222 0.0202434
784 -0.24405 -0.104653 0.0395407
785 -0.210689 -0.266012 -0.00045277
786 -0.198683 -0.236962 -0.012667
787 -0.202092 -0.245294 0.0141216
788 -0.193285 -0.0567914 -0.100287
789 -0.205605 -0.0840094 -0.100297
790 -0.234504 -0.25614 0.0268586
791 -0.155778 -0.131008 -0.0481399
792 -0.184013 -0.124875 -0.075469
793 -0.2275 -0.172628 0.0995003
794 -0.19117 -0.218784 0.020347
795 -0.210196 -0.203272 -0.0698498
796 -0.180145 -0.191474 -0.0708884
797 -0.177121 -0.184141 -0.0387457
798 -0.174952 -0.0643196 0.0656422
799 -0.193044 -0.0566972 0.0991594
800 -0.188337 -0.077113 0.0992403
801 -0.164102 -0.0686893 0.0992462
802 -0.135144 -0.0807783 0.0243502
803 -0.135164 -0.0808234 -0.000621798
804 -0.143674 -0.101559 0.0374448
805 -0.16873 -0.163487 0.0739975
806 -0.17262 -0.173163 0.0994374
807 -0.245326 -0.197294 -0.0757057
808 -0.268189 -0.241848 0.0997089
809 -0.226845 -0.104071 0.0695075
810 -0.191652 -0.219708 -0.100452
811 -0.295556 -0.230532 -0.0463044
812 -0.252427 -0.172995 0.00307263
813 -0.19082 -0.217781 -0.0487551
814 -0.219914 -0.207563 0.0559281
815 -0.211936 -0.187221 0.0273494
816 -0.187759 -0.136156 -0.0522803
817 -0.276939 -0.178397 -0.0751856
818 -0.196734 -0.159376 0.0994263
819 -0.262982 -0.244285 -0.0545882
820 -0.272876 -0.209159 -0.0591791
821 -0.248987 -0.0819909 0.0991092
822 -0.263999 -0.1404 -0.100324
823 -0.135251 -0.080802 -0.0505792
824 -0.228661 -0.183185 -0.100423
825 -0.204649 -0.193076 -0.100452
826 -0.164371 -0.0688507 -0.100456
827 -0.260479 -0.180924 -0.0478219
828 -0.212103 -0.148755 -0.00851517
829 -0.210513 -0.265968 0.0745687
830 -0.23936 -0.253944 0.0996179
831 -0.223778 -0.231771 0.0995527
832 -0.292027 -0.232052 -0.0133738
833 -0.191407 -0.21961 0.0994805
834 -0.259955 -0.207329 -0.100436
835 -0.282762 -0.235927 -0.0757565
836 -0.309173 -0.224469 0.080322
837 -0.157704 -0.135534 -0.0775077
838 -0.22204 -0.0444904 0.098948
839 -0.222227 -0.0446252 -0.100051
840 -0.179367 -0.100948 0.0993169
841 -0.239612 -0.111915 -0.100238
842 -0.135133 -0.0807439 0.049321
843 -0.145036 -0.104824 0.070139
844 -0.149856 -0.0746221 0.0772537
845 -0.154044 -0.126813 0.0994088
846 -0.180262 -0.130785 0.099375
847 -0.135159 -0.0805751 0.0993062
848 -0.144619 -0.103704 0.0993619
849 -0.258491 -0.173077 -0.100405
850 -0.166544 -0.157682 -0.0343053
851 -0.199444 -0.239136 0.0707575
852 -0.210643 -0.266005 0.0245712
853 -0.2107 -0.266017 -0.0254556
854 -0.258788 -0.0911372 -0.100056
855 -0.268426 -0.241951 -0.100453
856 -0.205633 -0.121757 -0.100379
857 -0.135142 -0.0806521 0.0743135
858 -0.200906 -0.242787 0.0995184
859 -0.163343 -0.149966 0.0994209
860 -0.210457 -0.265927 0.0995625
861 -0.189219 -0.152945 0.00259858
862 -0.187814 -0.165158 0.00850651
863 -0.190137 -0.185409 0.00477896
864 -0.195647 -0.196557 0.00535839
865 -0.179833 -0.1498 -0.0151883
866 -0.184297 -0.138586 0.0113289
867 -0.205053 -0.0714352 0.0350009
868 -0.197634 -0.076213 0.0448355
869 -0.189729 -0.0581907 0.0516456
870 -0.24482 -0.235189 0.0863951
871 -0.227698 -0.096299 0.0251639
872 -0.236609 -0.0923062 0.0143964
873 -0.230111 -0.0852893 -0.00278324
874 -0.232816 -0.0732699 0.00452334
875 -0.219768 -0.0988907 -0.00785649
876 -0.182243 -0.196482 -0.100481
877 -0.192401 -0.192271 -0.0856661
878 -0.290461 -0.206315 -0.0691363
879 -0.154497 -0.099633 0.0556835
880 -0.140088 -0.0927857 0.0597292
881 -0.142457 -0.0776941 0.0632177
882 -0.170054 -0.0980428 0.0527649
883 -0.173201 -0.114161 0.0873024
884 -0.159512 -0.113554 0.0884317
885 -0.240742 -0.0535421 -0.0787264
886 -0.250992 -0.0476308 -0.0627037
887 -0.241474 -0.0366325 -0.0456623
888 -0.235176 -0.0543804 -0.036079
889 -0.220199 -0.25071 -0.0562649
890 -0.205933 -0.254493 -0.0596378
891 -0.225321 -0.184874 -0.074666
892 -0.22808 -0.200247 -0.0728279
893 -0.246043 -0.0579418 -0.00941581
894 -0.217784 -0.0671323 -0.0865717
895 -0.223097 -0.0560253 0.0857094
896 -0.222833 -0.0442054 0.0859312
897 -0.232854 -0.0511321 0.0790453
898 -0.246981 -0.0441636 0.0813285
899 -0.260986 -0.0554018 0.084252
900 -0.264822 -0.0484815 0.0871018
901 -0.265992 -0.0412128 0.0836794
902 -0.256789 -0.0709319 0.0839078
903 -0.246232 -0.226553 -0.00922783
904 -0.173342 -0.146915 -0.082333
905 -0.327963 -0.0151298 0.0552513
906 -0.335634 -0.0166608 0.05077
907 -0.383788 -0.165824 0.0776727
908 -0.380596 -0.148837 0.0805643
909 -0.421704 -0.163199 0.0908984
910 -0.419724 -0.145841 0.0884785
911 -0.424115 -0.145082 0.101297
912 -0.421559 -0.175704 0.086498
913 -0.31912 -0.0877468 -0.0473449
914 -0.323327 -0.0688786 -0.0552367
915 -0.334181 -0.0748761 -0.0696213
916 -0.321915 -0.075387 -0.085019
917 -0.331024 -0.0911548 -0.0815357
918 -0.350932 -0.0820055 -0.0841264
919 -0.354021 -0.0820626 -0.0998644
920 -0.369193 -0.0857465 -0.0447888
921 -0.380345 -0.0832078 -0.0500135
922 -0.396795 -0.163804 0.037185
923 -0.390538 -0.154092 0.035111
924 -0.345528 -0.196015 0.0796587
925 -0.396869 -0.137487 -0.078783
926 -0.387124 -0.134343 -0.0733347
927 -0.341672 -0.174017 0.080732
928 -0.372626 0.00160759 -0.0141026
929 -0.377093 0.00666027 -0.0127605
930 -0.420142 -0.156051 -0.0418166
931 -0.432054 -0.156988 -0.0583755
932 -0.443873 -0.148653 -0.0690834
933 -0.451151 -0.13486 -0.0650591
934 -0.307275 -0.0229795 0.0425535
935 -0.293168 -0.0273367 0.0510479
936 -0.297024 -0.0405272 0.0445419
937 -0.360438 0.00138101 -0.0079649
938 -0.360967 0.00125936 0.0100858
939 -0.362816 -0.0146227 -0.0037969
940 -0.379655 0.0101254 0.0179552
941 -0.393215 0.0153652 0.0085826
942 -0.395253 -0.00213991 0.0161506
943 -0.403026 -0.000743662 0.000961329
944 -0.394329 -0.0163045 -0.0018626
945 -0.311126 -0.0209579 0.0795826
946 -0.306232 -0.00868715 0.0764414
947 -0.317582 -0.0143025 0.0710853
948 -0.327397 -0.0287474 0.078009
949 -0.454158 0.0507829 -0.085586
950 -0.460698 0.0419016 -0.0853142
951 -0.452105 0.0368319 -0.0802992
952 -0.447577 0.0346913 -0.0791557
953 -0.454693 0.0263935 -0.0846189
954 -0.460328 0.0459454 -0.095677
955 -0.468234 0.0455529 -0.0832384
956 -0.510654 -0.0496587 0.0560541
957 -0.528347 -0.0520137 0.0485742
958 -0.511717 -0.0410767 0.0434178
959 -0.522635 -0.0234126 0.0417877
960 -0.530915 -0.0694286 0.0390958
961 -0.495544 -0.0528251 0.06311
962 -0.468664 -0.0115294 0.0799331
963 -0.478144 0.00858916 0.0827027
964 -0.482358 -0.0201018 0.0825866
965 -0.482648 0.0443383 0.0792177
966 -0.478844 -0.0248353 0.0478871
967 -0.479158 -0.0429009 0.0845008
968 -0.468795 -0.143384 0.0885542
969 -0.474277 -0.153521 0.0908662
970 -0.49263 -0.116348 0.0892276
971 -0.505723 -0.114774 0.102823
972 -0.493376 -0.135121 0.0878811
973 -0.486571 -0.13633 0.0895504
974 -0.537569 -0.115081 -0.0389042
975 -0.541581 -0.114457 -0.0243785
976 -0.524005 -0.112897 -0.0516034
977 -0.47604 0.0230871 0.0160257
978 -0.472554 0.0137858 0.0123665
979 -0.464518 0.00273392 0.000284476
980 -0.461272 0.00507733 -0.0127616
981 -0.446467 0.000246908 -0.00738325
982 -0.480225 0.0048728 -0.0127573
983 -0.491744 0.0135973 -0.00399539
984 -0.489451 0.0193762 -0.00190384
985 -0.4687 -0.0282336 0.0503193
986 -0.487975 -0.0960992 -0.0897918
987 -0.486627 -0.112582 -0.0853338
988 -0.444292 -0.0183085 0.0698896
989 -0.606887 -0.0805195 -0.0018115
990 -0.610414 -0.0790198 -0.00454198
991 -0.56468 -0.0511291 0.0894758
992 -0.559709 -0.0425168 0.0905395
993 -0.583415 0.0694221 0.0341228
994 -0.591582 0.0881924 0.036757
995 -0.570916 0.0682064 0.0478059
996 -0.584272 -0.0399458 0.0799008
997 -0.617855 -0.0519834 0.0721448
998 -0.629665 -0.0384351 0.0883029
999 -0.618394 -0.0473808 0.102147
1000 -0.628835 -0.0306028 0.0847287
1001 -0.611507 -0.0620771 0.072115
1002 -0.63122 -0.0552994 -0.0819527
1003 -0.646235 -0.0514991 -0.0710455
1004 -0.62948 0.00161785 -0.0618418
1005 -0.634188 -0.00696441 -0.0606766
1006 -0.6323 0.0106348 -0.0472313
1007 -0.646235 0.0212917 -0.0452575
1008 -0.630768 -0.0198117 -0.086323
1009 -0.571542 -0.09826 0.0944199
1010 -0.562804 -0.0988021 0.0884658
1011 -0.55213 -0.102102 0.103888
1012 -0.57564 -0.0458782 -0.0490191
1013 -0.308576 -0.108789 0.0344329
1014 -0.545664 0.0158294 0.0357963
1015 -0.630711 0.0356631 0.0871345
1016 -0.555582 -0.0379694 0.0508233
1017 -0.611762 0.0767967 -0.0801691
1018 -0.572367 -0.0128642 0.0529362
1019 -0.246298 -0.212178 -0.0369413
1020 -0.500071 -0.00154234 0.0327948
1021 -0.399137 -0.0272363 -0.0794928
1022 -0.596305 0.0452173 0.0486257
1023 -0.646235 -0.0010511 0.0787283
1024 -0.560915 0.0144223 0.0419685
1025 -0.24336 -0.0714162 -0.0752188
1026 -0.281772 -0.142761 -0.0628671
1027 -0.273837 -0.148007 0.00367332
1028 -0.277708 -0.179808 0.0349039
