1 -0.534038 -0.0573338 -0.0407053
2 -0.552746 -0.0930625 -0.0401783
3 -0.551709 -0.0526458 -0.00889466
4 -0.56998 -0.0613055 -0.0439439
5 -0.583902 -0.117961 0.0367268
6 -0.589576 -0.0773468 0.0140032
7 -0.598011 -0.11438 0.00437232
8 -0.596732 -0.0896105 0.0455884
9 -0.608205 -0.0581563 0.0564243
10 -0.612099 -0.0337868 0.0306988
11 -0.579574 -0.0597355 0.0458809
12 -0.525233 0.0214736 -0.0688385
13 -0.500598 0.0323475 -0.0543211
14 -0.509998 0.0380705 -0.0960653
15 -0.511302 0.0673266 -0.0679928
16 -0.532346 -0.0277342 0.10015
17 -0.511739 -0.0262724 0.0622006
18 -0.544393 -0.0229279 0.0734493
19 -0.516789 -0.0139814 0.081763
20 -0.607036 0.056793 0.0328455
21 -0.646235 0.0407607 0.00518143
22 -0.620389 0.0319963 0.0400052
23 -0.646235 0.0730172 0.0271599
24 -0.557202 0.0502546 -0.0680744
25 -0.549718 0.043183 -0.0960408
26 -0.570495 0.0837964 -0.0938557
27 -0.549598 0.0776155 -0.0614176
28 -0.576368 0.0638694 -0.0948335
29 -0.615772 -0.0158313 -0.0429256
30 -0.588037 -0.023343 -0.0567621
31 -0.592626 -0.0443891 -0.0445275
32 -0.6115 -0.0256677 -0.0748468
33 -0.57116 -0.084884 -0.0107732
34 -0.551247 -0.0649121 0.0279169
35 -0.564188 -0.0945717 0.03281
36 -0.549231 -0.0941447 0.00234205
37 -0.619222 0.0181334 -0.0130779
38 -0.646235 0.0020105 0.000880758
39 -0.646235 0.0175192 -0.0293126
40 -0.569453 -0.0237848 0.0345671
41 -0.580597 -0.032058 0.0640438
42 -0.609369 0.000924233 0.0457403
43 -0.646235 0.1 -0.025
44 -0.646235 0.1 0
45 -0.646235 0.0734273 -0.0112679
46 -0.612269 0.0909627 -0.0240176
47 -0.534863 -0.0215652 0.0243104
48 -0.56199 -0.0109019 -0.00408885
49 -0.646235 0.0473314 0.0508233
50 -0.611218 0.0619438 0.0669592
51 -0.620075 -0.0688458 0.10367
52 -0.621186 -0.107275 0.0769445
53 -0.622707 -0.10666 0.105011
54 -0.623618 -0.0772111 0.0687396
55 -0.579337 0.0156017 0.0232571
56 -0.62063 0.00857436 0.0154999
57 -0.513584 0.0147934 0.0381489
58 -0.514108 0.00252701 -0.00255339
59 -0.548449 0.0187529 0.0112659
60 -0.646235 -0.0492512 -0.0296903
61 -0.614918 -0.0440447 -0.0134519
62 -0.617434 -0.0612256 -0.0627617
63 -0.598433 -0.0812313 -0.0289658
64 -0.621883 -0.0757519 0.0162363
65 -0.624722 -0.0826497 -0.0183871
66 -0.580918 -0.0528093 -0.0755863
67 -0.646235 -0.032644 -0.00155263
68 -0.646235 -0.0459375 0.024835
69 -0.646235 -0.0165666 0.0283487
70 -0.584532 -0.0424623 -0.0195728
71 -0.58022 -0.0428934 0.00799589
72 -0.541108 0.050479 -0.0393047
73 -0.520502 0.0416419 0.00741107
74 -0.557144 0.0495468 0.0385351
75 -0.565333 0.0456897 -0.00468629
76 -0.543711 0.0755257 -0.0253647
77 -0.577666 0.0419662 -0.0350762
78 -0.58703 -0.00766067 0.0997866
79 -0.591911 0.028132 0.0976626
80 -0.577855 -0.00117929 0.0715555
81 -0.616945 0.0213364 0.0747774
82 -0.539417 0.0165016 -0.0307927
83 -0.535952 -0.0933149 0.0665992
84 -0.545286 -0.0512922 0.0679519
85 -0.571032 -0.0859045 0.063377
86 -0.590864 -0.012732 -0.016653
87 -0.595169 0.00940277 -0.0295946
88 -0.567951 0.00977859 -0.0210808
89 -0.562183 -0.024106 -0.0427915
90 -0.622652 -0.107563 -0.0769741
91 -0.646235 -0.0667146 -0.0503956
92 -0.646235 -0.1 -0.05
93 -0.625518 -0.107356 -0.0405101
94 -0.554618 -0.0139218 0.0995641
95 -0.569014 -0.037571 0.101291
96 -0.535152 0.0753696 -0.0940964
97 -0.573279 -0.00564861 -0.0993899
98 -0.582537 0.0283442 -0.097206
99 -0.609924 0.0046963 -0.0728281
100 -0.586977 0.00739689 -0.0565409
101 -0.605099 -0.0114577 0.00678301
102 -0.523656 -0.098677 0.0219209
103 -0.612154 0.060487 -0.0960973
104 -0.646235 0.0668459 -0.0654286
105 -0.606813 0.0419557 -0.0649745
106 -0.593126 0.0672477 -0.05555
107 -0.553814 -0.126903 0.0384197
108 -0.587664 0.0338434 0.0647914
109 -0.560931 -0.0781164 0.103708
110 -0.579423 -0.0531806 0.0812704
111 -0.595826 -0.0832044 0.0805048
112 -0.583739 -0.116403 0.0866725
113 -0.571339 0.0841706 0.0941191
114 -0.575403 0.0569786 0.0950273
115 -0.559035 0.0550864 0.0690605
116 -0.53536 0.0760778 0.0935154
117 -0.646235 -0.0156538 -0.0295892
118 -0.646235 -0.000828139 -0.0523479
119 -0.646235 -0.0319327 -0.0645593
120 -0.539814 -0.0702862 0.102619
121 -0.505201 0.0390112 0.0953292
122 -0.500698 0.0653505 0.0942453
123 -0.525897 0.0413583 0.069948
124 -0.561991 0.0161034 -0.0633556
125 -0.646235 -0.00138515 -0.0714992
126 -0.591798 -0.049155 0.102702
127 -0.563679 0.0196062 0.0973256
128 -0.544382 0.0127319 0.0606722
129 -0.594482 0.0274396 0.000562565
130 -0.610294 0.0670598 0.00172357
131 -0.574136 0.0590246 0.0171411
132 -0.622899 -0.00375685 -0.0185512
133 -0.613124 -0.026233 0.0755165
134 -0.584993 -0.0338696 -0.101212
135 -0.567897 -0.0178378 -0.076331
136 -0.581702 -0.0812539 -0.0558449
137 -0.58398 -0.117954 -0.0252145
138 -0.618042 0.022624 -0.04136
139 -0.646235 0.0232858 0.0686351
140 -0.646235 -0.00210221 0.0574566
141 -0.529957 -0.0945674 0.103429
142 -0.52773 -0.023563 -0.0260222
143 -0.520292 -0.05976 0.101595
144 -0.541714 0.0749114 0.00952377
145 -0.573825 0.0826325 -0.0122081
146 -0.627553 -0.107862 -0.00372388
147 -0.646235 -0.0685292 0.00314744
148 -0.646235 0.0776621 -0.0377538
149 -0.609531 0.0543039 -0.025845
150 -0.542005 0.00733982 -0.0982048
151 -0.533261 -0.0150047 -0.0642111
152 -0.542099 0.0404094 0.0957284
153 -0.528734 0.00611363 0.0977232
154 -0.617787 0.0266162 -0.0986467
155 -0.595694 -0.11431 0.0676307
156 -0.646235 0.0502716 -0.0347161
157 -0.616585 -0.0372469 -0.101962
158 -0.646235 0 -0.1
159 -0.646235 -0.0371008 0.0597063
160 -0.646235 -0.0711414 0.038456
161 -0.593828 -0.0871998 0.104609
162 -0.595012 -0.0671913 -0.103926
163 -0.625017 -0.0772495 -0.103729
164 -0.604307 -0.0858612 -0.0776393
165 -0.547552 0.0776279 0.0617146
166 -0.583608 0.0865789 -0.070191
167 -0.646235 0.0261169 -0.0656522
168 -0.567838 -0.121333 0.0722383
169 -0.537283 -0.131518 0.0731181
170 -0.588186 0.0869166 0.057054
171 -0.559861 0.0797506 0.035132
172 -0.505191 0.0113589 0.065303
173 -0.499942 0.0625018 -0.0109068
174 -0.517026 0.068231 -0.0413254
175 -0.646235 0.075 0.1
176 -0.614066 0.0532394 0.096854
177 -0.646235 0.0744889 0.0709772
178 -0.505947 0.00225128 -0.0454248
179 -0.504099 -0.0124358 -0.0768277
180 -0.595555 0.0877996 0.0155852
181 -0.500909 0.063057 0.0260442
182 -0.529983 0.0722642 0.0377435
183 -0.51827 0.0440243 0.047807
184 -0.525564 -0.0893959 -0.0649024
185 -0.547755 -0.0899132 -0.104063
186 -0.569889 -0.090876 -0.0773157
187 -0.55297 -0.0619081 -0.0721778
188 -0.646235 0.1 -0.05
189 -0.646235 0.1 0.05
190 -0.607226 -0.112337 -0.0244711
191 -0.597511 -0.113978 -0.058271
192 -0.523878 -0.0460487 -0.0692894
193 -0.616957 -0.109128 0.0356163
194 -0.646235 -0.1 0.025
195 -0.646235 0.05 -0.1
196 -0.646235 -0.05 0.1
197 -0.618333 -0.0251726 0.10111
198 -0.646235 -0.1 -0.1
199 -0.646235 -0.0710655 -0.0775316
200 -0.646235 -0.08027 -0.0262146
201 -0.612538 0.0913197 -0.0628275
202 -0.579482 0.0844954 -0.0414585
203 -0.546192 -0.126818 0.105628
204 -0.57212 -0.118769 0.105796
205 -0.501069 0.0314651 -0.0245434
206 -0.546706 -0.0473048 0.101787
207 -0.507501 0.0655365 0.061018
208 -0.646235 0.0169698 0.0345753
209 -0.483835 0.0578588 -0.0444888
210 -0.553926 -0.0297142 -0.100779
211 -0.60734 0.0906892 0.0951237
212 -0.606849 0.0917992 -0.094825
213 -0.519967 -0.0932359 -0.017113
214 -0.522708 -0.0602715 -0.000591824
215 -0.570649 -0.121258 -0.0523289
216 -0.603166 -0.00352682 -0.09985
217 -0.646235 -0.0718804 0.0698327
218 -0.569676 -0.122262 0.00573065
219 -0.646235 -0.05 -0.1
220 -0.646235 0 0.1
221 -0.646235 0.05 0.1
222 -0.6173 0.01631 0.0988232
223 -0.518041 -0.0331011 -0.100134
224 -0.500406 0.0649308 -0.0942672
225 -0.59827 -0.111389 -0.106395
226 -0.572478 -0.118645 -0.106192
227 -0.576157 -0.0889762 -0.10502
228 -0.571543 -0.119879 -0.0827073
229 -0.646235 -0.1 -0.025
230 -0.646235 0.1 -0.1
231 -0.555801 -0.126511 -0.0287039
232 -0.542989 -0.129417 -0.0694172
233 -0.546704 -0.126711 -0.105705
234 -0.492959 0.0343486 0.0685735
235 -0.646235 0.1 0.1
236 -0.513906 -0.0523267 0.0299879
237 -0.646235 -0.1 0.05
238 -0.538076 -0.133009 0.00289146
239 -0.539171 -0.0569512 -0.10224
240 -0.566464 -0.0604807 -0.102942
241 -0.646235 -0.1 0.1
242 -0.501156 -0.00140485 -0.098016
243 -0.624257 -0.106612 -0.105423
244 -0.513553 -0.073856 0.0505613
245 -0.597619 -0.112791 0.105957
246 -0.646235 -0.1 0
247 -0.646235 -0.075 -0.1
248 -0.507032 -0.053802 0.0784313
249 -0.508267 -0.0269198 0.0991888
250 -0.447837 -0.0123181 0.0388273
251 -0.48774 -0.0207329 0.0276704
252 -0.456025 -0.0189735 0.00568297
253 -0.454018 -0.0497668 0.038538
254 -0.472195 0.0197714 -0.00481201
255 -0.465455 0.0509814 0.0125809
256 -0.494956 -0.149429 -0.00270366
257 -0.487291 -0.109903 0.00147554
258 -0.515006 -0.141294 0.0117608
259 -0.500087 -0.147043 0.0255732
260 -0.496121 -0.0937612 0.101903
261 -0.460393 -0.102649 0.101257
262 -0.482857 -0.0897191 0.0668095
263 -0.47125 -0.0760804 0.100675
264 -0.40616 -0.00319942 -0.0300823
265 -0.423413 -0.00364587 0.00148951
266 -0.423602 -0.0264946 -0.0331155
267 -0.406244 -0.0334805 -0.00400231
268 -0.455509 -0.123068 0.0658892
269 -0.467168 -0.0867941 0.0388179
270 -0.443346 -0.0874097 0.0702482
271 -0.527003 -0.136477 -0.0379313
272 -0.514556 -0.141294 -0.0136854
273 -0.478256 0.0225079 0.0358037
274 -0.463809 0.0126108 0.0684075
275 -0.46949 -0.160063 -0.0183613
276 -0.440591 -0.17254 -0.0268346
277 -0.428285 -0.138238 -0.0181056
278 -0.450766 -0.168305 0.0102979
279 -0.43531 0.00759394 -0.0488208
280 -0.438002 0.0107115 -0.0172473
281 -0.522382 -0.138023 0.0410968
282 -0.440747 -0.115304 0.0354833
283 -0.474167 -0.121888 0.0305815
284 -0.494742 -0.147539 0.103614
285 -0.467985 -0.158893 0.102639
286 -0.486174 -0.151886 0.0818784
287 -0.480386 -0.128484 0.102485
288 -0.443478 -0.0624698 -0.00610697
289 -0.426254 -0.037846 0.0158634
290 -0.482488 -0.0128042 0.061222
291 -0.498687 -0.117332 -0.0373827
292 -0.468995 -0.049669 -0.0423507
293 -0.485976 -0.0683096 -0.0103311
294 -0.472588 -0.0411131 -0.0114917
295 -0.405373 0.0282787 0.0164445
296 -0.43231 0.0389468 -0.000772379
297 -0.445191 0.0153053 0.0166326
298 -0.484477 -0.125845 0.0743817
299 -0.509829 -0.142206 0.0765723
300 -0.418053 -0.00983228 0.0710452
301 -0.469694 -0.0326507 0.069057
302 -0.494704 -0.0796178 0.021829
303 -0.50114 -0.114121 0.0433814
304 -0.476931 -0.0540276 0.0159052
305 -0.461513 -0.0753538 -0.0685878
306 -0.494166 -0.0720694 -0.0713302
307 -0.496466 -0.0816881 -0.0444521
308 -0.479692 -0.115102 -0.0681354
309 -0.505338 -0.114702 -0.0758668
310 -0.486934 -0.0136565 -0.0201189
311 -0.466307 0.019054 -0.0387278
312 -0.372958 -0.0197018 -0.0282644
313 -0.370404 0.0138021 -0.032891
314 -0.376325 -0.010872 -0.0640039
315 -0.446626 -0.0197167 -0.0232342
316 -0.441997 -0.0267303 -0.0656054
317 -0.387911 -0.0132175 0.0542153
318 -0.411126 0.0311577 0.0492063
319 -0.388075 0.0219422 0.0693096
320 -0.466494 -0.123999 -0.0242854
321 -0.459705 -0.137663 0.0071478
322 -0.405128 -0.0182277 -0.0599153
323 -0.442387 -0.136083 0.101444
324 -0.410215 -0.13038 0.100694
325 -0.435673 -0.136598 0.0760195
326 -0.427527 -0.103915 0.100445
327 -0.498647 -0.112058 -0.102823
328 -0.511062 -0.142247 -0.0730476
329 -0.494945 -0.147464 -0.103423
330 -0.486521 -0.0534572 0.0485411
331 -0.458226 0.0487357 -0.0211058
332 -0.503797 -0.0389827 0.0010832
333 -0.503877 -0.052003 -0.031837
334 -0.493901 -0.149429 -0.0423395
335 -0.484501 -0.15259 -0.0778844
336 -0.461565 -0.139859 -0.0802215
337 -0.393547 -0.0460375 -0.0324796
338 -0.482745 0.0102255 0.010835
339 -0.423034 -0.0997569 0.0105115
340 -0.402094 -0.113517 0.0335603
341 -0.425267 -0.13975 0.0148362
342 -0.489713 -0.150964 0.0524303
343 -0.464469 -0.161146 0.0749949
344 -0.491301 0.00084457 0.0978261
345 -0.482376 -0.0283638 0.0989976
346 -0.429842 0.0108604 0.0968867
347 -0.417168 -0.018155 0.0979693
348 -0.400562 0.00305172 0.097152
349 -0.392757 -0.0523315 0.0299532
350 -0.403049 -0.0684534 0.0712554
351 -0.387231 -0.0413661 0.0690688
352 -0.415921 -0.0380041 0.0478025
353 -0.462525 -0.0474442 -0.0996894
354 -0.477684 -0.0830223 -0.101172
355 -0.442019 -0.08269 -0.10055
356 -0.447495 -0.106874 -0.0733701
357 -0.4145 -0.113228 -0.100782
358 -0.424968 -0.0962416 -0.0731333
359 -0.427776 -0.131456 -0.0777799
360 -0.473828 -0.00672471 -0.0564698
361 -0.447579 -0.133845 -0.0498765
362 -0.427799 -0.177809 -0.0644089
363 -0.460576 -0.163386 -0.0633506
364 -0.429186 -0.0527656 -0.0994662
365 -0.408963 -0.0487478 -0.0667591
366 -0.436977 -0.0619339 -0.0694806
367 -0.412827 -0.075857 -0.0999442
368 -0.470275 0.0533125 0.0453835
369 -0.443921 0.0443536 0.0663621
370 -0.436567 0.0200147 0.0492125
371 -0.455189 -0.0144064 0.0980394
372 -0.397149 0.0254123 -0.0472559
373 -0.401371 0.0266441 -0.0160231
374 -0.510468 -0.105849 0.0765534
375 -0.464035 -0.092217 -0.0327811
376 -0.437646 -0.0967551 -0.0409594
377 -0.48652 0.00925231 -0.0749136
378 -0.468279 0.026895 -0.0645441
379 -0.513536 -0.0765134 -0.10217
380 -0.415688 0.0335515 0.07539
381 -0.408154 -0.00684443 0.0313447
382 -0.520896 -0.13643 0.104724
383 -0.417369 -0.11631 -0.0498013
384 -0.426148 0.0369109 -0.0334197
385 -0.417376 0.0340446 -0.0665335
386 -0.464649 0.0228644 0.0961345
387 -0.468095 -0.158956 -0.103094
388 -0.460708 -0.120233 -0.101892
389 -0.498916 -0.0318874 -0.0613664
390 -0.489609 -0.0292436 -0.0996322
391 -0.444616 -0.0755866 0.100049
392 -0.432886 -0.0471959 0.0743209
393 -0.467345 -0.0664796 0.0749607
394 -0.473181 -0.0332752 -0.0749478
395 -0.380911 -0.00471235 0.000831051
396 -0.448726 0.0457201 -0.0552227
397 -0.451796 0.0067367 -0.0733157
398 -0.525778 -0.108267 -0.103728
399 -0.398715 -0.0449292 0.098555
400 -0.413438 -0.102113 -0.0164148
401 -0.441026 -0.171059 0.102083
402 -0.447271 -0.109127 -0.00216157
403 -0.46014 -0.0870356 0.0117233
404 -0.401796 0.0283977 0.0962543
405 -0.3935 -0.0431383 -0.0988256
406 -0.398939 -0.00249739 -0.0976402
407 -0.473773 0.0556592 -0.0745842
408 -0.492163 -0.0540859 -0.100598
409 -0.404692 -0.08179 -0.0522827
410 -0.407835 -0.0700258 -0.003645
411 -0.432969 -0.05849 -0.0351117
412 -0.458981 -0.16421 0.0440215
413 -0.423506 -0.0764223 0.034916
414 -0.413311 -0.112464 0.06586
415 -0.420823 -0.149988 0.0463564
416 -0.372208 0.0143344 -0.000427856
417 -0.3687 -0.0233639 0.0323634
418 -0.412406 -0.073777 0.0996046
419 -0.490416 -0.055906 0.100503
420 -0.370618 0.0150572 0.0968615
421 -0.436375 -0.0133812 -0.0981705
422 -0.438151 -0.142835 -0.101833
423 -0.438056 -0.172984 0.0702737
424 -0.432163 -0.0454793 0.0989252
425 -0.462782 -0.0493814 0.0994656
426 -0.371239 -0.0127313 -0.0979848
427 -0.369708 -0.0454537 -0.0640224
428 -0.471149 0.0147788 -0.0970176
429 -0.41615 0.00594386 -0.0720221
430 -0.437903 0.0411247 0.0318594
431 -0.441411 -0.170961 -0.10219
432 -0.370784 0.0151796 -0.0971306
433 -0.472366 -0.0148612 -0.0986272
434 -0.521525 -0.136914 -0.104857
435 -0.377385 0.0168817 0.0355607
436 -0.401827 0.0286362 -0.0961113
437 -0.391548 0.0236034 -0.0738188
438 -0.391261 -0.0923385 0.0170185
439 -0.466294 0.0540494 -0.0949164
440 -0.433478 0.0415002 0.0952811
441 -0.47643 0.0562635 0.0722102
442 -0.422366 0.0146571 -0.0968103
443 -0.445018 0.0221469 -0.0964405
444 -0.375095 -0.0114099 0.0774616
445 -0.383528 -0.0194587 0.0977721
446 -0.368265 0.0131083 -0.0628902
447 -0.466311 0.053752 0.0946003
448 -0.432066 -0.176357 0.03812
449 -0.477213 -0.156721 0.0191344
450 -0.433476 0.04151 -0.0956994
451 -0.35068 0.00557422 0.0636244
452 -0.379209 -0.0719977 0.0991594
453 -0.307688 -0.0899204 0.00876741
454 -0.29266 -0.116438 0.041546
455 -0.279781 -0.0816839 0.031577
456 -0.308074 -0.0703813 0.0410159
457 -0.334619 -0.155359 0.0999729
458 -0.321853 -0.133827 0.0720677
459 -0.332642 -0.17644 0.0614634
460 -0.356768 -0.143652 0.0690855
461 -0.337496 -0.000389558 -0.0493034
462 -0.339319 0.000916753 -0.0785059
463 -0.339365 -0.0231778 -0.0755502
464 -0.316521 -0.186473 -0.00344025
465 -0.351034 -0.213339 -0.00161116
466 -0.327981 -0.193212 -0.0339928
467 -0.324509 -0.225456 -0.0239144
468 -0.290674 -0.110519 -0.065523
469 -0.306278 -0.101935 -0.0310979
470 -0.327614 -0.108618 -0.0632996
471 -0.305134 -0.132375 -0.0354691
472 -0.309074 -0.156371 0.0221599
473 -0.296723 -0.14939 0.0597013
474 -0.310931 -0.19241 0.0412722
475 -0.366862 -0.178026 0.0761178
476 -0.360677 -0.178231 -0.100723
477 -0.369589 -0.204577 -0.0686448
478 -0.358918 -0.209214 -0.100807
479 -0.364996 -0.17716 -0.0747058
480 -0.302948 -0.148276 -0.0726022
481 -0.326129 -0.158029 -0.0408597
482 -0.343112 -0.152192 -0.0730163
483 -0.313752 -0.0109972 0.0507143
484 -0.313107 -0.0402621 0.0612426
485 -0.320901 -0.00744143 0.0769021
486 -0.329654 -0.0338607 0.0448676
487 -0.310322 -0.012027 0.0981136
488 -0.311149 -0.0466065 0.09865
489 -0.286254 -0.0232625 0.0760609
490 -0.338277 -0.000349548 -0.0170816
491 -0.337889 -0.000521428 0.0212937
492 -0.347706 -0.0309755 -0.00755327
493 -0.329923 -0.111422 0.0276684
494 -0.345363 -0.104965 0.0718644
495 -0.317678 -0.0881425 0.0629088
496 -0.299826 -0.131044 -0.100009
497 -0.289293 -0.0901029 -0.0996755
498 -0.271833 -0.11848 -0.0999361
499 -0.334781 -0.137106 0.0457311
500 -0.375645 -0.0895061 -0.0209036
501 -0.379294 -0.06382 0.00184508
502 -0.369442 -0.130844 0.0306877
503 -0.396752 -0.159154 0.0187047
504 -0.366124 -0.170708 0.0347914
505 -0.396122 -0.14136 0.0376804
506 -0.347608 -0.120859 -0.0359604
507 -0.366186 -0.152335 -0.0421047
508 -0.387949 -0.114365 -0.0494806
509 -0.362515 -0.129422 -0.0715933
510 -0.403884 -0.160245 -0.0104926
511 -0.400545 -0.162166 -0.0365557
512 -0.390121 -0.154645 0.0609742
513 -0.380252 -0.111396 0.0708918
514 -0.364248 -0.091027 0.0169334
515 -0.359392 -0.100473 0.0454747
516 -0.353539 -0.10309 -0.0998757
517 -0.363345 -0.141612 -0.100497
518 -0.381605 -0.115588 -0.100402
519 -0.353725 -0.184518 -0.0366698
520 -0.378015 -0.200923 -0.032475
521 -0.355516 -0.183332 -0.00246845
522 -0.378212 -0.174104 -0.03226
523 -0.389422 -0.134573 -0.025808
524 -0.407905 -0.145051 -0.0565377
525 -0.296655 -0.122257 -0.00106085
526 -0.269101 -0.107043 0.00882494
527 -0.388298 -0.165097 -0.10101
528 -0.38682 -0.196245 -0.101215
529 -0.392927 -0.125404 0.0048045
530 -0.350422 -0.0337861 0.0625703
531 -0.313085 -0.230754 0.0158701
532 -0.33727 -0.189457 0.0229444
533 -0.380403 -0.0731628 -0.0787868
534 -0.415813 -0.183286 0.0631324
535 -0.408456 -0.160653 0.079561
536 -0.349583 -0.213911 -0.0425165
537 -0.42189 -0.181058 0.00620701
538 -0.356658 -0.1283 -0.00458328
539 -0.337173 -0.157576 0.0191441
540 -0.339691 -0.185965 -0.0650879
541 -0.331596 -0.102529 -0.0145857
542 -0.364321 -0.0520744 -0.0251254
543 -0.318272 -0.0416946 -0.0208413
544 -0.341877 -0.0696133 -0.0390754
545 -0.340481 -0.0312199 -0.044374
546 -0.287336 -0.0501126 0.0330814
547 -0.282556 -0.0567265 0.0683985
548 -0.245286 -0.0761061 0.0555441
549 -0.243061 -0.0432924 0.0318159
550 -0.398247 -0.191268 -0.0644579
551 -0.414383 -0.18348 -0.10165
552 -0.274352 -0.0290438 0.00632059
553 -0.261181 -0.066808 0.00947805
554 -0.339596 -0.162508 -0.0124693
555 -0.386811 -0.154382 -0.070876
556 -0.413319 -0.151407 -0.101148
557 -0.26841 -0.121601 -0.0266299
558 -0.385607 -0.0863912 -0.0997994
559 -0.396094 -0.110693 -0.0768526
560 -0.370535 -0.0413937 0.0025483
561 -0.280787 -0.0259769 -0.0621277
562 -0.281307 -0.0544321 -0.0237148
563 -0.260522 -0.0353088 -0.0335685
564 -0.302295 -0.0163367 -0.0356754
565 -0.302679 -0.0161921 0.0242972
566 -0.250729 -0.0702602 -0.0500377
567 -0.259784 -0.0690402 -0.099592
568 -0.279596 -0.0526198 -0.0737444
569 -0.253185 -0.0384771 -0.0747335
570 -0.334376 -0.067708 0.0380189
571 -0.312743 -0.0741486 -0.0279501
572 -0.360903 -0.208549 0.0593257
573 -0.366605 -0.0895974 -0.0682216
574 -0.333788 -0.110123 0.0995707
575 -0.306795 -0.0861802 0.0992197
576 -0.302065 -0.126637 0.099604
577 -0.29318 -0.120584 0.0779381
578 -0.379234 -0.0698856 -0.0500078
579 -0.341139 -0.0607461 -0.0731756
580 -0.332715 -0.127836 -0.100142
581 -0.302094 -0.0551581 0.00630863
582 -0.286173 -0.0237152 -0.0161221
583 -0.273198 -0.0887692 0.0687263
584 -0.274989 -0.0644028 0.0990148
585 -0.291298 -0.0475941 -0.0991646
586 -0.308287 -0.0132711 -0.0699059
587 -0.281043 -0.0255427 -0.0989322
588 -0.369255 -0.0458682 0.0985637
589 -0.285077 -0.0866703 -0.0107466
590 -0.294299 -0.164424 0.0997597
591 -0.296377 -0.175766 0.0755385
592 -0.343633 -0.06896 0.0989594
593 -0.342974 -0.21681 -0.0738438
594 -0.338674 -0.193565 -0.100597
595 -0.312905 -0.208723 -0.0789674
596 -0.373399 -0.156762 -0.00400927
597 -0.328736 -0.16255 -0.10032
598 -0.313828 -0.196668 -0.100437
599 -0.314071 -0.181029 -0.0738123
600 -0.342496 -0.0670744 0.000362485
601 -0.360386 -0.0731179 0.0695546
602 -0.361568 -0.0964469 0.0994564
603 -0.311006 -0.0466221 -0.0589477
604 -0.346209 -0.0253442 0.09812
605 -0.321564 -0.099643 -0.0997878
606 -0.338285 -0.0829343 -0.0995776
607 -0.310442 -0.0119173 -0.0984544
608 -0.323549 -0.0313209 -0.0986631
609 -0.331695 -0.0609328 0.0705795
610 -0.339715 -0.218392 0.038679
611 -0.358929 -0.180499 0.100347
612 -0.339488 -0.192247 0.100257
613 -0.288569 -0.0685734 -0.0458537
614 -0.392066 -0.136205 -0.100768
615 -0.269666 -0.0950186 -0.0417542
616 -0.385987 -0.0816739 0.0505488
617 -0.30871 -0.0775678 -0.0700177
618 -0.250712 -0.0893504 -0.0161
619 -0.307247 -0.0141892 -0.00255429
620 -0.330305 -0.0402464 0.0178054
621 -0.322289 -0.138291 -0.00888706
622 -0.40464 -0.188634 0.037034
623 -0.388834 -0.195564 0.071683
624 -0.360278 -0.0575191 0.0378059
625 -0.314581 -0.194462 0.100022
626 -0.330789 -0.222203 0.100206
627 -0.336449 -0.219702 0.0730662
628 -0.293125 -0.169471 -0.100212
629 -0.328287 -0.223686 -0.0532997
630 -0.359337 -0.12414 0.0998802
631 -0.294659 -0.179521 -0.0431074
632 -0.409933 -0.186413 -0.0282169
633 -0.387342 -0.196694 0.00657327
634 -0.35176 -0.0355515 -0.0986174
635 -0.357855 -0.068479 -0.0993364
636 -0.323961 -0.064303 -0.0992652
637 -0.340208 0.00170985 -0.0978388
638 -0.363595 -0.207468 0.0282229
639 -0.390475 -0.106328 0.0999518
640 -0.378084 -0.150227 0.100443
641 -0.27033 -0.0869271 -0.0749406
642 -0.358727 -0.209214 0.100473
643 -0.278388 -0.0270995 0.0432506
644 -0.287205 -0.162725 -0.0156816
645 -0.411271 -0.160438 0.1011
646 -0.244094 -0.0428679 -0.00289884
647 -0.330943 -0.222235 -0.100579
648 -0.380755 -0.199584 0.0404117
649 -0.251912 -0.0388325 0.0988353
650 -0.251068 -0.039414 0.0683804
651 -0.340145 0.00148392 0.0975692
652 -0.280917 -0.0254857 0.098521
653 -0.243888 -0.0666485 0.0991642
654 -0.274932 -0.103959 0.0993893
655 -0.310895 -0.208323 -0.0566927
656 -0.386408 -0.196318 0.100951
657 -0.414012 -0.183366 0.101335
658 -0.251945 -0.0388973 -0.0993396
659 -0.314064 -0.230184 0.0544192
660 -0.285838 -0.215862 0.0432908
661 -0.217298 -0.273773 -0.10027
662 -0.207187 -0.251006 -0.0686167
663 -0.245858 -0.261075 -0.100263
664 -0.242773 -0.262487 -0.0697199
665 -0.171564 -0.16952 -0.0665715
666 -0.167181 -0.159149 -0.10029
667 -0.201973 -0.164127 -0.100205
668 -0.182955 -0.139627 -0.100231
669 -0.218855 -0.0850504 -0.04232
670 -0.229528 -0.0760836 -0.0109182
671 -0.200431 -0.133308 0.00985797
672 -0.163397 -0.150892 -0.0127973
673 -0.19055 -0.136444 -0.0218081
674 -0.17479 -0.105195 0.000653311
675 -0.204095 -0.168169 0.0220002
676 -0.171937 -0.170625 0.0437735
677 -0.170024 -0.166165 0.0139435
678 -0.190737 -0.146315 0.0435345
679 -0.264297 -0.220929 0.0605344
680 -0.250513 -0.259003 0.0663094
681 -0.268203 -0.251108 0.0431917
682 -0.238278 -0.235239 0.0330929
683 -0.223884 -0.051937 -0.0572132
684 -0.221878 -0.0529114 -0.0215785
685 -0.287261 -0.199027 -0.10031
686 -0.260246 -0.173468 0.0997541
687 -0.263325 -0.151372 0.0616649
688 -0.25072 -0.189318 0.074389
689 -0.2796 -0.182515 0.0549173
690 -0.288004 -0.242061 0.0700257
691 -0.175103 -0.107319 0.0372686
692 -0.156846 -0.13596 0.0184113
693 -0.207 -0.19289 -0.0123385
694 -0.182404 -0.19468 0.0223435
695 -0.189709 -0.211348 -0.00921982
696 -0.1763 -0.180567 -0.00804141
697 -0.226362 -0.151321 0.0595617
698 -0.24982 -0.189036 0.0352963
699 -0.245179 -0.173936 -0.0288637
700 -0.207614 -0.167648 -0.0374178
701 -0.244579 -0.167481 -0.0681923
702 -0.230861 -0.142503 -0.0354844
703 -0.225351 -0.134497 0.0358047
704 -0.196334 -0.119438 0.0641229
705 -0.208008 -0.108001 0.0313146
706 -0.227642 -0.22067 -0.0273534
707 -0.231038 -0.182691 -0.00553172
708 -0.226519 -0.194134 -0.0487002
709 -0.271918 -0.24949 -0.0242221
710 -0.231802 -0.21741 0.00612655
711 -0.243627 -0.262172 -0.00813991
712 -0.262051 -0.207943 -0.0188896
713 -0.302758 -0.235302 -0.100382
714 -0.316633 -0.228994 -0.0755361
715 -0.24345 -0.262226 -0.0381196
716 -0.240981 -0.230186 -0.0546083
717 -0.208345 -0.253573 -0.0410201
718 -0.26837 -0.139486 0.0995659
719 -0.260543 -0.121201 0.0695791
720 -0.228987 -0.236556 0.0743037
721 -0.297788 -0.208122 0.0704616
722 -0.282903 -0.202856 0.0998582
723 -0.249078 -0.208123 0.0997546
724 -0.293679 -0.20766 -0.0231503
725 -0.204782 -0.0604869 0.0727345
726 -0.21705 -0.0896871 0.0994111
727 -0.267445 -0.149014 -0.0527356
728 -0.189764 -0.0673007 -0.0373086
729 -0.198796 -0.0924989 -0.0204321
730 -0.221996 -0.0528732 0.00848215
731 -0.234938 -0.157933 0.019504
732 -0.23782 -0.123999 0.0047497
733 -0.17684 -0.110906 -0.100178
734 -0.168626 -0.0767096 -0.0701817
735 -0.21145 -0.0981082 -0.0707009
736 -0.178604 -0.104968 -0.0492568
737 -0.284674 -0.189309 0.0152331
738 -0.273557 -0.219444 0.0150113
739 -0.223593 -0.138915 -0.0681276
740 -0.206002 -0.17383 -0.0726909
741 -0.215933 -0.204477 0.0997118
742 -0.188581 -0.208865 0.0636324
743 -0.206989 -0.182785 0.0640503
744 -0.186889 -0.20505 0.0996874
745 -0.149732 -0.119354 -0.0712569
746 -0.148474 -0.116659 -0.0486387
747 -0.208142 -0.117404 -0.0459574
748 -0.244565 -0.108864 -0.0578123
749 -0.229076 -0.11531 -0.0227982
750 -0.157256 -0.136245 -0.100273
751 -0.137166 -0.0905763 -0.100263
752 -0.159988 -0.143039 0.063592
753 -0.239081 -0.0865064 -0.0998412
754 -0.252415 -0.146177 -0.010308
755 -0.170461 -0.0758992 0.0283068
756 -0.213289 -0.09583 0.0110633
757 -0.165175 -0.0782765 -0.00364517
758 -0.15929 -0.0808816 -0.032665
759 -0.14992 -0.120059 -0.0233709
760 -0.267615 -0.145625 0.0234507
761 -0.264398 -0.126023 -0.0751258
762 -0.177115 -0.182076 -0.100271
763 -0.290806 -0.240875 0.0400428
764 -0.199256 -0.0629868 -0.0727572
765 -0.195322 -0.158675 0.0779302
766 -0.234807 -0.150615 0.0996043
767 -0.209773 -0.128675 0.0995812
768 -0.217327 -0.273816 -0.0502709
769 -0.242535 -0.117629 0.0994472
770 -0.234681 -0.231031 -0.100229
771 -0.264211 -0.252872 -0.0791945
772 -0.205636 -0.0601909 0.0379652
773 -0.225219 -0.0512469 0.0618431
774 -0.210708 -0.0878596 0.0517567
775 -0.217271 -0.273844 0.0497473
776 -0.205715 -0.247784 0.0403011
777 -0.235606 -0.15488 -0.100121
778 -0.198408 -0.099038 0.0801573
779 -0.168386 -0.106697 0.0755157
780 -0.302615 -0.23526 0.100005
781 -0.274019 -0.248518 0.0116121
782 -0.195875 -0.0645913 0.000866455
783 -0.239213 -0.085114 0.0205003
784 -0.24643 -0.111703 0.039772
785 -0.217349 -0.273833 -0.00027309
786 -0.20459 -0.245097 -0.012463
787 -0.208233 -0.253349 0.0143147
788 -0.194405 -0.0651119 -0.0999716
789 -0.20741 -0.0919906 -0.100005
790 -0.240914 -0.263353 0.0270202
791 -0.158844 -0.14034 -0.0478598
792 -0.186889 -0.133447 -0.0752012
793 -0.231804 -0.180067 0.0997031
794 -0.196629 -0.227138 0.0205573
795 -0.215196 -0.211088 -0.0696396
796 -0.184852 -0.200088 -0.0706554
797 -0.181652 -0.192858 -0.0385117
798 -0.176363 -0.0732173 0.0659492
799 -0.194296 -0.0651271 0.099445
800 -0.190109 -0.0856617 0.0995244
801 -0.16566 -0.0778876 0.0995532
802 -0.136958 -0.0907035 0.0246823
803 -0.136973 -0.0907304 -0.00030005
804 -0.146037 -0.111261 0.037755
805 -0.172773 -0.172515 0.0742551
806 -0.176934 -0.182091 0.0996827
807 -0.250145 -0.204185 -0.0755089
808 -0.274241 -0.248215 0.099872
809 -0.229247 -0.111584 0.0697529
810 -0.197064 -0.227993 -0.100237
811 -0.301203 -0.236132 -0.0461592
812 -0.25668 -0.179735 0.00326555
813 -0.196213 -0.226113 -0.0485417
814 -0.225098 -0.215181 0.0561233
815 -0.216574 -0.195039 0.0275634
816 -0.190939 -0.144642 -0.052019
817 -0.281259 -0.18445 -0.0749921
818 -0.20069 -0.167668 0.0996647
819 -0.269013 -0.250721 -0.054427
820 -0.277985 -0.215336 -0.0590047
821 -0.250874 -0.0889064 0.0993323
822 -0.267381 -0.146779 -0.100095
823 -0.13702 -0.0906852 -0.0502612
824 -0.233116 -0.190491 -0.100201
825 -0.209371 -0.201028 -0.10023
826 -0.165798 -0.0779404 -0.10014
827 -0.264892 -0.18743 -0.0476224
828 -0.215726 -0.156581 -0.00827884
829 -0.217221 -0.273827 0.0747431
830 -0.245754 -0.261067 0.0997839
831 -0.229605 -0.239304 0.0997361
832 -0.297742 -0.237755 -0.0132198
833 -0.196941 -0.227994 0.0996911
834 -0.265 -0.213813 -0.100255
835 -0.288541 -0.241842 -0.0756093
836 -0.314721 -0.229774 0.0804664
837 -0.160874 -0.144794 -0.0772344
838 -0.223001 -0.0521482 0.0991931
839 -0.223053 -0.052161 -0.0997256
840 -0.181759 -0.10973 0.0995969
841 -0.242107 -0.119003 -0.0999882
842 -0.136966 -0.0906847 0.0496523
843 -0.147513 -0.114503 0.0704496
844 -0.15155 -0.0841872 0.0775741
845 -0.15712 -0.136258 0.0997023
846 -0.183427 -0.139542 0.0996405
847 -0.137037 -0.0905349 0.0996379
848 -0.147095 -0.113407 0.0996738
849 -0.262682 -0.179598 -0.100202
850 -0.170315 -0.16673 -0.0340418
851 -0.205458 -0.24729 0.0709523
852 -0.217319 -0.273837 0.0247453
853 -0.217347 -0.273826 -0.0252749
854 -0.260742 -0.0977065 -0.0997926
855 -0.274359 -0.248218 -0.100301
856 -0.208406 -0.129738 -0.10012
857 -0.136997 -0.0905999 0.0746445
858 -0.207031 -0.250916 0.0997107
859 -0.16702 -0.159163 0.0996935
860 -0.217178 -0.273798 0.0997377
861 -0.192889 -0.161408 0.00285001
862 -0.191859 -0.173638 0.00875424
863 -0.194718 -0.193803 0.00501008
864 -0.200519 -0.204795 0.00558059
865 -0.183407 -0.158504 -0.0149289
866 -0.187591 -0.147185 0.0115866
867 -0.206615 -0.0795116 0.0352812
868 -0.199327 -0.0844914 0.0451185
869 -0.190969 -0.0666896 0.0519444
870 -0.250712 -0.242163 0.0865677
871 -0.229871 -0.103763 0.0254173
872 -0.238664 -0.0995249 0.0146492
873 -0.231989 -0.0926718 -0.00252853
874 -0.23439 -0.080587 0.004783
875 -0.221994 -0.106545 -0.00760447
876 -0.187057 -0.205033 -0.100251
877 -0.197114 -0.200554 -0.0854395
878 -0.295471 -0.21203 -0.0689727
879 -0.156821 -0.109057 0.0559888
880 -0.142244 -0.102595 0.0600501
881 -0.144222 -0.0874477 0.0635436
882 -0.172327 -0.107054 0.0530584
883 -0.175924 -0.123101 0.0875852
884 -0.162228 -0.122855 0.0887262
885 -0.241782 -0.0606097 -0.078415
886 -0.251987 -0.0543722 -0.0623944
887 -0.242136 -0.0437184 -0.0453563
888 -0.236267 -0.0616215 -0.0357977
889 -0.226423 -0.25826 -0.056082
890 -0.212259 -0.262413 -0.0594477
891 -0.229837 -0.192287 -0.0744501
892 -0.232988 -0.207592 -0.0726253
893 -0.247236 -0.0649125 -0.0091661
894 -0.219161 -0.0748008 -0.0862704
895 -0.224328 -0.0636486 0.085962
896 -0.223766 -0.051841 0.0861851
897 -0.233958 -0.0584922 0.0792866
898 -0.247927 -0.0511419 0.0815464
899 -0.262267 -0.0619571 0.0844517
900 -0.265951 -0.0549235 0.0872824
901 -0.266952 -0.0476175 0.0838618
902 -0.258413 -0.0776357 0.0841042
903 -0.251845 -0.233445 -0.00904581
904 -0.176802 -0.155759 -0.0820712
905 -0.32844 -0.0199217 0.0554055
906 -0.336161 -0.0212672 0.0509248
907 -0.38769 -0.169336 0.0778226
908 -0.384126 -0.152393 0.0807174
909 -0.425519 -0.16592 0.0910452
910 -0.423542 -0.148631 0.088588
911 -0.427767 -0.147753 0.101369
912 -0.425642 -0.178431 0.0866546
913 -0.321011 -0.0927598 -0.0471225
914 -0.324811 -0.0737582 -0.0550055
915 -0.335746 -0.0794979 -0.0693987
916 -0.323506 -0.0802714 -0.0847834
917 -0.332924 -0.0958612 -0.0813174
918 -0.352606 -0.0862156 -0.0839111
919 -0.355704 -0.0861786 -0.0996326
920 -0.371292 -0.0894541 -0.044597
921 -0.382396 -0.0866731 -0.0498392
922 -0.400625 -0.167032 0.037308
923 -0.394149 -0.157452 0.0352459
924 -0.350219 -0.200398 0.0798056
925 -0.40002 -0.140631 -0.0786719
926 -0.390242 -0.137683 -0.0732106
927 -0.345834 -0.178474 0.0808818
928 -0.372408 -0.00231156 -0.0138571
929 -0.376735 0.00266247 -0.0125381
930 -0.424229 -0.158731 -0.0416707
931 -0.43613 -0.159347 -0.0582496
932 -0.447702 -0.150784 -0.0690194
933 -0.454591 -0.136843 -0.0650475
934 -0.307873 -0.0282866 0.0427484
935 -0.293841 -0.0329994 0.0512504
936 -0.298007 -0.0460772 0.0447434
937 -0.36049 -0.00269511 -0.00772396
938 -0.360961 -0.00284585 0.0103429
939 -0.363217 -0.0186222 -0.00358629
940 -0.379162 0.00608972 0.0181502
941 -0.392812 0.0117145 0.00872871
942 -0.394921 -0.00583549 0.0163648
943 -0.402718 -0.00422187 0.00113771
944 -0.394347 -0.0198915 -0.00172237
945 -0.311704 -0.0261744 0.0797265
946 -0.306531 -0.0140436 0.0765911
947 -0.318025 -0.0193572 0.0712242
948 -0.328169 -0.0335503 0.0781354
949 -0.453034 0.0482941 -0.0853366
950 -0.459652 0.0395526 -0.085117
951 -0.451069 0.0343356 -0.0800953
952 -0.44656 0.0321152 -0.0789325
953 -0.453768 0.0239791 -0.0844246
954 -0.459249 0.0436265 -0.0954195
955 -0.467186 0.0433211 -0.0830458
956 -0.512181 -0.0502131 0.0563374
957 -0.529735 -0.0518151 0.0488218
958 -0.513128 -0.0416024 0.0436095
959 -0.524095 -0.0236371 0.041969
960 -0.53218 -0.0691186 0.0393392
961 -0.496949 -0.0536865 0.0634274
962 -0.468557 -0.0135597 0.0801212
963 -0.477738 0.00668216 0.0829385
964 -0.482497 -0.0217533 0.0828331
965 -0.481816 0.0423029 0.0793655
966 -0.478932 -0.0266439 0.0480717
967 -0.480138 -0.0443015 0.0847535
968 -0.472436 -0.144901 0.0888027
969 -0.478186 -0.154878 0.091155
970 -0.49547 -0.117177 0.0895144
971 -0.508281 -0.115195 0.103274
972 -0.496641 -0.13595 0.0882639
973 -0.489914 -0.137364 0.0899059
974 -0.539247 -0.114607 -0.0390907
975 -0.542997 -0.114027 -0.0244886
976 -0.526413 -0.11286 -0.0518524
977 -0.475367 0.0209501 0.0161383
978 -0.471977 0.0116133 0.0124963
979 -0.464025 0.000455524 0.000429214
980 -0.460748 0.00272152 -0.0126298
981 -0.446028 -0.00235271 -0.00723638
982 -0.479733 0.00286144 -0.0126284
983 -0.491229 0.0117332 -0.00385726
984 -0.488876 0.0174734 -0.00177779
985 -0.468813 -0.0302815 0.0504929
986 -0.490147 -0.0970393 -0.089922
987 -0.489213 -0.113577 -0.085467
988 -0.444214 -0.0209152 0.0700336
989 -0.607374 -0.0800728 -0.00204498
990 -0.610912 -0.0785893 -0.0047961
991 -0.566095 -0.0505541 0.0898594
992 -0.561212 -0.0420179 0.0909164
993 -0.583926 0.0687445 0.0339434
994 -0.591803 0.087202 0.0365031
995 -0.571417 0.0674755 0.0476978
996 -0.585607 -0.0394593 0.0802183
997 -0.618591 -0.0516379 0.0723612
998 -0.63024 -0.0382177 0.0884092
999 -0.619204 -0.0469899 0.102373
1000 -0.629434 -0.0303928 0.0848437
1001 -0.612351 -0.0616437 0.0723896
1002 -0.631716 -0.0550238 -0.0820017
1003 -0.646235 -0.0514991 -0.0710455
1004 -0.630044 0.00175545 -0.0618373
1005 -0.634662 -0.00684951 -0.0606926
1006 -0.632737 0.0106048 -0.0472025
1007 -0.646235 0.0212917 -0.0452575
1008 -0.631253 -0.0196546 -0.0863671
1009 -0.572536 -0.0976395 0.0949543
1010 -0.563804 -0.0981284 0.0889519
1011 -0.553525 -0.101476 0.104577
1012 -0.576977 -0.0454158 -0.0491966
1013 -0.311323 -0.113964 0.0346337
1014 -0.546488 0.0153423 0.0359117
1015 -0.631116 0.0356748 0.0870298
1016 -0.557197 -0.0375839 0.0510789
1017 -0.612078 0.0763799 -0.0799905
1018 -0.573998 -0.0125913 0.0531215
1019 -0.25152 -0.219062 -0.0367516
1020 -0.499831 -0.00321924 0.0329055
1021 -0.399207 -0.0307799 -0.0792827
1022 -0.597118 0.0449828 0.0485167
1023 -0.646235 -0.0010511 0.0787283
1024 -0.561814 0.0141195 0.0420688
1025 -0.244843 -0.0784154 -0.0749369
1026 -0.285221 -0.148677 -0.0626582
1027 -0.277464 -0.154179 0.00387037
1028 -0.28213 -0.185912 0.0350764
