1 -0.535382 -0.0605599 -0.0403959
2 -0.555394 -0.0955828 -0.0402038
3 -0.552914 -0.0550969 -0.00846746
4 -0.571001 -0.062804 -0.0438361
5 -0.58707 -0.119803 0.0374132
6 -0.590942 -0.0785371 0.0145658
7 -0.599983 -0.115721 0.00490309
8 -0.598309 -0.0906612 0.046229
9 -0.60895 -0.0586097 0.0570108
10 -0.612361 -0.0340919 0.0309878
11 -0.58082 -0.0610747 0.0464724
12 -0.523792 0.0175364 -0.0679328
13 -0.498629 0.0266105 -0.0532206
14 -0.50755 0.0332826 -0.0945855
15 -0.50816 0.06209 -0.0663973
16 -0.533195 -0.0309315 0.100878
17 -0.512553 -0.0310797 0.0628436
18 -0.544895 -0.0255732 0.074072
19 -0.51698 -0.0182915 0.0823069
20 -0.605704 0.0559252 0.0329568
21 -0.645837 0.0410037 0.00487911
22 -0.619683 0.0316668 0.0401626
23 -0.64462 0.0725026 0.0269792
24 -0.555403 0.0480031 -0.0670044
25 -0.547846 0.0407987 -0.0947241
26 -0.568454 0.0817058 -0.0921335
27 -0.547416 0.0745106 -0.0601524
28 -0.574673 0.0624459 -0.0933595
29 -0.615737 -0.015965 -0.0428753
30 -0.588031 -0.0242988 -0.0565666
31 -0.592996 -0.0451669 -0.0443511
32 -0.611443 -0.0257746 -0.074793
33 -0.572995 -0.0867023 -0.0103767
34 -0.553142 -0.0674896 0.0284387
35 -0.566903 -0.0967988 0.0334511
36 -0.552359 -0.0969012 0.00291525
37 -0.61891 0.01796 -0.0129337
38 -0.64625 0.00209931 0.000883799
39 -0.645892 0.0174874 -0.0293113
40 -0.569805 -0.025468 0.0349769
41 -0.581119 -0.0332626 0.064599
42 -0.609192 0.000498498 0.0459745
43 -0.64509 0.098489 -0.0249348
44 -0.645979 0.0991697 -0.000395175
45 -0.645668 0.073387 -0.0115814
46 -0.612849 0.0905325 -0.0237483
47 -0.535393 -0.0249997 0.0248706
48 -0.562061 -0.0128593 -0.00365228
49 -0.64508 0.0473459 0.0505782
50 -0.610357 0.0612075 0.0672572
51 -0.620822 -0.0690627 0.104626
52 -0.622378 -0.108022 0.0777503
53 -0.623862 -0.107333 0.106182
54 -0.62434 -0.0775381 0.0692528
55 -0.578923 0.0140818 0.0233999
56 -0.620397 0.00842427 0.0156092
57 -0.512676 0.00989554 0.0386726
58 -0.513589 -0.00222624 -0.00196625
59 -0.547679 0.0159061 0.0115403
60 -0.646596 -0.0489686 -0.0295561
61 -0.615048 -0.044213 -0.0132455
62 -0.617626 -0.0613824 -0.0628391
63 -0.599196 -0.0820802 -0.0288157
64 -0.622459 -0.0760892 0.016748
65 -0.624631 -0.0828439 -0.0183776
66 -0.581408 -0.0537372 -0.0755805
67 -0.646482 -0.032318 -0.00124461
68 -0.646464 -0.0456391 0.0247449
69 -0.646478 -0.016353 0.0283866
70 -0.58499 -0.0434618 -0.0192617
71 -0.5808 -0.0441267 0.00845936
72 -0.539377 0.0472138 -0.0384981
73 -0.518597 0.0369241 0.00776847
74 -0.555689 0.0469103 0.0387547
75 -0.564096 0.043552 -0.00446993
76 -0.541587 0.0719462 -0.0247842
77 -0.576726 0.0405473 -0.0346354
78 -0.58722 -0.00854892 0.100284
79 -0.591448 0.0273654 0.0977495
80 -0.577707 -0.00249336 0.0719526
81 -0.616604 0.0210265 0.0748767
82 -0.538601 0.0133187 -0.0302648
83 -0.539205 -0.0966326 0.0676485
84 -0.546844 -0.0539957 0.0687538
85 -0.573336 -0.0877101 0.0642497
86 -0.590878 -0.0135698 -0.0163865
87 -0.59494 0.0086775 -0.0293134
88 -0.567487 0.00803034 -0.0207294
89 -0.562289 -0.0258947 -0.042445
90 -0.622723 -0.108175 -0.0774205
91 -0.646549 -0.0667455 -0.0504569
92 -0.649034 -0.101471 -0.050282
93 -0.62562 -0.107909 -0.0407738
94 -0.554999 -0.0158577 0.100117
95 -0.569948 -0.0389533 0.102051
96 -0.53213 0.0717813 -0.0921702
97 -0.572877 -0.00665864 -0.0990275
98 -0.581375 0.0274542 -0.0964506
99 -0.609558 0.00444477 -0.0726408
100 -0.586582 0.00635708 -0.0561868
101 -0.605096 -0.0119031 0.00712357
102 -0.527542 -0.102927 0.0225868
103 -0.611103 0.0601298 -0.0951784
104 -0.644766 0.0667173 -0.0648963
105 -0.605768 0.0414946 -0.0644762
106 -0.591945 0.0664348 -0.0548627
107 -0.55875 -0.129879 0.0392953
108 -0.586823 0.0326037 0.0650313
109 -0.563287 -0.0799628 0.104946
110 -0.580532 -0.054384 0.0820751
111 -0.597464 -0.0840749 0.0814094
112 -0.587132 -0.117933 0.0880127
113 -0.570456 0.0822849 0.0937953
114 -0.574521 0.0556776 0.0947174
115 -0.55743 0.052642 0.0690809
116 -0.533206 0.0723996 0.0929076
117 -0.646285 -0.0154513 -0.0295422
118 -0.646184 -0.000640331 -0.0523174
119 -0.64668 -0.0317244 -0.0646157
120 -0.54219 -0.0730711 0.103794
121 -0.503282 0.033664 0.0951269
122 -0.497749 0.0592309 0.0938132
123 -0.524195 0.0370758 0.0700879
124 -0.561125 0.0141749 -0.0627378
125 -0.646275 -0.00121519 -0.071575
126 -0.592684 -0.049892 0.103616
127 -0.563167 0.0179688 0.0974875
128 -0.543794 0.00973821 0.0610127
129 -0.593899 0.0266928 0.000620831
130 -0.609636 0.0668505 0.00138606
131 -0.572778 0.057246 0.0173723
132 -0.622802 -0.00382232 -0.0184194
133 -0.61343 -0.0265329 0.0758753
134 -0.584931 -0.0344297 -0.101124
135 -0.567663 -0.0191713 -0.0760433
136 -0.582894 -0.0824698 -0.055973
137 -0.586916 -0.119689 -0.025264
138 -0.61762 0.0224119 -0.0411177
139 -0.645658 0.0232555 0.0683779
140 -0.646089 -0.00185865 0.0574184
141 -0.533868 -0.0979861 0.104915
142 -0.528087 -0.0271788 -0.0254679
143 -0.522424 -0.0637017 0.102635
144 -0.539328 0.0711034 0.00963685
145 -0.57249 0.0805226 -0.0121689
146 -0.627462 -0.10882 -0.00324598
147 -0.646464 -0.0683668 0.0037645
148 -0.645704 0.0775442 -0.0376806
149 -0.608959 0.0540603 -0.0256225
150 -0.540935 0.00483731 -0.0973965
151 -0.533127 -0.0181878 -0.0636924
152 -0.540795 0.0374085 0.0956364
153 -0.528324 0.00253162 0.0979861
154 -0.617101 0.0264928 -0.0981769
155 -0.59834 -0.11577 0.0686314
156 -0.645233 0.0502029 -0.0346835
157 -0.61626 -0.0370973 -0.102117
158 -0.646237 0.000241727 -0.100122
159 -0.647005 -0.0368232 0.0601013
160 -0.647055 -0.0709385 0.0387648
161 -0.595715 -0.0880659 0.105831
162 -0.595068 -0.0675805 -0.104418
163 -0.62433 -0.0773805 -0.104024
164 -0.604765 -0.0864033 -0.0780341
165 -0.545151 0.0741735 0.0616496
166 -0.582215 0.0852163 -0.0689322
167 -0.645464 0.0261405 -0.0653936
168 -0.571956 -0.123495 0.0735172
169 -0.543475 -0.135284 0.0745417
170 -0.58655 0.0848919 0.0571977
171 -0.557711 0.0767351 0.0352526
172 -0.504293 0.00596731 0.0657084
173 -0.496807 0.0559908 -0.0101324
174 -0.513921 0.0630204 -0.0401646
175 -0.645962 0.0751042 0.0989902
176 -0.613738 0.0528815 0.0968889
177 -0.645189 0.0742114 0.0707102
178 -0.505252 -0.00301627 -0.0446256
179 -0.503599 -0.0175899 -0.0760755
180 -0.59433 0.0863047 0.0151192
181 -0.497775 0.0565018 0.0264586
182 -0.527294 0.0678027 0.0379573
183 -0.516436 0.0391805 0.048088
184 -0.528302 -0.0931097 -0.0649352
185 -0.549962 -0.0920751 -0.104669
186 -0.571707 -0.0924446 -0.0777766
187 -0.554094 -0.0640579 -0.0721848
188 -0.645087 0.098045 -0.0498396
189 -0.644131 0.0973795 0.049777
190 -0.60871 -0.113499 -0.0243655
191 -0.599304 -0.115346 -0.0588137
192 -0.524715 -0.0496594 -0.0689871
193 -0.618278 -0.109974 0.0361111
194 -0.64783 -0.100998 0.0246639
195 -0.644981 0.049972 -0.0988284
196 -0.646923 -0.0494953 0.101125
197 -0.618588 -0.0252209 0.101603
198 -0.647393 -0.10091 -0.100792
199 -0.646804 -0.0707296 -0.0778507
200 -0.647725 -0.0801055 -0.0261543
201 -0.612553 0.0908669 -0.0621569
202 -0.578459 0.0828171 -0.0407416
203 -0.551732 -0.129673 0.107549
204 -0.576234 -0.12053 0.10747
205 -0.499243 0.0255513 -0.0238422
206 -0.548135 -0.0496648 0.102743
207 -0.50443 0.0594373 0.0610386
208 -0.6457 0.017009 0.0345745
209 -0.480094 0.0504137 -0.0432024
210 -0.553997 -0.0314926 -0.100607
211 -0.608151 0.0901448 0.0948802
212 -0.605888 0.0909353 -0.0935191
213 -0.523527 -0.0975861 -0.0166546
214 -0.524543 -0.0644733 -3.66513e-05
215 -0.574067 -0.123396 -0.0527356
216 -0.602787 -0.00368159 -0.0996269
217 -0.647558 -0.0718361 0.0701684
218 -0.573657 -0.124671 0.00637381
219 -0.646651 -0.0496467 -0.10065
220 -0.646332 0.000154453 0.100144
221 -0.645367 0.0502222 0.0992285
222 -0.617182 0.0160992 0.0989268
223 -0.51825 -0.0369823 -0.09968
224 -0.496699 0.0589734 -0.0922795
225 -0.599708 -0.112149 -0.107612
226 -0.575408 -0.120284 -0.107408
227 -0.577429 -0.0901234 -0.105865
228 -0.574739 -0.121769 -0.0835553
229 -0.646852 -0.100942 -0.0248587
230 -0.645033 0.0986125 -0.0988549
231 -0.560488 -0.129373 -0.0286393
232 -0.547789 -0.132621 -0.0700304
233 -0.551362 -0.129328 -0.106895
234 -0.490757 0.0275556 0.0687832
235 -0.645229 0.0985467 0.0993961
236 -0.515746 -0.0570444 0.0306316
237 -0.648533 -0.101587 0.0505447
238 -0.544304 -0.136781 0.00345996
239 -0.540146 -0.0594279 -0.102345
240 -0.567164 -0.0616849 -0.103245
241 -0.648209 -0.100709 0.101166
242 -0.499924 -0.0066829 -0.0969703
243 -0.624545 -0.107194 -0.106377
244 -0.516641 -0.0785647 0.0513927
245 -0.600282 -0.114097 0.107424
246 -0.64671 -0.100498 -4.41767e-05
247 -0.64668 -0.0749498 -0.100685
248 -0.509088 -0.0588918 0.0792966
249 -0.509013 -0.031577 0.0998148
250 -0.44766 -0.0218801 0.0395382
251 -0.488004 -0.0272537 0.0283909
252 -0.456158 -0.0278819 0.00646609
253 -0.456095 -0.0588945 0.039326
254 -0.470332 0.0119896 -0.00406457
255 -0.462175 0.0423339 0.0131055
256 -0.503569 -0.155738 -0.00214207
257 -0.492889 -0.116628 0.00216517
258 -0.522396 -0.146249 0.0124763
259 -0.508404 -0.152978 0.0263654
260 -0.50062 -0.0994377 0.103071
261 -0.466082 -0.111055 0.102417
262 -0.487332 -0.0965534 0.0678138
263 -0.474982 -0.0835599 0.101689
264 -0.405056 -0.0163849 -0.0288748
265 -0.422535 -0.0153804 0.00240688
266 -0.424066 -0.0380593 -0.0320881
267 -0.407312 -0.0466343 -0.00301369
268 -0.46288 -0.132075 0.0669335
269 -0.471639 -0.09486 0.0396742
270 -0.448153 -0.0973197 0.0711913
271 -0.533522 -0.140573 -0.037919
272 -0.521969 -0.14616 -0.0132879
273 -0.47639 0.0151182 0.0363629
274 -0.462356 0.00436784 0.0688559
275 -0.479605 -0.16816 -0.0178661
276 -0.452401 -0.182908 -0.0262808
277 -0.437078 -0.149556 -0.0173177
278 -0.462222 -0.177871 0.0111408
279 -0.43357 -0.00296862 -0.0475829
280 -0.436253 0.000231541 -0.016225
281 -0.529425 -0.142462 0.0420558
282 -0.447663 -0.125586 0.0364147
283 -0.481064 -0.129546 0.0314225
284 -0.503365 -0.153614 0.105174
285 -0.478225 -0.166874 0.10406
286 -0.495427 -0.158677 0.0832082
287 -0.487715 -0.135441 0.103815
288 -0.446346 -0.0723929 -0.00523246
289 -0.427664 -0.0493013 0.0166856
290 -0.482406 -0.0196628 0.0618266
291 -0.504449 -0.123072 -0.0370803
292 -0.470607 -0.0574306 -0.0416278
293 -0.488737 -0.0748812 -0.00963995
294 -0.473922 -0.0486718 -0.0107483
295 -0.40232 0.0147113 0.017428
296 -0.429011 0.0277738 0.000123411
297 -0.443411 0.00537857 0.0173469
298 -0.491574 -0.13266 0.0755446
299 -0.517676 -0.147352 0.0779728
300 -0.417755 -0.0218342 0.0716736
301 -0.470824 -0.0402979 0.069745
302 -0.498249 -0.0856008 0.0227119
303 -0.506985 -0.119772 0.0443155
304 -0.479001 -0.0612863 0.0166571
305 -0.464683 -0.0836305 -0.0679937
306 -0.496728 -0.0778319 -0.070958
307 -0.499727 -0.0874402 -0.0440551
308 -0.485462 -0.122106 -0.0678883
309 -0.510504 -0.119858 -0.075937
310 -0.486762 -0.0201786 -0.019377
311 -0.464243 0.0108621 -0.0376666
312 -0.372962 -0.0359793 -0.0269668
313 -0.367796 -0.00290713 -0.0314094
314 -0.375487 -0.0266468 -0.0624454
315 -0.446702 -0.0293582 -0.0223256
316 -0.442279 -0.0365514 -0.0645446
317 -0.387692 -0.0280547 0.055045
318 -0.408003 0.0181611 0.0498331
319 -0.385366 0.00687245 0.06989
320 -0.473518 -0.132241 -0.0237175
321 -0.468039 -0.146501 0.00792418
322 -0.404857 -0.0313392 -0.0586132
323 -0.451034 -0.146072 0.102675
324 -0.418976 -0.143137 0.10185
325 -0.444458 -0.147245 0.0770985
326 -0.433832 -0.115073 0.101517
327 -0.503475 -0.117467 -0.102994
328 -0.518369 -0.147213 -0.0733289
329 -0.502751 -0.153282 -0.103766
330 -0.488614 -0.0599609 0.0493579
331 -0.454814 0.0396757 -0.0200574
332 -0.504893 -0.0442623 0.00171074
333 -0.50551 -0.0572902 -0.031331
334 -0.502475 -0.155603 -0.0421788
335 -0.493195 -0.159316 -0.0779652
336 -0.469619 -0.148219 -0.0800363
337 -0.395377 -0.060234 -0.0313661
338 -0.481465 0.00322904 0.0114408
339 -0.428881 -0.111501 0.0114272
340 -0.409378 -0.127133 0.0345402
341 -0.434425 -0.151365 0.0157233
342 -0.498839 -0.157511 0.0535111
343 -0.474988 -0.169497 0.0762047
344 -0.49073 -0.00511394 0.0981895
345 -0.483286 -0.0348597 0.0996974
346 -0.428306 -4.03963e-05 0.0971859
347 -0.417423 -0.0301146 0.0985208
348 -0.399326 -0.0105433 0.097552
349 -0.395388 -0.0666372 0.0309233
350 -0.406879 -0.0817263 0.0721458
351 -0.389104 -0.0561782 0.0698955
352 -0.417483 -0.0502364 0.048661
353 -0.463747 -0.0553217 -0.0988836
354 -0.48092 -0.0898201 -0.100828
355 -0.445707 -0.0923624 -0.0999027
356 -0.453099 -0.116342 -0.0728601
357 -0.420893 -0.125331 -0.100148
358 -0.430058 -0.107555 -0.0723794
359 -0.435656 -0.142618 -0.0772495
360 -0.473054 -0.0141061 -0.0554857
361 -0.455573 -0.143444 -0.0493552
362 -0.440123 -0.189065 -0.0639965
363 -0.470997 -0.172001 -0.0631428
364 -0.431033 -0.0634195 -0.0984501
365 -0.410778 -0.0614334 -0.065628
366 -0.439472 -0.0721565 -0.0686579
367 -0.416358 -0.0880369 -0.0989856
368 -0.466965 0.0450742 0.0457441
369 -0.440648 0.0341985 0.0665964
370 -0.434448 0.00938932 0.0498108
371 -0.455218 -0.0230565 0.0985451
372 -0.394004 0.0113489 -0.0456417
373 -0.39828 0.0127571 -0.0147984
374 -0.515609 -0.110719 0.0776711
375 -0.468599 -0.100487 -0.0321278
376 -0.442845 -0.107153 -0.040237
377 -0.484892 0.00286467 -0.0738106
378 -0.465733 0.0189929 -0.063212
379 -0.51572 -0.0806623 -0.102213
380 -0.412578 0.0210431 0.0757126
381 -0.40751 -0.019882 0.0322026
382 -0.527755 -0.14067 0.106524
383 -0.42433 -0.128463 -0.0489982
384 -0.422725 0.0253171 -0.0320418
385 -0.413852 0.0218319 -0.064739
386 -0.462814 0.0148632 0.0962127
387 -0.477537 -0.166772 -0.103309
388 -0.466932 -0.128472 -0.101699
389 -0.499301 -0.0374182 -0.0607393
390 -0.489708 -0.0349884 -0.0989143
391 -0.448594 -0.0851892 0.100989
392 -0.434945 -0.0579318 0.0751275
393 -0.470476 -0.0744073 0.0758468
394 -0.473674 -0.0404719 -0.074154
395 -0.37981 -0.0204042 0.00193937
396 -0.445104 0.036005 -0.0536938
397 -0.450108 -0.00230262 -0.0719874
398 -0.529675 -0.111826 -0.104236
399 -0.400788 -0.0585745 0.0992616
400 -0.419424 -0.114592 -0.0155376
401 -0.452962 -0.18128 0.103482
402 -0.453464 -0.118851 -0.0013911
403 -0.464666 -0.095719 0.0125617
404 -0.398872 0.0147467 0.0964482
405 -0.394734 -0.0570035 -0.0974254
406 -0.397322 -0.0159693 -0.0959455
407 -0.470121 0.0480746 -0.0728369
408 -0.493508 -0.0596542 -0.100149
409 -0.409072 -0.0949063 -0.0513065
410 -0.411584 -0.0830509 -0.00268223
411 -0.435556 -0.0691799 -0.0342376
412 -0.469894 -0.173081 0.0449952
413 -0.427653 -0.0880566 0.0358058
414 -0.420343 -0.124962 0.0668835
415 -0.430992 -0.161993 0.0473359
416 -0.369665 -0.0023748 0.000772426
417 -0.369171 -0.0401161 0.0333603
418 -0.416577 -0.0861792 0.100543
419 -0.492627 -0.0618827 0.101433
420 -0.368215 -0.00160841 0.0972499
421 -0.435556 -0.0233934 -0.0967945
422 -0.446743 -0.153013 -0.101606
423 -0.450211 -0.183529 0.0714256
424 -0.43412 -0.0560869 0.0996436
425 -0.464875 -0.0574708 0.100274
426 -0.370203 -0.0289642 -0.0961709
427 -0.371324 -0.0619699 -0.0626677
428 -0.468953 0.00749101 -0.0955427
429 -0.414281 -0.00616676 -0.070523
430 -0.434663 0.0303428 0.0325119
431 -0.452622 -0.180901 -0.102117
432 -0.367674 -0.00125029 -0.0950874
433 -0.471708 -0.0219912 -0.0975696
434 -0.527728 -0.140996 -0.105636
435 -0.374825 0.000722771 0.0365083
436 -0.398168 0.015268 -0.0939546
437 -0.38824 0.00911167 -0.0719656
438 -0.396881 -0.106822 0.0180026
439 -0.462387 0.046172 -0.0928631
440 -0.430231 0.0307271 0.0951814
441 -0.473253 0.0485903 0.0722411
442 -0.419798 0.00332041 -0.0949963
443 -0.442225 0.0127341 -0.0946519
444 -0.374707 -0.0275376 0.0781825
445 -0.383812 -0.034629 0.0983625
446 -0.365479 -0.00385793 -0.0611329
447 -0.463141 0.0455784 0.0943385
448 -0.444671 -0.187441 0.0390556
449 -0.486986 -0.164294 0.0198625
450 -0.429513 0.0309428 -0.093631
451 -0.348688 -0.0131006 0.0644772
452 -0.383526 -0.0874291 0.100098
453 -0.313626 -0.11244 0.010053
454 -0.301215 -0.140389 0.042857
455 -0.285234 -0.106966 0.0329573
456 -0.312412 -0.0928748 0.0422895
457 -0.346474 -0.175178 0.10119
458 -0.331796 -0.154914 0.0732781
459 -0.346419 -0.196474 0.0626384
460 -0.367251 -0.161386 0.0702304
461 -0.335598 -0.0201061 -0.0476636
462 -0.337233 -0.018431 -0.0766571
463 -0.339187 -0.0424556 -0.0738873
464 -0.331174 -0.208026 -0.00228383
465 -0.368062 -0.23151 -0.000608721
466 -0.343062 -0.213603 -0.0329198
467 -0.342862 -0.24611 -0.0228687
468 -0.298288 -0.134528 -0.0641151
469 -0.313171 -0.124485 -0.0297678
470 -0.334735 -0.129047 -0.0620418
471 -0.314716 -0.155027 -0.0341879
472 -0.321073 -0.178684 0.0233949
473 -0.308274 -0.172939 0.0609897
474 -0.32638 -0.214519 0.0424755
475 -0.380469 -0.194796 0.0772663
476 -0.373618 -0.195383 -0.0999316
477 -0.385216 -0.220935 -0.067905
478 -0.374917 -0.226475 -0.100081
479 -0.377944 -0.193982 -0.0738838
480 -0.313843 -0.171057 -0.0713451
481 -0.337869 -0.178635 -0.0397209
482 -0.353973 -0.171094 -0.0719752
483 -0.313008 -0.0331346 0.0518458
484 -0.314913 -0.0623051 0.0623873
485 -0.319999 -0.0287898 0.0778448
486 -0.330848 -0.054304 0.0459924
487 -0.309842 -0.034385 0.0990136
488 -0.313604 -0.0687426 0.0996669
489 -0.286619 -0.0480695 0.0772338
490 -0.336559 -0.0200884 -0.0156596
491 -0.336312 -0.0203513 0.022421
492 -0.34853 -0.0496863 -0.00630574
493 -0.337673 -0.131751 0.028864
494 -0.352536 -0.123791 0.0730027
495 -0.323581 -0.109662 0.0641124
496 -0.309032 -0.154046 -0.0986808
497 -0.294886 -0.114179 -0.0981276
498 -0.280094 -0.144283 -0.0984452
499 -0.344836 -0.156958 0.0469102
500 -0.38098 -0.105441 -0.0198342
501 -0.382617 -0.0794497 0.00288495
502 -0.378543 -0.14742 0.0317523
503 -0.408103 -0.173198 0.019645
504 -0.378946 -0.18758 0.035841
505 -0.405877 -0.155465 0.0387039
506 -0.355778 -0.139396 -0.0348396
507 -0.37698 -0.169121 -0.0411497
508 -0.395089 -0.129102 -0.0485414
509 -0.371123 -0.14647 -0.0705913
510 -0.415121 -0.173666 -0.00962979
511 -0.411879 -0.17583 -0.0357704
512 -0.401198 -0.169277 0.0620633
513 -0.387666 -0.126902 0.0719652
514 -0.369955 -0.108049 0.018029
515 -0.365987 -0.117959 0.0465723
516 -0.359737 -0.120849 -0.0986975
517 -0.372827 -0.158492 -0.0995927
518 -0.388593 -0.130685 -0.0995013
519 -0.367715 -0.202484 -0.035721
520 -0.393407 -0.216575 -0.0316703
521 -0.369533 -0.201154 -0.00145493
522 -0.390957 -0.189785 -0.0313943
523 -0.398419 -0.149239 -0.0248886
524 -0.417547 -0.158007 -0.0558502
525 -0.305534 -0.145814 0.000243412
526 -0.276776 -0.133346 0.0102511
527 -0.39963 -0.179661 -0.100392
528 -0.401231 -0.210915 -0.100705
529 -0.401241 -0.13978 0.00577876
530 -0.351639 -0.0521656 0.0635362
531 -0.332169 -0.252506 0.0169966
532 -0.352147 -0.209037 0.0240395
533 -0.384113 -0.0884474 -0.0776067
534 -0.429279 -0.195626 0.0642225
535 -0.419832 -0.173603 0.0807204
536 -0.366478 -0.232174 -0.0415936
537 -0.434882 -0.192949 0.00701342
538 -0.365542 -0.146044 -0.00348422
539 -0.348986 -0.177189 0.0202778
540 -0.353807 -0.205196 -0.0641124
541 -0.338424 -0.122641 -0.0133736
542 -0.366684 -0.0690958 -0.0239215
543 -0.319867 -0.0632143 -0.0194368
544 -0.345685 -0.0887133 -0.0377997
545 -0.341089 -0.05054 -0.042921
546 -0.289927 -0.0747318 0.0344392
547 -0.285882 -0.0817932 0.0696755
548 -0.250434 -0.104918 0.0569964
549 -0.245108 -0.072467 0.0333561
550 -0.41222 -0.205009 -0.0638743
551 -0.427143 -0.195698 -0.101357
552 -0.274946 -0.0550764 0.00778491
553 -0.265244 -0.0940333 0.0109626
554 -0.351762 -0.181851 -0.0113774
555 -0.397382 -0.169183 -0.0701201
556 -0.423032 -0.163695 -0.100631
557 -0.277299 -0.147922 -0.0251843
558 -0.390197 -0.101049 -0.0987158
559 -0.402655 -0.124562 -0.0759868
560 -0.372223 -0.0578574 0.00365966
561 -0.280862 -0.0512632 -0.060375
562 -0.284061 -0.0796315 -0.0222081
563 -0.261545 -0.0626691 -0.0318986
564 -0.301652 -0.039546 -0.0340776
565 -0.30227 -0.0394273 0.0256275
566 -0.254916 -0.0984445 -0.0483914
567 -0.263631 -0.0961434 -0.0978582
568 -0.281985 -0.0778397 -0.0720747
569 -0.254284 -0.0664977 -0.0729173
570 -0.33836 -0.0876445 0.0392022
571 -0.317132 -0.0961427 -0.0265963
572 -0.377521 -0.225839 0.0604393
573 -0.37175 -0.106238 -0.0670975
574 -0.34159 -0.129975 0.100726
575 -0.312686 -0.108706 0.100384
576 -0.311651 -0.14962 0.100853
577 -0.302202 -0.144473 0.0792251
578 -0.382843 -0.0854079 -0.048865
579 -0.344089 -0.0797962 -0.071758
580 -0.341322 -0.147633 -0.0989845
581 -0.304967 -0.0783113 0.00764361
582 -0.286237 -0.0485552 -0.0145727
583 -0.279419 -0.114703 0.0700539
584 -0.279094 -0.0901774 0.100237
585 -0.293129 -0.07154 -0.0974072
586 -0.307242 -0.0357526 -0.0681354
587 -0.280909 -0.0506709 -0.0970234
588 -0.371507 -0.062264 0.0993818
589 -0.290767 -0.11142 -0.00933267
590 -0.307398 -0.188178 0.101041
591 -0.310481 -0.199312 0.0768107
592 -0.347843 -0.0878404 0.0999513
593 -0.360058 -0.235634 -0.072968
594 -0.353335 -0.212779 -0.0997035
595 -0.329445 -0.230468 -0.0779174
596 -0.384717 -0.172941 -0.00302276
597 -0.340542 -0.18275 -0.0992516
598 -0.329046 -0.218298 -0.0994055
599 -0.327919 -0.202714 -0.072692
600 -0.346236 -0.086191 0.001553
601 -0.364777 -0.0904772 0.0705806
602 -0.368002 -0.113598 0.10049
603 -0.312889 -0.0687665 -0.0574126
604 -0.346856 -0.0440384 0.0988969
605 -0.327831 -0.120491 -0.0984255
606 -0.342946 -0.102126 -0.0982062
607 -0.309191 -0.0340267 -0.0965154
608 -0.32396 -0.0520336 -0.0968786
609 -0.335211 -0.0810872 0.0716637
610 -0.357439 -0.237671 0.0397758
611 -0.372875 -0.198001 0.101547
612 -0.354782 -0.21159 0.101486
613 -0.292488 -0.0929371 -0.0443485
614 -0.400698 -0.150377 -0.100046
615 -0.276052 -0.12121 -0.0402489
616 -0.390896 -0.0966891 0.0515344
617 -0.313228 -0.0998244 -0.0685615
618 -0.256756 -0.117558 -0.0145568
619 -0.306589 -0.0369487 -0.00117164
620 -0.331986 -0.0605939 0.0189765
621 -0.332385 -0.159341 -0.00770501
622 -0.4187 -0.201983 0.0380173
623 -0.403896 -0.210285 0.0728268
624 -0.363308 -0.0749681 0.0388669
625 -0.330343 -0.216208 0.101278
626 -0.349176 -0.242315 0.101438
627 -0.354437 -0.239286 0.0742244
628 -0.305947 -0.193162 -0.0989788
629 -0.346301 -0.243942 -0.0523226
630 -0.368128 -0.141551 0.101019
631 -0.308677 -0.203148 -0.0418843
632 -0.423499 -0.199254 -0.0275331
633 -0.402325 -0.21156 0.00750195
634 -0.352483 -0.0534259 -0.0969622
635 -0.361212 -0.0857429 -0.0979728
636 -0.327137 -0.0849112 -0.0977047
637 -0.337966 -0.017424 -0.0958403
638 -0.379985 -0.224508 0.0292605
639 -0.397393 -0.120766 0.101026
640 -0.388931 -0.16591 0.101641
641 -0.275854 -0.11299 -0.0733527
642 -0.375503 -0.226698 0.101679
643 -0.278958 -0.0527401 0.0446094
644 -0.299823 -0.187138 -0.0143843
645 -0.422586 -0.173091 0.10235
646 -0.245943 -0.0719195 -0.00127018
647 -0.348549 -0.242133 -0.0997043
648 -0.396217 -0.215072 0.0414735
649 -0.253756 -0.0670638 0.100113
650 -0.252853 -0.067777 0.0697891
651 -0.338714 -0.017915 0.0982397
652 -0.281527 -0.0508012 0.0996182
653 -0.248355 -0.0955378 0.100551
654 -0.282639 -0.129682 0.100695
655 -0.327523 -0.230307 -0.0555922
656 -0.40155 -0.211248 0.102206
657 -0.427507 -0.195793 0.102611
658 -0.253002 -0.0669563 -0.0974312
659 -0.333219 -0.251859 0.0555973
660 -0.303769 -0.240339 0.0445469
661 -0.240622 -0.304485 -0.0988828
662 -0.228511 -0.282831 -0.0671466
663 -0.267822 -0.289098 -0.0989758
664 -0.265024 -0.290841 -0.0684213
665 -0.185362 -0.205032 -0.064854
666 -0.179874 -0.195074 -0.0985408
667 -0.214985 -0.196698 -0.0985746
668 -0.193754 -0.174121 -0.0984994
669 -0.224563 -0.116346 -0.0406164
670 -0.234466 -0.106404 -0.00927917
671 -0.210958 -0.166314 0.0115113
672 -0.175671 -0.187361 -0.0110239
673 -0.201304 -0.170361 -0.0201106
674 -0.182751 -0.140783 0.00244303
675 -0.21793 -0.200707 0.0235965
676 -0.186251 -0.206224 0.045477
677 -0.183799 -0.20196 0.0156664
678 -0.202666 -0.180234 0.0451957
679 -0.282921 -0.247501 0.061857
680 -0.272928 -0.28676 0.0676335
681 -0.28968 -0.277168 0.0444598
682 -0.258345 -0.264266 0.0344785
683 -0.226391 -0.0828419 -0.0554208
684 -0.224623 -0.084075 -0.019851
685 -0.302928 -0.223218 -0.0991269
686 -0.274467 -0.200551 0.101149
687 -0.275329 -0.178211 0.0630422
688 -0.26644 -0.217314 0.075793
689 -0.294399 -0.207688 0.056232
690 -0.308563 -0.266236 0.0712734
691 -0.18341 -0.142899 0.0390354
692 -0.167861 -0.173146 0.02022
693 -0.223017 -0.225032 -0.0107897
694 -0.198847 -0.229184 0.0239789
695 -0.207578 -0.245073 -0.00763267
696 -0.191341 -0.215676 -0.00636078
697 -0.238607 -0.181778 0.0610796
698 -0.265388 -0.217098 0.0367026
699 -0.259106 -0.202426 -0.0274273
700 -0.221152 -0.199787 -0.03583
701 -0.257737 -0.195976 -0.0667344
702 -0.241911 -0.172452 -0.0339387
703 -0.235956 -0.165079 0.0373512
704 -0.205787 -0.152916 0.0657794
705 -0.216198 -0.140368 0.0329549
706 -0.24613 -0.250716 -0.0259216
707 -0.245978 -0.212562 -0.00406069
708 -0.242399 -0.224355 -0.0472233
709 -0.292965 -0.275134 -0.0230038
710 -0.250091 -0.247106 0.00754955
711 -0.26612 -0.29052 -0.00683092
712 -0.279149 -0.234709 -0.0175664
713 -0.321856 -0.257879 -0.0993425
714 -0.335125 -0.250286 -0.0745343
715 -0.265819 -0.290555 -0.0368152
716 -0.2602 -0.258875 -0.0532448
717 -0.230036 -0.28531 -0.0395621
718 -0.279373 -0.165804 0.100907
719 -0.269804 -0.148349 0.0709792
720 -0.249363 -0.266504 0.075722
721 -0.314956 -0.23145 0.0717097
722 -0.299748 -0.227663 0.101168
723 -0.266678 -0.236238 0.101143
724 -0.310503 -0.231332 -0.0219528
725 -0.20866 -0.0933718 0.074381
726 -0.223766 -0.121217 0.100956
727 -0.278779 -0.175343 -0.0513414
728 -0.193921 -0.101544 -0.0354787
729 -0.205364 -0.125779 -0.0187028
730 -0.224865 -0.084051 0.0101415
731 -0.247612 -0.187525 0.0209847
732 -0.247246 -0.153373 0.00627477
733 -0.18498 -0.146101 -0.0983619
734 -0.173642 -0.11292 -0.0682745
735 -0.218312 -0.130033 -0.0689702
736 -0.186341 -0.140127 -0.0474575
737 -0.299941 -0.213957 0.016508
738 -0.291817 -0.245086 0.0162988
739 -0.234218 -0.169531 -0.0665355
740 -0.219993 -0.206047 -0.0711025
741 -0.233395 -0.235805 0.101212
742 -0.206488 -0.242764 0.0652201
743 -0.222338 -0.215027 0.0656056
744 -0.204564 -0.239138 0.101287
745 -0.158878 -0.157177 -0.0693799
746 -0.157449 -0.154661 -0.0467573
747 -0.216917 -0.14964 -0.0442814
748 -0.252299 -0.137507 -0.0562307
749 -0.237636 -0.145532 -0.0212104
750 -0.167864 -0.173205 -0.0984461
751 -0.143542 -0.129683 -0.098283
752 -0.171834 -0.179915 0.065378
753 -0.244626 -0.115638 -0.0981281
754 -0.263755 -0.174036 -0.00885932
755 -0.175763 -0.112055 0.0301356
756 -0.220233 -0.127707 0.0127016
757 -0.1706 -0.114909 -0.0017753
758 -0.164881 -0.118034 -0.0307617
759 -0.159307 -0.157943 -0.021506
760 -0.27893 -0.172029 0.0248272
761 -0.273515 -0.152635 -0.073631
762 -0.191936 -0.216951 -0.0985896
763 -0.311134 -0.264775 0.0412549
764 -0.202832 -0.0962496 -0.0709067
765 -0.208532 -0.192114 0.079548
766 -0.247085 -0.18024 0.101069
767 -0.220156 -0.160817 0.101158
768 -0.240882 -0.304588 -0.0488783
769 -0.251707 -0.146545 0.100874
770 -0.25381 -0.260257 -0.0988406
771 -0.285379 -0.279178 -0.0779804
772 -0.209347 -0.0929857 0.0396527
773 -0.228109 -0.0821314 0.0634097
774 -0.21707 -0.120039 0.0533923
775 -0.241223 -0.30473 0.0511559
776 -0.227176 -0.279887 0.0417838
777 -0.24752 -0.184204 -0.0985902
778 -0.205998 -0.132387 0.0818149
779 -0.176816 -0.142931 0.0773005
780 -0.322483 -0.258045 0.101249
781 -0.295086 -0.274002 0.0128468
782 -0.199894 -0.0982967 0.0026275
783 -0.245071 -0.114465 0.0220582
784 -0.254789 -0.140268 0.0412539
785 -0.241118 -0.304657 0.00112658
786 -0.225609 -0.277267 -0.0109758
787 -0.23013 -0.28516 0.0157816
788 -0.198117 -0.0987814 -0.0980872
789 -0.213618 -0.124265 -0.0982238
790 -0.26366 -0.291992 0.0283575
791 -0.170012 -0.177242 -0.0460545
792 -0.197179 -0.167638 -0.0734737
793 -0.24687 -0.209922 0.101174
794 -0.216088 -0.260176 0.0220993
795 -0.232659 -0.242301 -0.068144
796 -0.201429 -0.234226 -0.0690312
797 -0.197693 -0.227374 -0.0368665
798 -0.181534 -0.108831 0.0677233
799 -0.198773 -0.0990196 0.101116
800 -0.196549 -0.119876 0.101211
801 -0.171467 -0.114511 0.101354
802 -0.143795 -0.130008 0.0266298
803 -0.143717 -0.130015 0.00165237
804 -0.154845 -0.149613 0.0396331
805 -0.187375 -0.208046 0.0759469
806 -0.192504 -0.2172 0.101345
807 -0.266706 -0.232039 -0.0741451
808 -0.295571 -0.273723 0.101159
809 -0.237804 -0.141856 0.0712818
810 -0.216098 -0.260829 -0.0986894
811 -0.320658 -0.258942 -0.0450604
812 -0.2712 -0.207128 0.00465091
813 -0.215296 -0.259109 -0.046997
814 -0.243394 -0.24557 0.0575783
815 -0.232891 -0.226302 0.0290761
816 -0.202345 -0.178446 -0.0503311
817 -0.295712 -0.209308 -0.0737273
818 -0.214786 -0.200566 0.101249
819 -0.290063 -0.276591 -0.0532191
820 -0.295511 -0.240463 -0.0577769
821 -0.257341 -0.117035 0.100728
822 -0.278306 -0.172987 -0.0986805
823 -0.143569 -0.1299 -0.0482871
824 -0.248391 -0.219985 -0.0987425
825 -0.225788 -0.232791 -0.0986926
826 -0.170851 -0.114359 -0.0982163
827 -0.279881 -0.213934 -0.0462851
828 -0.228293 -0.188006 -0.00670898
829 -0.24125 -0.304738 0.0761532
830 -0.268497 -0.289299 0.101123
831 -0.250324 -0.269198 0.101148
832 -0.317518 -0.260941 -0.0120754
833 -0.216748 -0.261045 0.101224
834 -0.28227 -0.240138 -0.0989807
835 -0.308499 -0.265825 -0.0744928
836 -0.333909 -0.251388 0.0816712
837 -0.172341 -0.181424 -0.0754412
838 -0.226155 -0.0832379 0.100686
839 -0.225432 -0.0830358 -0.0978535
840 -0.190518 -0.144659 0.101309
841 -0.250641 -0.147743 -0.0983876
842 -0.143902 -0.130009 0.0515859
843 -0.156753 -0.152705 0.072315
844 -0.157921 -0.122145 0.0794427
845 -0.168495 -0.173443 0.101508
846 -0.194978 -0.174208 0.101322
847 -0.144171 -0.129851 0.101562
848 -0.156357 -0.151659 0.101541
849 -0.276711 -0.206219 -0.0988469
850 -0.183959 -0.202442 -0.032316
851 -0.226972 -0.279439 0.0724363
852 -0.241182 -0.304691 0.0261498
853 -0.241013 -0.304624 -0.0238799
854 -0.267203 -0.124632 -0.0981745
855 -0.294912 -0.273515 -0.0991312
856 -0.218147 -0.1618 -0.0984383
857 -0.144029 -0.129917 0.0765722
858 -0.22898 -0.282919 0.101181
859 -0.180476 -0.195315 0.101429
860 -0.241283 -0.304732 0.101148
861 -0.206054 -0.195032 0.00450502
862 -0.206225 -0.20731 0.0103809
863 -0.210954 -0.227132 0.00660465
864 -0.217767 -0.237533 0.0071378
865 -0.196285 -0.193027 -0.0132394
866 -0.199493 -0.181367 0.013269
867 -0.212139 -0.112129 0.0369516
868 -0.205391 -0.117799 0.0468062
869 -0.195399 -0.100895 0.0536712
870 -0.27155 -0.269979 0.0879186
871 -0.237525 -0.133983 0.0269833
872 -0.245833 -0.128883 0.0161972
873 -0.238502 -0.122707 -0.000941409
874 -0.239792 -0.110417 0.00636658
875 -0.229828 -0.137505 -0.00599496
876 -0.203973 -0.238893 -0.0986342
877 -0.213613 -0.233503 -0.0838573
878 -0.312494 -0.235443 -0.0678289
879 -0.165445 -0.146388 0.0578234
880 -0.150332 -0.141358 0.0619487
881 -0.150876 -0.12609 0.0654443
882 -0.180683 -0.142902 0.0548324
883 -0.185919 -0.158542 0.08932
884 -0.172268 -0.15961 0.0905204
885 -0.244969 -0.0896245 -0.076652
886 -0.254642 -0.0824734 -0.0606655
887 -0.243908 -0.0728642 -0.0436104
888 -0.239734 -0.0912763 -0.0341051
889 -0.248411 -0.288222 -0.0547046
890 -0.234698 -0.293712 -0.0580168
891 -0.245415 -0.222136 -0.0729818
892 -0.249996 -0.237101 -0.0711962
893 -0.251093 -0.0935072 -0.00758492
894 -0.223728 -0.10601 -0.0844757
895 -0.228509 -0.0945618 0.0874826
896 -0.226828 -0.0828628 0.0877023
897 -0.237592 -0.0884553 0.0807597
898 -0.250852 -0.0797197 0.0829357
899 -0.266154 -0.089087 0.0857695
900 -0.269196 -0.0816857 0.0885562
901 -0.269521 -0.0743049 0.0851358
902 -0.263717 -0.105114 0.085477
903 -0.27151 -0.261113 -0.00772334
904 -0.189198 -0.190813 -0.0803478
905 -0.328509 -0.0405115 0.0564669
906 -0.336338 -0.0411087 0.0519763
907 -0.400187 -0.184189 0.0789713
908 -0.395091 -0.167541 0.0818639
909 -0.437145 -0.177386 0.0922751
910 -0.433717 -0.160354 0.0897599
911 -0.437771 -0.159049 0.102621
912 -0.438495 -0.189905 0.0878809
913 -0.326903 -0.113862 -0.045808
914 -0.328996 -0.094494 -0.0536399
915 -0.340282 -0.0990901 -0.0680736
916 -0.328101 -0.100997 -0.0833633
917 -0.338805 -0.115665 -0.0800211
918 -0.357528 -0.104108 -0.082663
919 -0.360487 -0.103692 -0.0983679
920 -0.376595 -0.105686 -0.0435195
921 -0.387357 -0.101878 -0.0487876
922 -0.412695 -0.18075 0.038301
923 -0.405402 -0.171757 0.0362458
924 -0.366187 -0.21871 0.0809846
925 -0.409107 -0.154191 -0.0779616
926 -0.39924 -0.152135 -0.0724265
927 -0.359712 -0.197236 0.0820615
928 -0.370948 -0.0188595 -0.0125712
929 -0.375019 -0.0134339 -0.0112678
930 -0.434965 -0.170361 -0.0410282
931 -0.446642 -0.169922 -0.0577934
932 -0.457147 -0.16037 -0.0686894
933 -0.46262 -0.145821 -0.064694
934 -0.308571 -0.0509483 0.0439772
935 -0.294971 -0.0570408 0.0525107
936 -0.300279 -0.0696438 0.0460127
937 -0.359137 -0.0202821 -0.0064566
938 -0.359694 -0.0204246 0.0114843
939 -0.363151 -0.0358544 -0.00238715
940 -0.37734 -0.00982646 0.019172
941 -0.390676 -0.0029452 0.00975251
942 -0.39409 -0.0201618 0.0173434
943 -0.401741 -0.017874 0.00213681
944 -0.394393 -0.0342529 -0.000666144
945 -0.312371 -0.0483861 0.0807659
946 -0.30615 -0.0368485 0.0776371
947 -0.31809 -0.040958 0.072244
948 -0.329442 -0.0540958 0.0791232
949 -0.449214 0.0391513 -0.0834177
950 -0.456347 0.03108 -0.0833516
951 -0.447873 0.025162 -0.0783999
952 -0.443411 0.0225656 -0.0772543
953 -0.45108 0.0151505 -0.08282
954 -0.455687 0.0352447 -0.0934508
955 -0.463867 0.0354195 -0.0812952
956 -0.513945 -0.0549437 0.057084
957 -0.53144 -0.0554752 0.0495097
958 -0.514502 -0.0462419 0.0442735
959 -0.524777 -0.027675 0.0426007
960 -0.534534 -0.0727209 0.0400159
961 -0.498991 -0.0593844 0.0642671
962 -0.468548 -0.0212988 0.0806842
963 -0.476745 -0.000431749 0.0833258
964 -0.482921 -0.0284171 0.0834406
965 -0.479379 0.035204 0.0794155
966 -0.47959 -0.0337611 0.0487767
967 -0.48183 -0.051121 0.0855575
968 -0.481369 -0.152574 0.090087
969 -0.487874 -0.16217 0.0925334
970 -0.501701 -0.123097 0.0907271
971 -0.513959 -0.120152 0.104713
972 -0.504269 -0.14189 0.0896331
973 -0.497821 -0.143777 0.0912715
974 -0.543832 -0.117845 -0.0390803
975 -0.547345 -0.117241 -0.0242667
976 -0.531054 -0.11677 -0.051908
977 -0.473559 0.013321 0.0168526
978 -0.470559 0.00377999 0.0132433
979 -0.463134 -0.00788087 0.00119173
980 -0.459626 -0.00589029 -0.0117615
981 -0.445118 -0.0121406 -0.00635285
982 -0.478733 -0.00427556 -0.0118898
983 -0.489939 0.00532619 -0.00319546
984 -0.487374 0.0108744 -0.00114437
985 -0.469699 -0.038162 0.0512101
986 -0.494259 -0.103075 -0.0897957
987 -0.49453 -0.119792 -0.0854251
988 -0.444612 -0.0306491 0.0706899
989 -0.608169 -0.0808005 -0.00158939
990 -0.611498 -0.0791967 -0.00439494
991 -0.567365 -0.0521972 0.0907419
992 -0.562293 -0.0438233 0.0917209
993 -0.582361 0.0670629 0.0340577
994 -0.590193 0.085447 0.0365309
995 -0.569774 0.065168 0.0478234
996 -0.586384 -0.0404803 0.0808509
997 -0.619209 -0.0519022 0.0728617
998 -0.630486 -0.0382441 0.0888171
999 -0.619709 -0.047119 0.103095
1000 -0.629691 -0.0304489 0.0851682
1001 -0.613156 -0.0620221 0.0730438
1002 -0.631381 -0.0550269 -0.0822387
1003 -0.646615 -0.051253 -0.0714169
1004 -0.629927 0.00172789 -0.0617233
1005 -0.634662 -0.0067641 -0.0606676
1006 -0.632662 0.0106892 -0.047042
1007 -0.645984 0.021359 -0.0451857
1008 -0.631262 -0.0195607 -0.0863798
1009 -0.575446 -0.0993083 0.0962383
1010 -0.566915 -0.100074 0.0901593
1011 -0.557337 -0.103792 0.106119
1012 -0.577468 -0.046644 -0.0490267
1013 -0.31949 -0.136106 0.0358948
1014 -0.545811 0.012347 0.0363025
1015 -0.630954 0.0356021 0.0869971
1016 -0.558125 -0.0397745 0.0516767
1017 -0.61117 0.0760332 -0.0792407
1018 -0.574194 -0.0141198 0.0535355
1019 -0.269679 -0.24679 -0.0354082
1020 -0.499308 -0.00901765 0.0335113
1021 -0.399675 -0.0443267 -0.0778956
1022 -0.596162 0.0439399 0.0487502
1023 -0.646286 -0.000835742 0.0787587
1024 -0.561251 0.0118904 0.0423965
1025 -0.249698 -0.107061 -0.0732547
1026 -0.296372 -0.173258 -0.0613289
1027 -0.289445 -0.179568 0.00519709
1028 -0.29716 -0.210825 0.0363716
