1 -0.550329 -0.0331283 -0.0407546
2 -0.561778 -0.0724098 -0.0392175
3 -0.568455 -0.0333385 -0.008929
4 -0.585302 -0.0471193 -0.0436795
5 -0.589544 -0.103385 0.0354719
6 -0.603349 -0.0668669 0.0137853
7 -0.606015 -0.103174 0.00405362
8 -0.609629 -0.0804417 0.0446663
9 -0.625579 -0.0530345 0.0558755
10 -0.630819 -0.0294721 0.0308072
11 -0.595499 -0.0479392 0.0457081
12 -0.55486 0.0476588 -0.0721681
13 -0.535494 0.0669611 -0.0575679
14 -0.544783 0.0680723 -0.10191
15 -0.551131 0.0997468 -0.0736942
16 -0.553473 -0.00542445 0.101693
17 -0.534252 0.00400139 0.063543
18 -0.565796 -0.00337413 0.0747233
19 -0.541531 0.0138903 0.0841858
20 -0.628605 0.064052 0.0341929
21 -0.646235 0.0407607 0.00518143
22 -0.639998 0.0360081 0.0413852
23 -0.646235 0.0730172 0.0271599
24 -0.586648 0.068745 -0.0727649
25 -0.579265 0.0620408 -0.101999
26 -0.602487 0.10088 -0.102044
27 -0.584111 0.10055 -0.0668263
28 -0.604509 0.0775953 -0.102043
29 -0.635254 -0.0121364 -0.043374
30 -0.608062 -0.0137836 -0.0575375
31 -0.610442 -0.0358184 -0.0448548
32 -0.630809 -0.0217994 -0.0755448
33 -0.58292 -0.069408 -0.010634
34 -0.565651 -0.0451988 0.027975
35 -0.573559 -0.0769247 0.0321076
36 -0.557744 -0.0721269 0.00230675
37 -0.638725 0.0219566 -0.0135344
38 -0.646235 0.0020105 0.000880758
39 -0.646235 0.0175192 -0.0293126
40 -0.58965 -0.0101604 0.0349044
41 -0.599838 -0.0215187 0.0644834
42 -0.629307 0.00609394 0.0467354
43 -0.646235 0.1 -0.025
44 -0.646235 0.1 0
45 -0.646235 0.0734273 -0.0112679
46 -0.636332 0.101722 -0.0251794
47 -0.55674 0.00226235 0.0247763
48 -0.583832 0.00501688 -0.00432347
49 -0.646235 0.0473314 0.0508233
50 -0.63249 0.0690316 0.0706036
51 -0.636785 -0.0661614 0.102035
52 -0.634616 -0.102508 0.0750941
53 -0.635795 -0.102517 0.102073
54 -0.640553 -0.07431 0.0681832
55 -0.601424 0.027589 0.0242081
56 -0.639872 0.0120402 0.015801
57 -0.543008 0.0451075 0.0397581
58 -0.541345 0.0327859 -0.00267947
59 -0.574633 0.0391384 0.0117532
60 -0.646235 -0.0492512 -0.0296903
61 -0.633027 -0.0398388 -0.0135177
62 -0.634799 -0.0575064 -0.0622974
63 -0.612556 -0.0724638 -0.0286757
64 -0.638076 -0.0720478 0.0160405
65 -0.640871 -0.0789998 -0.0181412
66 -0.597714 -0.0422056 -0.075455
67 -0.646235 -0.032644 -0.00155263
68 -0.646235 -0.0459375 0.024835
69 -0.646235 -0.0165666 0.0283487
70 -0.602458 -0.0320422 -0.0197719
71 -0.598116 -0.0315916 0.00798645
72 -0.572759 0.0740471 -0.0420918
73 -0.553811 0.0711626 0.00790472
74 -0.585473 0.068515 0.0412388
75 -0.592309 0.0630058 -0.00485939
76 -0.578817 0.100406 -0.0274143
77 -0.602346 0.0555103 -0.0368037
78 -0.607886 0.000343963 0.102065
79 -0.614672 0.0363433 0.101973
80 -0.599985 0.00971707 0.0737138
81 -0.636805 0.0254904 0.0773063
82 -0.565986 0.0391876 -0.0320937
83 -0.544793 -0.0687338 0.0653536
84 -0.562102 -0.0311409 0.0679705
85 -0.582355 -0.0711114 0.0621194
86 -0.61109 -0.00369885 -0.0169925
87 -0.616559 0.0175681 -0.0307334
88 -0.591095 0.0246827 -0.0219881
89 -0.582807 -0.00865094 -0.0436606
90 -0.636273 -0.102507 -0.0751751
91 -0.646235 -0.0667146 -0.0503956
92 -0.646235 -0.1 -0.05
93 -0.638802 -0.102536 -0.0397033
94 -0.576603 0.00165874 0.101872
95 -0.587533 -0.0256284 0.101903
96 -0.57239 0.100225 -0.101977
97 -0.5951 0.00525382 -0.102108
98 -0.606001 0.0380613 -0.10212
99 -0.630326 0.0093862 -0.0747501
100 -0.608578 0.0174397 -0.058329
101 -0.624896 -0.00570277 0.00672957
102 -0.53083 -0.068813 0.0214336
103 -0.634189 0.0662307 -0.10207
104 -0.646235 0.0668459 -0.0654286
105 -0.628024 0.0484071 -0.0681122
106 -0.61825 0.078569 -0.0589627
107 -0.554007 -0.103954 0.0368875
108 -0.610574 0.0438014 0.0679018
109 -0.573311 -0.0627647 0.101857
110 -0.596417 -0.0426259 0.0807782
111 -0.609334 -0.0751402 0.0787444
112 -0.589213 -0.103371 0.0833747
113 -0.602244 0.100893 0.102009
114 -0.602811 0.0701986 0.101911
115 -0.588191 0.0727908 0.074094
116 -0.572151 0.100145 0.101851
117 -0.646235 -0.0156538 -0.0295892
118 -0.646235 -0.000828139 -0.0523479
119 -0.646235 -0.0319327 -0.0645593
120 -0.553573 -0.0492861 0.101702
121 -0.540279 0.0703939 0.101659
122 -0.541979 0.0994132 0.101695
123 -0.558181 0.0679262 0.0745759
124 -0.58632 0.0318764 -0.0662254
125 -0.646235 -0.00138515 -0.0714992
126 -0.609215 -0.0420252 0.102064
127 -0.58845 0.0336875 0.101945
128 -0.569891 0.033043 0.0633602
129 -0.61644 0.0360647 0.000783658
130 -0.63194 0.0749023 0.00239211
131 -0.600728 0.0743169 0.0180799
132 -0.642437 -0.000537433 -0.0188765
133 -0.632063 -0.0223941 0.0763572
134 -0.604177 -0.0255412 -0.102113
135 -0.589179 -0.0049853 -0.0777807
136 -0.594677 -0.0692138 -0.0549058
137 -0.58899 -0.103397 -0.0240813
138 -0.638015 0.0267706 -0.0428042
139 -0.646235 0.0232858 0.0686351
140 -0.646235 -0.00210221 0.0574566
141 -0.537951 -0.06917 0.101549
142 -0.550027 0.0020805 -0.0266381
143 -0.536457 -0.0331186 0.101573
144 -0.577062 0.100327 0.0101734
145 -0.604306 0.101087 -0.0132846
146 -0.640774 -0.102555 -0.00394859
147 -0.646235 -0.0685292 0.00314744
148 -0.646235 0.0776621 -0.0377538
149 -0.630648 0.0613589 -0.0267259
150 -0.567393 0.0266442 -0.102004
151 -0.556556 0.00820155 -0.0658782
152 -0.572078 0.0609016 0.101854
153 -0.555292 0.0294869 0.101723
154 -0.638126 0.0304576 -0.102015
155 -0.603598 -0.10312 0.0652644
156 -0.646235 0.0502716 -0.0347161
157 -0.635715 -0.0350587 -0.102099
158 -0.646235 0 -0.1
159 -0.646235 -0.0371008 0.0597063
160 -0.646235 -0.0711414 0.038456
161 -0.606368 -0.0791289 0.102022
162 -0.610817 -0.0602834 -0.102198
163 -0.641333 -0.0753212 -0.102088
164 -0.618049 -0.0791448 -0.0758263
165 -0.582058 0.100426 0.0671642
166 -0.612807 0.101222 -0.0760242
167 -0.646235 0.0261169 -0.0656522
168 -0.570731 -0.103681 0.0694314
169 -0.534834 -0.104179 0.0704978
170 -0.615313 0.101169 0.0618357
171 -0.592122 0.1007 0.0379435
172 -0.535209 0.0436012 0.0682692
173 -0.541063 0.0994703 -0.0118889
174 -0.556721 0.099869 -0.0448946
175 -0.646235 0.075 0.1
176 -0.635612 0.0591659 0.101966
177 -0.646235 0.0744889 0.0709772
178 -0.533975 0.0349892 -0.047371
179 -0.530054 0.0198717 -0.0791813
180 -0.620744 0.101475 0.0168706
181 -0.541938 0.0994301 0.0283297
182 -0.567132 0.100076 0.040939
183 -0.551907 0.0737096 0.0511861
184 -0.535197 -0.0616585 -0.0640273
185 -0.557389 -0.0703715 -0.102056
186 -0.580046 -0.076144 -0.0754166
187 -0.568264 -0.0437484 -0.0718725
188 -0.646235 0.1 -0.05
189 -0.646235 0.1 0.05
190 -0.616612 -0.102911 -0.0241269
191 -0.605385 -0.103076 -0.0560386
192 -0.542608 -0.019843 -0.0698637
193 -0.628954 -0.102773 0.0349033
194 -0.646235 -0.1 0.025
195 -0.646235 0.05 -0.1
196 -0.646235 -0.05 0.1
197 -0.63722 -0.0229852 0.102102
198 -0.646235 -0.1 -0.1
199 -0.646235 -0.0710655 -0.0775316
200 -0.646235 -0.08027 -0.0262146
201 -0.63568 0.101682 -0.0662257
202 -0.609061 0.101137 -0.0445537
203 -0.545767 -0.104004 0.101661
204 -0.575813 -0.103587 0.101845
205 -0.53558 0.0665392 -0.0258242
206 -0.564404 -0.0290231 0.101805
207 -0.547725 0.0995823 0.0662501
208 -0.646235 0.0169698 0.0345753
209 -0.527759 0.0991323 -0.0478839
210 -0.574086 -0.0137463 -0.102077
211 -0.632283 0.101488 0.102013
212 -0.632577 0.10155 -0.102014
213 -0.528361 -0.062474 -0.0169588
214 -0.538775 -0.031708 -0.000517238
215 -0.573874 -0.103597 -0.0502924
216 -0.623692 0.00122374 -0.102104
217 -0.646235 -0.0718804 0.0698327
218 -0.572243 -0.103667 0.00523755
219 -0.646235 -0.05 -0.1
220 -0.646235 0 0.1
221 -0.646235 0.05 0.1
222 -0.63734 0.019935 0.101981
223 -0.539607 -0.00642039 -0.101962
224 -0.542261 0.0994719 -0.101898
225 -0.606416 -0.102993 -0.102167
226 -0.576354 -0.103431 -0.102161
227 -0.587395 -0.0768495 -0.102167
228 -0.574888 -0.10349 -0.0794968
229 -0.646235 -0.1 -0.025
230 -0.646235 0.1 -0.1
231 -0.556101 -0.10391 -0.027858
232 -0.542085 -0.104026 -0.0669008
233 -0.546198 -0.103929 -0.102063
234 -0.529413 0.0713117 0.0728671
235 -0.646235 0.1 0.1
236 -0.531425 -0.0215895 0.0301374
237 -0.646235 -0.1 0.05
238 -0.534638 -0.104239 0.00245027
239 -0.55539 -0.0363254 -0.102056
240 -0.582061 -0.0472684 -0.102163
241 -0.646235 -0.1 0.1
242 -0.52973 0.0310408 -0.101871
243 -0.636408 -0.102357 -0.102085
244 -0.526065 -0.0419823 0.0503125
245 -0.605829 -0.103057 0.102049
246 -0.646235 -0.1 0
247 -0.646235 -0.075 -0.1
248 -0.524662 -0.0219055 0.0789221
249 -0.531159 0.00321611 0.101569
250 -0.479995 0.0411051 0.0402207
251 -0.513719 0.0187132 0.0282776
252 -0.485636 0.0319752 0.00576867
253 -0.476152 0.00293574 0.0392441
254 -0.509332 0.0644941 -0.0051171
255 -0.510952 0.0986947 0.0136189
256 -0.484722 -0.104879 -0.00276461
257 -0.490584 -0.065661 0.00135697
258 -0.50776 -0.104548 0.0112336
259 -0.490885 -0.104809 0.0246835
260 -0.503943 -0.0561734 0.101358
261 -0.466948 -0.0509917 0.101062
262 -0.492043 -0.046263 0.0664852
263 -0.484739 -0.0302369 0.101192
264 -0.446071 0.0661214 -0.0314007
265 -0.461112 0.0592573 0.0014366
266 -0.454523 0.0368636 -0.0341769
267 -0.43712 0.0370848 -0.00417937
268 -0.45555 -0.066958 0.0654026
269 -0.477779 -0.0371779 0.0387714
270 -0.455244 -0.0292781 0.0706648
271 -0.521336 -0.104349 -0.0368808
272 -0.50684 -0.104588 -0.0135179
273 -0.515088 0.0648463 0.0376582
274 -0.500158 0.0590253 0.0714896
275 -0.455897 -0.105333 -0.0182817
276 -0.423644 -0.106 -0.0268185
277 -0.424583 -0.0697817 -0.0183902
278 -0.434886 -0.105866 0.00990644
279 -0.474371 0.0652221 -0.0511103
280 -0.477714 0.0677482 -0.018213
281 -0.516393 -0.104443 0.0395565
282 -0.444117 -0.0535615 0.0352073
283 -0.473933 -0.0722955 0.0300952
284 -0.485444 -0.104953 0.101174
285 -0.455197 -0.105411 0.101023
286 -0.475311 -0.10508 0.0800421
287 -0.478032 -0.0824294 0.101146
288 -0.462915 -0.00501965 -0.00640979
289 -0.453837 0.0252268 0.0162875
290 -0.51081 0.0276273 0.0632148
291 -0.499201 -0.0771303 -0.0369516
292 -0.490208 -0.00276638 -0.0431838
293 -0.501087 -0.0265536 -0.0105623
294 -0.49538 0.00443892 -0.0118177
295 -0.455032 0.0973649 0.0172086
296 -0.480506 0.0979685 -0.000939003
297 -0.484932 0.0697142 0.0174045
298 -0.48268 -0.0805008 0.0731978
299 -0.502161 -0.104659 0.0742306
300 -0.454003 0.0541935 0.0735501
301 -0.494518 0.0125776 0.070803
302 -0.506244 -0.0403598 0.0216043
303 -0.502633 -0.0751166 0.0424772
304 -0.496057 -0.00959912 0.0161166
305 -0.476148 -0.0247732 -0.0692867
306 -0.507935 -0.0338838 -0.0717319
307 -0.507651 -0.0432576 -0.0444055
308 -0.48164 -0.0685679 -0.0678311
309 -0.506881 -0.0775921 -0.0748398
310 -0.514488 0.0260977 -0.0209087
311 -0.50423 0.0655993 -0.0408557
312 -0.411861 0.0633836 -0.0292489
313 -0.42069 0.0965163 -0.0345514
314 -0.41746 0.0697779 -0.0664705
315 -0.476972 0.0347404 -0.0240552
316 -0.470887 0.0290207 -0.0676069
317 -0.42688 0.0630076 0.0558749
318 -0.460558 0.0974488 0.0518138
319 -0.438071 0.096937 0.0724388
320 -0.465766 -0.0710831 -0.0242587
321 -0.454654 -0.0811371 0.00689178
322 -0.440569 0.0515045 -0.0620187
323 -0.438923 -0.0746977 0.100878
324 -0.410283 -0.0564821 0.100728
325 -0.432236 -0.0718996 0.0756027
326 -0.435338 -0.0391517 0.100824
327 -0.501397 -0.073724 -0.101869
328 -0.503275 -0.104588 -0.0713861
329 -0.485824 -0.104808 -0.101866
330 -0.505225 -0.0130689 0.0489355
331 -0.504562 0.0985414 -0.0227411
332 -0.524712 -0.00451681 0.00109985
333 -0.522039 -0.017179 -0.0321554
334 -0.483364 -0.10489 -0.041636
335 -0.473601 -0.105021 -0.0767641
336 -0.455849 -0.0848774 -0.0797374
337 -0.421882 0.0298342 -0.0333127
338 -0.516179 0.0512039 0.0113198
339 -0.432577 -0.032021 0.0104158
340 -0.408578 -0.0366707 0.0334305
341 -0.421312 -0.069884 0.0145247
342 -0.47886 -0.105035 0.0510659
343 -0.450766 -0.105456 0.0737301
344 -0.521445 0.0366029 0.101491
345 -0.506991 0.0109994 0.101364
346 -0.470069 0.0689556 0.101166
347 -0.450747 0.045837 0.10105
348 -0.442536 0.0728876 0.101062
349 -0.41891 0.0241353 0.0304613
350 -0.423674 0.00425302 0.0723978
351 -0.417341 0.0362066 0.0707683
352 -0.444036 0.0284468 0.0489134
353 -0.484649 0.000376409 -0.101722
354 -0.489388 -0.0389752 -0.101766
355 -0.455815 -0.0249491 -0.101661
356 -0.453453 -0.0488956 -0.0736132
357 -0.42053 -0.0424163 -0.101633
358 -0.435571 -0.0302626 -0.0739423
359 -0.426733 -0.0639477 -0.0780951
360 -0.504471 0.037005 -0.0587261
361 -0.44448 -0.0734619 -0.0498906
362 -0.409582 -0.106098 -0.0643699
363 -0.446087 -0.105519 -0.0628622
364 -0.45249 0.00824404 -0.101646
365 -0.434847 0.0207105 -0.0684045
366 -0.457101 -0.00281715 -0.0706423
367 -0.430785 -0.00691225 -0.101629
368 -0.515541 0.0987563 0.0487853
369 -0.491275 0.0981607 0.0707914
370 -0.478792 0.0768745 0.0515981
371 -0.485733 0.034633 0.101201
372 -0.446699 0.0971375 -0.050067
373 -0.451105 0.0973068 -0.0171083
374 -0.514404 -0.0715274 0.0753939
375 -0.473426 -0.0409148 -0.0330627
376 -0.44713 -0.0351088 -0.0413356
377 -0.519526 0.0478426 -0.0782615
378 -0.507713 0.0721296 -0.0682227
379 -0.525889 -0.0461771 -0.101892
380 -0.46473 0.097518 0.0796118
381 -0.44668 0.061648 0.032449
382 -0.515672 -0.104488 0.101429
383 -0.42182 -0.0454006 -0.0503694
384 -0.474696 0.0978405 -0.0357627
385 -0.466254 0.0976312 -0.0707153
386 -0.502889 0.0677856 0.101403
387 -0.455561 -0.105269 -0.101834
388 -0.4619 -0.0671233 -0.101681
389 -0.522333 0.00350326 -0.0626364
390 -0.513915 0.00770488 -0.101832
391 -0.459948 -0.0195731 0.101092
392 -0.457466 0.0126282 0.0758751
393 -0.483737 -0.0188564 0.0756489
394 -0.498081 0.0105707 -0.0767596
395 -0.424224 0.074689 0.000819622
396 -0.49591 0.0983531 -0.0590111
397 -0.488277 0.057791 -0.0767322
398 -0.529462 -0.0797691 -0.101928
399 -0.426569 0.0275083 0.100964
400 -0.42272 -0.0306127 -0.0167293
401 -0.424944 -0.1061 0.100788
402 -0.452228 -0.0501132 -0.00233188
403 -0.471083 -0.0343552 0.0116209
404 -0.451277 0.0971969 0.10116
405 -0.42249 0.0313372 -0.101607
406 -0.439696 0.0681308 -0.101562
407 -0.518819 0.0989205 -0.0801942
408 -0.510631 -0.0171112 -0.101809
409 -0.421086 -0.00839639 -0.0532593
410 -0.428051 0.00206757 -0.00389588
411 -0.454273 0.00248306 -0.0358733
412 -0.444388 -0.105627 0.043103
413 -0.440236 -0.0106317 0.0352518
414 -0.419242 -0.040746 0.0659705
415 -0.41344 -0.0778738 0.0459648
416 -0.422969 0.0966852 -0.000606935
417 -0.406856 0.0614502 0.0332148
418 -0.430715 -0.00508919 0.100897
419 -0.508379 -0.0184736 0.101397
420 -0.420994 0.0965418 0.101004
421 -0.46945 0.0428517 -0.101687
422 -0.432596 -0.0789197 -0.101653
423 -0.421179 -0.105995 0.0692518
424 -0.456721 0.0137127 0.101075
425 -0.484125 -0.00182476 0.10124
426 -0.412583 0.0695932 -0.101636
427 -0.401041 0.0397296 -0.0658117
428 -0.50715 0.0576096 -0.101802
429 -0.457099 0.0703884 -0.075216
430 -0.485609 0.0981008 0.0339129
431 -0.425299 -0.105848 -0.101673
432 -0.42117 0.0966664 -0.101557
433 -0.501345 0.0281682 -0.101765
434 -0.516054 -0.104398 -0.101981
435 -0.42777 0.0966967 0.0368495
436 -0.451517 0.0973179 -0.10163
437 -0.44148 0.0970089 -0.0777803
438 -0.405921 -0.0123873 0.0170629
439 -0.512067 0.0987776 -0.101787
440 -0.481543 0.0978876 0.101348
441 -0.521004 0.0989021 0.0777312
442 -0.464806 0.0755585 -0.101642
443 -0.486355 0.0744628 -0.101701
444 -0.416307 0.0696868 0.0799489
445 -0.42081 0.0580971 0.100936
446 -0.418753 0.0965912 -0.0658574
447 -0.511763 0.0986699 0.101511
448 -0.414212 -0.106131 0.0376293
449 -0.4648 -0.105228 0.0184773
450 -0.481798 0.0980401 -0.101684
451 -0.401372 0.0959698 0.0658056
452 -0.401058 0.010459 0.100686
453 -0.330626 0.0238646 0.00863894
454 -0.307481 0.0052791 0.0415975
455 -0.308238 0.0426717 0.031677
456 -0.337875 0.0416162 0.0413031
457 -0.331616 -0.0481851 0.100159
458 -0.327873 -0.0229138 0.0722898
459 -0.322022 -0.0663162 0.061333
460 -0.356447 -0.0462224 0.0691322
461 -0.388435 0.095655 -0.0511339
462 -0.389995 0.0957061 -0.0813748
463 -0.381943 0.0729255 -0.0778195
464 -0.303519 -0.0687334 -0.00379571
465 -0.324545 -0.107321 -0.00196778
466 -0.311422 -0.0795629 -0.0344736
467 -0.295576 -0.107705 -0.0243677
468 -0.307763 0.0115363 -0.0663906
469 -0.325195 0.0132744 -0.0316577
470 -0.342339 -0.00172213 -0.064248
471 -0.313245 -0.0143814 -0.0360448
472 -0.307908 -0.0380922 0.0219746
473 -0.299196 -0.0268422 0.0597195
474 -0.296048 -0.0720131 0.0410227
475 -0.352854 -0.0818722 0.0758545
476 -0.347169 -0.0794873 -0.101277
477 -0.345053 -0.106954 -0.0689654
478 -0.333423 -0.107107 -0.101255
479 -0.35158 -0.08005 -0.0751574
480 -0.305291 -0.0282864 -0.0733941
481 -0.323027 -0.0465099 -0.0414127
482 -0.340796 -0.0482311 -0.0737315
483 -0.363898 0.0949769 0.0519235
484 -0.352782 0.0675875 0.0623242
485 -0.371002 0.0951287 0.078939
486 -0.36987 0.0670575 0.0457813
487 -0.359875 0.0948606 0.100479
488 -0.348437 0.061982 0.100366
489 -0.334931 0.0942506 0.0774519
490 -0.389083 0.0956993 -0.0178699
491 -0.388787 0.0956187 0.0218346
492 -0.386862 0.0629424 -0.00795122
493 -0.343411 -0.00517276 0.0276708
494 -0.359677 -0.00590652 0.0723493
495 -0.340224 0.0210824 0.0633834
496 -0.308585 -0.0113596 -0.101118
497 -0.313579 0.0306966 -0.10113
498 -0.287478 0.0116046 -0.101018
499 -0.338619 -0.0309882 0.0457213
500 -0.392853 -0.00343676 -0.0213893
501 -0.404417 0.0191692 0.00175831
502 -0.372778 -0.0392222 0.0305482
503 -0.387677 -0.0761728 0.018376
504 -0.355012 -0.0744858 0.0345273
505 -0.393689 -0.059801 0.0374063
506 -0.356272 -0.0211183 -0.0365399
507 -0.362002 -0.0576082 -0.0425722
508 -0.395732 -0.0315484 -0.0500954
509 -0.366914 -0.0352882 -0.0723669
510 -0.393901 -0.0799091 -0.0107799
511 -0.390082 -0.0804299 -0.0368642
512 -0.383284 -0.0698131 0.0606913
513 -0.389485 -0.0261682 0.0712086
514 -0.381746 -0.000221671 0.0168638
515 -0.374137 -0.00727815 0.045702
516 -0.367815 -0.00769859 -0.101269
517 -0.363297 -0.0471246 -0.101312
518 -0.389303 -0.030827 -0.101355
519 -0.338385 -0.0819845 -0.0370647
520 -0.354187 -0.106846 -0.0327486
521 -0.340411 -0.0816238 -0.00278041
522 -0.364907 -0.0823869 -0.0325776
523 -0.389991 -0.0506597 -0.0262096
524 -0.403542 -0.0678162 -0.0568427
525 -0.309098 -0.00154794 -0.00135519
526 -0.2895 0.0236483 0.00860186
527 -0.377689 -0.07884 -0.101395
528 -0.36413 -0.106638 -0.101402
529 -0.396354 -0.0435658 0.00455115
530 -0.388271 0.0585413 0.064001
531 -0.283021 -0.107909 0.0155335
532 -0.321319 -0.0798671 0.0226206
533 -0.402258 0.00936955 -0.0803707
534 -0.396076 -0.106357 0.0624977
535 -0.398094 -0.0830637 0.0791029
536 -0.323036 -0.10729 -0.0429567
537 -0.402658 -0.106179 0.00597082
538 -0.361892 -0.0315732 -0.0049057
539 -0.333285 -0.0506039 0.0189978
540 -0.324945 -0.0777354 -0.0656372
541 -0.347977 0.00244221 -0.0149818
542 -0.394847 0.0362056 -0.0258488
543 -0.357215 0.0644857 -0.0214863
544 -0.368694 0.0287058 -0.0398631
545 -0.380542 0.0653339 -0.0456741
546 -0.326527 0.0689933 0.0334046
547 -0.319575 0.0645761 0.0691582
548 -0.279019 0.061691 0.0558611
549 -0.28933 0.0932072 0.0319841
550 -0.376698 -0.106481 -0.064584
551 -0.394715 -0.106197 -0.101563
552 -0.322778 0.09398 0.00628951
553 -0.297018 0.0641211 0.00931806
554 -0.333691 -0.0560563 -0.0128276
555 -0.380328 -0.0681156 -0.0713086
556 -0.406122 -0.0765708 -0.101427
557 -0.283595 0.0105365 -0.0271371
558 -0.402578 -0.00546716 -0.101459
559 -0.404522 -0.0318755 -0.0776513
560 -0.403562 0.0438936 0.00245668
561 -0.329393 0.0942116 -0.0636126
562 -0.319697 0.0675542 -0.0242669
563 -0.308039 0.0936723 -0.0343186
564 -0.352049 0.0947604 -0.0367419
565 -0.352398 0.0946856 0.0247364
566 -0.286261 0.0650512 -0.0508514
567 -0.294498 0.0622644 -0.101051
568 -0.318561 0.0696031 -0.0751076
569 -0.300279 0.0935181 -0.0760614
570 -0.362576 0.0335282 0.0383541
571 -0.340838 0.0364255 -0.0285557
572 -0.335426 -0.107195 0.0589182
573 -0.384488 -0.000165668 -0.0692943
574 -0.347011 -0.00626224 0.100309
575 -0.330719 0.026921 0.100186
576 -0.312076 -0.00841647 0.100087
577 -0.306343 0.000997794 0.0782736
578 -0.402316 0.0132872 -0.0510628
579 -0.370718 0.037026 -0.0747365
580 -0.339942 -0.021844 -0.101207
581 -0.338096 0.0584758 0.00623903
582 -0.335196 0.0943277 -0.0166899
583 -0.299633 0.038599 0.0692137
584 -0.309771 0.0601996 0.100134
585 -0.330557 0.0693878 -0.101144
586 -0.358217 0.094925 -0.0718853
587 -0.329509 0.0942598 -0.101154
588 -0.400557 0.0389472 0.100663
589 -0.311378 0.0360515 -0.0111578
590 -0.29119 -0.0399539 0.0999731
591 -0.288933 -0.0510168 0.0755405
592 -0.369928 0.0277901 0.100445
593 -0.315812 -0.107362 -0.0743447
594 -0.321029 -0.0845416 -0.101221
595 -0.291499 -0.0877396 -0.0795989
596 -0.366946 -0.0644668 -0.00430047
597 -0.32368 -0.0520746 -0.101182
598 -0.297044 -0.0771922 -0.101137
599 -0.303289 -0.0628541 -0.0744946
600 -0.370182 0.0308885 0.000177767
601 -0.383962 0.0175374 0.0704872
602 -0.37702 -0.00506486 0.100431
603 -0.348876 0.0626846 -0.0602225
604 -0.386906 0.067709 0.100649
605 -0.339635 0.00868164 -0.101207
606 -0.360402 0.0171194 -0.101253
607 -0.360163 0.0949823 -0.101272
608 -0.364858 0.0714159 -0.101285
609 -0.362275 0.0406237 0.0716208
610 -0.312227 -0.1075 0.0382843
611 -0.344567 -0.0811631 0.100209
612 -0.322176 -0.0839213 0.100122
613 -0.320981 0.0513339 -0.046716
614 -0.391836 -0.0540556 -0.101407
615 -0.294327 0.0344117 -0.0424452
616 -0.404529 -0.000496265 0.0511267
617 -0.335829 0.0346137 -0.0712205
618 -0.279287 0.0473876 -0.0165429
619 -0.35717 0.0948521 -0.00268877
620 -0.368143 0.0610039 0.0180877
621 -0.326773 -0.0267251 -0.0091955
622 -0.383662 -0.106479 0.0365074
623 -0.366207 -0.106788 0.0711276
624 -0.389371 0.032548 0.0383944
625 -0.298452 -0.0757717 0.0999956
626 -0.302343 -0.107729 0.0999699
627 -0.308634 -0.107572 0.072792
628 -0.288347 -0.0438249 -0.101069
629 -0.299686 -0.107635 -0.0537938
630 -0.365503 -0.0296899 0.100354
631 -0.286101 -0.0535257 -0.0436449
632 -0.389458 -0.106321 -0.0283677
633 -0.364507 -0.10672 0.00627158
634 -0.388412 0.0558089 -0.10136
635 -0.382861 0.0225139 -0.101362
636 -0.353865 0.0403801 -0.101268
637 -0.39072 0.095769 -0.101428
638 -0.338379 -0.107109 0.0277407
639 -0.400287 -0.0263036 0.10062
640 -0.373642 -0.0614465 0.100454
641 -0.297708 0.0415241 -0.0760551
642 -0.333155 -0.107267 0.100142
643 -0.326857 0.0940868 0.0438575
644 -0.285611 -0.0350315 -0.016128
645 -0.400696 -0.0844293 0.100624
646 -0.29055 0.0932508 -0.00319182
647 -0.302626 -0.107577 -0.101181
648 -0.357235 -0.106898 0.0398683
649 -0.298423 0.0933741 0.100124
650 -0.297787 0.0933889 0.0691116
651 -0.390409 0.0956698 0.100734
652 -0.329219 0.0941072 0.10031
653 -0.280913 0.0707953 0.0999618
654 -0.295363 0.0236063 0.100023
655 -0.28985 -0.0864877 -0.0572733
656 -0.363823 -0.106836 0.100347
657 -0.394387 -0.106376 0.10054
658 -0.298749 0.0934986 -0.101043
659 -0.284054 -0.107941 0.0541003
660 -0.263943 -0.0833303 0.0430078
661 -0.178475 -0.109484 -0.100816
662 -0.178197 -0.0845657 -0.0691371
663 -0.209669 -0.108982 -0.100898
664 -0.206361 -0.109053 -0.0702908
665 -0.17656 0.00433496 -0.0670085
666 -0.176259 0.0155676 -0.100751
667 -0.20644 -0.00249011 -0.100815
668 -0.198143 0.0275615 -0.10076
669 -0.251898 0.0640795 -0.0429076
670 -0.265043 0.0681853 -0.0113122
671 -0.216925 0.0266829 0.00955969
672 -0.176172 0.0247069 -0.0131707
673 -0.206646 0.02763 -0.0222052
674 -0.20399 0.0626051 0.000336322
675 -0.207152 -0.00701985 0.0216257
676 -0.176503 0.00309156 0.0434312
677 -0.176511 0.00799675 0.0136018
678 -0.203042 0.0183338 0.0432753
679 -0.242221 -0.0794173 0.0602737
680 -0.214723 -0.109026 0.0659482
681 -0.234029 -0.108696 0.0428027
682 -0.212859 -0.0822148 0.0327098
683 -0.268945 0.0927544 -0.0580308
684 -0.266811 0.0926942 -0.0220674
685 -0.271729 -0.0685242 -0.101062
686 -0.25654 -0.0343551 0.0997756
687 -0.267862 -0.0150456 0.0616803
688 -0.241921 -0.044965 0.0742433
689 -0.271052 -0.0502554 0.0547765
690 -0.255567 -0.108379 0.0697343
691 -0.203391 0.0604759 0.0370579
692 -0.175756 0.0410041 0.0180846
693 -0.20048 -0.0309381 -0.0127713
694 -0.1771 -0.0231162 0.0219503
695 -0.17747 -0.0412389 -0.00962567
696 -0.176839 -0.00766796 -0.00842518
697 -0.233917 -0.000291096 0.0594259
698 -0.241313 -0.0442586 0.0350297
699 -0.242798 -0.0284575 -0.0293527
700 -0.210611 -0.00786219 -0.037867
701 -0.244583 -0.0223181 -0.0688355
702 -0.241393 0.00620448 -0.0359806
703 -0.239309 0.0157118 0.0356294
704 -0.218219 0.0409404 0.0640126
705 -0.233388 0.0470572 0.0311528
706 -0.208825 -0.0645836 -0.0278161
707 -0.226487 -0.0309306 -0.00592706
708 -0.217949 -0.0396902 -0.049217
709 -0.238153 -0.108597 -0.0247033
710 -0.213868 -0.0632166 0.00572134
711 -0.207284 -0.109112 -0.00859746
712 -0.245327 -0.0664369 -0.0193475
713 -0.271753 -0.108047 -0.101073
714 -0.286917 -0.107821 -0.0761265
715 -0.207108 -0.10908 -0.0386253
716 -0.217355 -0.0785883 -0.0551262
717 -0.178271 -0.0873906 -0.0414971
718 -0.276582 -0.00637454 0.0999471
719 -0.276326 0.0138121 0.0697867
720 -0.203753 -0.0798706 0.0739827
721 -0.277818 -0.0811585 0.0702985
722 -0.266145 -0.0704764 0.099799
723 -0.233092 -0.0616965 0.0996094
724 -0.274393 -0.0788579 -0.0236231
725 -0.248126 0.0922355 0.0729727
726 -0.248018 0.0602283 0.0998
727 -0.272528 -0.0143939 -0.0533694
728 -0.232061 0.0918877 -0.0378022
729 -0.230841 0.0650569 -0.0208097
730 -0.266868 0.0926965 0.00827779
731 -0.239416 -0.00965393 0.0192481
732 -0.254692 0.0205592 0.00447029
733 -0.203356 0.0565113 -0.100776
734 -0.209039 0.0913586 -0.0707428
735 -0.240135 0.0548562 -0.0714057
736 -0.207533 0.0613732 -0.0497098
737 -0.273202 -0.0583787 0.0149045
738 -0.251336 -0.081629 0.0146403
739 -0.235956 0.0123582 -0.0687409
740 -0.20667 -0.0129811 -0.0732138
741 -0.203988 -0.0452893 0.0994937
742 -0.177279 -0.0386353 0.0632859
743 -0.204187 -0.0217016 0.063793
744 -0.177004 -0.034565 0.0994077
745 -0.17542 0.0591559 -0.0716797
746 -0.175366 0.0621566 -0.0490289
747 -0.229963 0.0383473 -0.0464625
748 -0.266427 0.0317744 -0.058521
749 -0.249933 0.0320504 -0.0232242
750 -0.175723 0.0405888 -0.10075
751 -0.174635 0.0906119 -0.100734
752 -0.175828 0.0331327 0.0632666
753 -0.26942 0.0545331 -0.100954
754 -0.259847 -0.00577252 -0.0107075
755 -0.211084 0.0913311 0.0281121
756 -0.242809 0.0562955 0.0108564
757 -0.205385 0.0912249 -0.00398038
758 -0.198943 0.0910967 -0.0330768
759 -0.175443 0.0584507 -0.0237182
760 -0.273968 -0.0113694 0.0232659
761 -0.278214 0.00794868 -0.0759976
762 -0.176743 -0.00944704 -0.100758
763 -0.258681 -0.108323 0.039683
764 -0.242275 0.0921146 -0.0735064
765 -0.202486 0.00507952 0.0777576
766 -0.241692 -0.00312487 0.0996935
767 -0.226847 0.0270237 0.0996544
768 -0.178596 -0.109528 -0.0507895
769 -0.260879 0.0242053 0.0998463
770 -0.211133 -0.0769155 -0.100843
771 -0.229728 -0.108703 -0.0797993
772 -0.249203 0.0922724 0.0379505
773 -0.270233 0.0927386 0.0621755
774 -0.243317 0.0645842 0.0517479
775 -0.178516 -0.109592 0.0493041
776 -0.178055 -0.0810583 0.0398978
777 -0.240871 -0.00721246 -0.100891
778 -0.227692 0.0589652 0.0801902
779 -0.197264 0.0635258 0.0753583
780 -0.271454 -0.108195 0.0998129
781 -0.240409 -0.108587 0.0111882
782 -0.238705 0.0920192 0.000619029
783 -0.270466 0.0559506 0.0203818
784 -0.267093 0.0283721 0.0397649
785 -0.178565 -0.109569 -0.000733435
786 -0.178146 -0.0781073 -0.0128993
787 -0.178239 -0.0871473 0.0138793
788 -0.236852 0.0920386 -0.100808
789 -0.238524 0.0620634 -0.100848
790 -0.204306 -0.109163 0.0265857
791 -0.175941 0.03624 -0.0482502
792 -0.204269 0.031786 -0.0757128
793 -0.227859 -0.0290632 0.0996086
794 -0.177764 -0.0584934 0.0201382
795 -0.20098 -0.0509368 -0.0701513
796 -0.17719 -0.0290208 -0.0711204
797 -0.177102 -0.0210839 -0.0389401
798 -0.217356 0.0914822 0.0659491
799 -0.236573 0.0919395 0.0997291
800 -0.225002 0.0745312 0.0996521
801 -0.205495 0.0911713 0.0995946
802 -0.174626 0.0904993 0.0243676
803 -0.174658 0.0905375 -0.000635252
804 -0.175122 0.0679926 0.037462
805 -0.17644 0.000953139 0.0739566
806 -0.176521 -0.00955925 0.0994138
807 -0.23578 -0.0583161 -0.0761253
808 -0.240483 -0.108619 0.0996557
809 -0.251291 0.0352353 0.0698617
810 -0.17767 -0.0594519 -0.100763
811 -0.270064 -0.10809 -0.0466864
812 -0.25115 -0.0383622 0.00291442
813 -0.177764 -0.0573853 -0.0489891
814 -0.208494 -0.0586127 0.0558235
815 -0.208478 -0.0366726 0.0272115
816 -0.203858 0.0198875 -0.0524748
817 -0.271869 -0.0526352 -0.0756883
818 -0.203897 -0.00539714 0.0995143
819 -0.234958 -0.108627 -0.0549721
820 -0.256999 -0.0796531 -0.0596
821 -0.279085 0.047359 0.0999285
822 -0.273078 -0.0124792 -0.100983
823 -0.174684 0.0905808 -0.050682
824 -0.225219 -0.0390244 -0.100879
825 -0.199342 -0.0393913 -0.100796
826 -0.205791 0.0913181 -0.10078
827 -0.255764 -0.0487457 -0.0481959
828 -0.222268 -0.000813105 -0.00867802
829 -0.178392 -0.1096 0.0743263
830 -0.20939 -0.109123 0.0994628
831 -0.203127 -0.0826946 0.0994593
832 -0.266322 -0.108158 -0.0136677
833 -0.177438 -0.0595919 0.0993537
834 -0.245607 -0.0731537 -0.100972
835 -0.256255 -0.108297 -0.0762074
836 -0.284711 -0.107965 0.0802072
837 -0.176002 0.031308 -0.0776661
838 -0.267577 0.0926595 0.09991
839 -0.26789 0.0927792 -0.100949
840 -0.208243 0.0554859 0.0995542
841 -0.260146 0.023218 -0.10093
842 -0.174574 0.0904925 0.0493953
843 -0.175104 0.0643341 0.0701749
844 -0.190296 0.0908296 0.0774526
845 -0.17547 0.0404488 0.0994046
846 -0.198522 0.0273084 0.0995004
847 -0.174303 0.0904626 0.0994162
848 -0.174944 0.0654553 0.0994232
849 -0.256513 -0.0408035 -0.100979
850 -0.176555 0.00738343 -0.0344417
851 -0.177928 -0.0805992 0.0705682
852 -0.17851 -0.109556 0.0242988
853 -0.178604 -0.109551 -0.0257455
854 -0.284986 0.0354283 -0.101029
855 -0.240756 -0.108506 -0.101002
856 -0.225273 0.0267815 -0.100832
857 -0.174441 0.0904512 0.0744146
858 -0.17784 -0.0846027 0.0993585
859 -0.176031 0.0154349 0.0994176
860 -0.178244 -0.109618 0.0993546
861 -0.199428 0.00360754 0.00246665
862 -0.193822 -0.00729784 0.00838822
863 -0.188806 -0.0270194 0.00461241
864 -0.189961 -0.0393962 0.00517993
865 -0.191764 0.00996453 -0.0153156
866 -0.199857 0.0187926 0.01126
867 -0.242812 0.0739947 0.0352039
868 -0.234211 0.0721428 0.0450564
869 -0.233297 0.0918428 0.0519561
870 -0.221398 -0.0936572 0.0862963
871 -0.254978 0.0423307 0.0252952
872 -0.264617 0.0428199 0.0144727
873 -0.261069 0.051861 -0.00283325
874 -0.267733 0.0620609 0.00454979
875 -0.246745 0.0429279 -0.00792153
876 -0.1772 -0.0344457 -0.100742
877 -0.188278 -0.0342062 -0.0859454
878 -0.274254 -0.083696 -0.069593
879 -0.185815 0.0658376 0.0557472
880 -0.174842 0.0774121 0.0597897
881 -0.182392 0.0906589 0.0633552
882 -0.200859 0.0617345 0.0528701
883 -0.197895 0.0454167 0.0874306
884 -0.185358 0.0509128 0.0884981
885 -0.281737 0.0775215 -0.0795249
886 -0.293268 0.0792841 -0.0634582
887 -0.288511 0.0932333 -0.0461987
888 -0.276534 0.0788719 -0.0364599
889 -0.193035 -0.0987643 -0.0566058
890 -0.178389 -0.0970409 -0.0599531
891 -0.221588 -0.0393675 -0.075048
892 -0.21869 -0.0546888 -0.0731896
893 -0.28521 0.0715245 -0.00951131
894 -0.255879 0.073364 -0.0872441
895 -0.264526 0.0815251 0.0864627
896 -0.268501 0.0926865 0.0867741
897 -0.275233 0.0824723 0.0798704
898 -0.290564 0.0837086 0.0823349
899 -0.299351 0.0678489 0.0853175
900 -0.3052 0.0728399 0.0883304
901 -0.308818 0.0792361 0.0849179
902 -0.290189 0.0548608 0.0847353
903 -0.226019 -0.0858972 -0.00949569
904 -0.186512 0.0150141 -0.0825461
905 -0.373536 0.0805204 0.0567058
906 -0.379943 0.0762575 0.0521478
907 -0.375479 -0.0824568 0.0774737
908 -0.378435 -0.065633 0.0805626
909 -0.411946 -0.0949387 0.0902781
910 -0.416563 -0.0782315 0.0881341
911 -0.421015 -0.0794438 0.10086
912 -0.407166 -0.106235 0.0857293
913 -0.341645 0.0156579 -0.04792
914 -0.351769 0.0317537 -0.0560022
915 -0.359613 0.0217556 -0.0705751
916 -0.348125 0.0258778 -0.0862303
917 -0.351319 0.00753991 -0.0825276
918 -0.37246 0.00843523 -0.0852695
919 -0.37519 0.0069626 -0.101331
920 -0.38865 -0.00176892 -0.0453336
921 -0.399785 -0.00361778 -0.0507016
922 -0.38826 -0.0851082 0.0369153
923 -0.385902 -0.073699 0.0349293
924 -0.32882 -0.0955472 0.0795205
925 -0.397656 -0.0609741 -0.079161
926 -0.389564 -0.0542698 -0.0737338
927 -0.333312 -0.0737389 0.0807586
928 -0.417772 0.0805139 -0.0145491
929 -0.422891 0.0833554 -0.01326
930 -0.413523 -0.0869057 -0.0419949
931 -0.424379 -0.0924154 -0.0582819
932 -0.438499 -0.0891601 -0.0688713
933 -0.450152 -0.0791709 -0.0648176
934 -0.352611 0.0811421 0.0435324
935 -0.338409 0.0823006 0.0520783
936 -0.337407 0.068419 0.0453769
937 -0.407443 0.0847389 -0.0081291
938 -0.407746 0.0844694 0.010628
939 -0.404414 0.0684605 -0.00384113
940 -0.425933 0.0857032 0.0188283
941 -0.43962 0.0860353 0.00895492
942 -0.435621 0.0680268 0.0169733
943 -0.443127 0.0668045 0.0011321
944 -0.431055 0.0548452 -0.00187224
945 -0.356328 0.0812292 0.0813931
946 -0.356087 0.0947845 0.0783148
947 -0.364385 0.0851163 0.0728939
948 -0.368405 0.067646 0.0798013
949 -0.499868 0.0984726 -0.0912008
950 -0.503184 0.0871341 -0.0905624
951 -0.494757 0.0851047 -0.0849721
952 -0.490405 0.0845882 -0.0836109
953 -0.494404 0.0735865 -0.0891032
954 -0.503648 0.0908069 -0.101756
955 -0.510366 0.0883092 -0.0886024
956 -0.530157 -0.018991 0.0569105
957 -0.546773 -0.0263629 0.0490435
958 -0.532608 -0.010762 0.0442756
959 -0.546282 0.00306376 0.042857
960 -0.545878 -0.0435686 0.0391707
961 -0.514938 -0.0174876 0.0639305
962 -0.497957 0.0312264 0.0826912
963 -0.510809 0.0478167 0.0864861
964 -0.508641 0.0180611 0.0851189
965 -0.522148 0.0825821 0.0846748
966 -0.50428 0.0156474 0.0492434
967 -0.501443 -0.00295986 0.0860849
968 -0.464404 -0.0939498 0.0874384
969 -0.466393 -0.105245 0.0893381
970 -0.496217 -0.0769825 0.088269
971 -0.509772 -0.0803325 0.101376
972 -0.491271 -0.0946312 0.08636
973 -0.48416 -0.093496 0.0880921
974 -0.541574 -0.088421 -0.0380436
975 -0.546023 -0.0888427 -0.0239118
976 -0.528362 -0.0827036 -0.0506602
977 -0.512308 0.0646714 0.0169277
978 -0.507262 0.0564769 0.0130163
979 -0.497465 0.0482362 0.000330503
980 -0.495347 0.0515992 -0.0133643
981 -0.481211 0.0519906 -0.00764507
982 -0.511947 0.0450157 -0.0131187
983 -0.524004 0.050009 -0.00400993
984 -0.523001 0.0566559 -0.00180633
985 -0.494215 0.0157725 0.0517568
986 -0.497216 -0.0562523 -0.0897216
987 -0.491508 -0.0711424 -0.0848558
988 -0.4743 0.0333911 0.0721421
989 -0.622115 -0.0729345 -0.00220996
990 -0.626163 -0.07225 -0.00491481
991 -0.583175 -0.0369819 0.0894941
992 -0.579427 -0.0274044 0.0911324
993 -0.610379 0.0823956 0.0360837
994 -0.618017 0.101249 0.0393384
995 -0.599747 0.0841286 0.0510718
996 -0.603794 -0.0302224 0.0804631
997 -0.636296 -0.0483541 0.0722533
998 -0.648712 -0.0368105 0.0893459
999 -0.636977 -0.0445556 0.102051
1000 -0.647958 -0.0287349 0.085886
1001 -0.629375 -0.0574864 0.0715803
1002 -0.650133 -0.0540791 -0.0821001
1003 -0.646235 -0.0514991 -0.0710455
1004 -0.648988 0.00385056 -0.0629564
1005 -0.653295 -0.00540331 -0.0615919
1006 -0.651721 0.0125871 -0.0482264
1007 -0.646235 0.0212917 -0.0452575
1008 -0.649948 -0.0181331 -0.0874491
1009 -0.581422 -0.0834914 0.0924052
1010 -0.572105 -0.0818273 0.0867478
1011 -0.560079 -0.0826104 0.101757
1012 -0.594667 -0.0333674 -0.049401
1013 -0.325457 3.61696e-05 0.0346507
1014 -0.572202 0.0360978 0.0375705
1015 -0.650094 0.0382806 0.0896022
1016 -0.5759 -0.0206653 0.0514516
1017 -0.634871 0.0839637 -0.0841313
1018 -0.594713 -0.000244898 0.0543521
1019 -0.231348 -0.0725156 -0.0372403
1020 -0.528407 0.0318686 0.0339889
1021 -0.431549 0.0414401 -0.0818355
1022 -0.619636 0.0539129 0.0510559
1023 -0.646235 -0.0010511 0.0787283
1024 -0.585718 0.0303219 0.0437879
1025 -0.27784 0.0597924 -0.0759025
1026 -0.288923 -0.0213382 -0.0633598
1027 -0.279784 -0.0232254 0.00357855
1028 -0.272106 -0.0543317 0.0348423
