1 0.468392 -0.401499 0.125874
2 0.311857 -0.418865 0.112834
3 0.276421 -0.500343 0.0602372
4 0.256797 -0.503935 -0.00763107
5 0.273358 -0.499319 -0.0719946
6 0.265229 -0.423972 -0.0774208
7 0.311467 -0.41941 -0.134637
8 0.399402 -0.492713 -0.16065
9 0.467983 -0.40163 -0.144615
10 0.538184 -0.481813 -0.0897206
11 0.527893 -0.393205 0.0680443
12 0.510338 -0.304183 0.0697249
13 0.388232 -0.409934 0.141265
14 0.251739 -0.343306 0.0608419
15 0.263278 -0.41934 0.0599449
16 0.247283 -0.422501 -0.00809367
17 0.254859 -0.346258 -0.0812016
18 0.30126 -0.337999 -0.137024
19 0.372769 -0.327746 -0.156362
20 0.387624 -0.409846 -0.158403
21 0.45104 -0.315743 -0.144563
22 0.529199 -0.393003 -0.0890145
23 0.551542 -0.388358 -0.0105582
24 0.532453 -0.299239 -0.0117636
25 0.452719 -0.313008 0.124176
26 0.361755 -0.240969 0.139054
27 0.373137 -0.325487 0.136666
28 0.30384 -0.333848 0.111045
29 0.233096 -0.269275 0.0580013
30 0.216752 -0.277933 -0.00811992
31 0.233591 -0.350523 -0.00885232
32 0.235297 -0.27194 -0.0772115
33 0.502958 -0.212808 -0.0921791
34 0.511194 -0.303813 -0.0927638
35 0.49855 -0.127017 0.0662469
36 0.494726 -0.209475 0.0644009
37 0.436863 -0.133722 0.121534
38 0.438175 -0.22482 0.119569
39 0.354138 -0.145516 0.136954
40 0.283678 -0.252425 0.107824
41 0.227097 -0.175722 0.0564254
42 0.210936 -0.191742 -0.0103231
43 0.279895 -0.255697 -0.13116
44 0.355763 -0.241507 -0.154489
45 0.434402 -0.22483 -0.145179
46 0.497484 -0.125314 -0.0889492
47 0.5212 -0.125107 -0.0111764
48 0.52266 -0.206298 -0.0097685
49 0.340288 -0.0491879 0.135335
50 0.272831 -0.158197 0.10218
51 0.231249 -0.179641 -0.0779894
52 0.27595 -0.156137 -0.125788
53 0.344361 -0.0454168 -0.15843
54 0.352721 -0.14679 -0.157274
55 0.434245 -0.136062 -0.143468
56 0.429511 -0.0289598 -0.141204
57 0.491543 -0.0158994 -0.0870609
58 0.513154 -0.010878 -0.0111506
59 0.469683 0.093414 0.0643299
60 0.490703 -0.0167027 0.0653213
61 0.428984 -0.0311085 0.121181
62 0.325759 0.051681 0.137544
63 0.245019 0.0307922 0.116371
64 0.259449 -0.0630315 0.112929
65 0.20151 -0.0689895 0.0581347
66 0.179988 -0.0713447 -0.0132815
67 0.200197 -0.0675155 -0.0825359
68 0.262398 -0.0594671 -0.136046
69 0.468551 0.0941121 -0.0881541
70 0.491142 0.10059 -0.012293
71 0.40821 0.0753918 0.118325
72 0.299762 0.156926 0.138843
73 0.188746 0.0168001 0.0595046
74 0.166828 0.010537 -0.0122875
75 0.147003 0.0913831 -0.0119087
76 0.186378 0.0172219 -0.0845292
77 0.244161 0.0351603 -0.137017
78 0.221093 0.128561 -0.137044
79 0.298145 0.161075 -0.159592
80 0.32465 0.0546498 -0.158724
81 0.377506 0.190244 -0.138466
82 0.406902 0.0783347 -0.14081
83 0.434641 0.213132 -0.0845241
84 0.455822 0.221537 -0.0102768
85 0.432952 0.21046 0.0641492
86 0.378247 0.186779 0.119247
87 0.2608 0.258562 0.136679
88 0.191082 0.214617 0.117563
89 0.223037 0.125698 0.117143
90 0.14148 0.17982 0.0643138
91 0.168312 0.100034 0.062189
92 0.142234 0.184269 -0.0890702
93 0.166631 0.100347 -0.0857677
94 0.189472 0.221081 -0.139994
95 0.385306 0.334144 -0.0805467
96 0.403928 0.342722 -0.00784077
97 0.316504 0.440854 0.0648952
98 0.387212 0.331781 0.0643727
99 0.334885 0.300647 0.117775
100 0.151171 0.296224 0.120378
101 0.108472 0.251974 0.0628506
102 0.121532 0.166649 -0.0132392
103 0.147716 0.308584 -0.14238
104 0.209041 0.361698 -0.156022
105 0.260304 0.263828 -0.157555
106 0.333833 0.30489 -0.134601
107 0.330995 0.458971 -0.00316035
108 0.270043 0.403806 0.118264
109 0.147441 0.434459 0.136398
110 0.209563 0.352125 0.137302
111 0.0983088 0.36369 0.120408
112 0.0720221 0.311108 0.0704863
113 0.0605287 0.284711 -0.00934902
114 0.0930736 0.236273 -0.015426
115 0.1071 0.257565 -0.0886278
116 0.269735 0.413715 -0.131115
117 0.22741 0.552341 -0.0683502
118 0.313379 0.449416 -0.0731507
119 0.238347 0.568132 0.000490972
120 0.227527 0.546834 0.0669256
121 0.193203 0.501623 0.117121
122 0.0739033 0.508017 0.130338
123 0.0322239 0.362404 0.0706339
124 0.0293976 0.369057 -0.0875274
125 0.066183 0.317259 -0.0888913
126 0.0979227 0.377142 -0.140306
127 0.143965 0.450283 -0.155236
128 0.101651 0.586103 -0.119371
129 0.193444 0.507983 -0.124961
130 0.118722 0.637794 -0.0636597
131 0.116927 0.628903 0.0606833
132 0.0959731 0.579007 0.111724
133 -0.0083742 0.611699 0.110165
134 -0.00803412 0.526184 0.133632
135 -0.011223 0.447792 0.129696
136 -0.00773359 0.385926 0.0772477
137 0.051947 0.431435 0.125387
138 -0.00943969 0.364613 -0.00710464
139 0.0265483 0.334844 -0.00454323
140 -0.00991161 0.391033 -0.0924265
141 0.0504558 0.442218 -0.143151
142 -0.00595567 0.540928 -0.151834
143 0.0732369 0.521605 -0.157516
144 5.67632e-08 0.751852 -0.0772552
145 0.100838 0.765943 0
146 5.83261e-08 0.772552 0
147 5.67632e-08 0.751852 0.0772552
148 -0.0899121 0.521249 0.134908
149 -0.0692084 0.436997 0.126499
150 -0.0540986 0.368915 0.0767741
151 -0.0556081 0.375581 -0.100317
152 -0.0109789 0.460077 -0.143393
153 -0.00319796 0.622328 -0.117867
154 -0.123089 0.647757 -0.0675162
155 -0.100838 0.765943 0
156 -0.241799 0.580585 -0.0065748
157 -0.236815 0.563771 0.0577383
158 -0.123964 0.639158 0.0618635
159 -0.112271 0.585685 0.109548
160 -0.209074 0.520173 0.1098
161 -0.0887783 0.323679 0.0763121
162 -0.0766673 0.303709 -0.00801887
163 -0.0424983 0.345931 -0.0104459
164 -0.120858 0.39258 -0.14417
165 -0.0698267 0.439943 -0.146553
166 -0.203928 0.526951 -0.120931
167 -0.0870007 0.519454 -0.149439
168 -0.104604 0.591853 -0.11876
169 -0.337063 0.458801 0.0611269
170 -0.290164 0.426548 0.113842
171 -0.225217 0.377017 0.13643
172 -0.164032 0.459001 0.134906
173 -0.163355 0.322357 0.12762
174 -0.126121 0.264664 0.0751728
175 -0.118864 0.383951 0.126304
176 -0.0894031 0.325686 -0.0945418
177 -0.230879 0.376897 -0.155059
178 -0.165698 0.464631 -0.152249
179 -0.28829 0.425714 -0.129701
180 -0.234507 0.565799 -0.0708917
181 -0.350871 0.469721 -0.00497695
182 -0.428225 0.348848 -0.00879428
183 -0.351947 0.314242 0.117734
184 -0.275677 0.274591 0.138767
185 -0.156036 0.194219 0.0712244
186 -0.106493 0.249659 -0.00949275
187 -0.121411 0.274034 -0.0900479
188 -0.163453 0.321326 -0.144937
189 -0.279243 0.273724 -0.15562
190 -0.355662 0.311717 -0.133896
191 -0.407792 0.338777 -0.0815057
192 -0.330805 0.455419 -0.0719754
193 -0.482692 0.225502 -0.00855992
194 -0.408371 0.338788 0.063821
195 -0.395666 0.195886 0.120758
196 -0.202459 0.23173 0.121135
197 -0.17665 0.109702 0.0667877
198 -0.131265 0.18192 -0.00788385
199 -0.156123 0.101771 -0.00743537
200 -0.149594 0.196126 -0.0839569
201 -0.233319 0.134766 -0.135203
202 -0.203556 0.229361 -0.138205
203 -0.314881 0.164272 -0.155158
204 -0.398491 0.194292 -0.135688
205 -0.459336 0.215423 -0.0808363
206 -0.460135 0.217418 0.0663843
207 -0.421333 0.081905 0.122996
208 -0.336222 0.0599324 0.142097
209 -0.311296 0.167503 0.139558
210 -0.232957 0.135346 0.122599
211 -0.253492 0.0378154 0.119876
212 -0.194693 0.0223833 0.0651532
213 -0.175669 0.01677 -0.00744826
214 -0.197194 0.0236544 -0.077687
215 -0.175675 0.111454 -0.0815799
216 -0.255424 0.0352805 -0.131944
217 -0.339103 0.0564926 -0.15615
218 -0.426297 0.0806868 -0.137945
219 -0.491484 0.0939583 -0.0814187
220 -0.512848 0.102937 -0.00557762
221 -0.487232 0.0988686 0.0716537
222 -0.190157 -0.0683616 -0.00237492
223 -0.209623 -0.0681365 -0.0718126
224 -0.268579 -0.0605949 -0.129935
225 -0.43889 -0.0361222 -0.134982
226 -0.507405 -0.0230508 -0.0815059
227 -0.530125 -0.0141889 -0.00313797
228 -0.508632 -0.126586 0.0757255
229 -0.50434 -0.016519 0.0736212
230 -0.442489 -0.135182 0.128787
231 -0.438804 -0.0294103 0.126862
232 -0.351063 -0.0433288 0.143451
233 -0.267877 -0.0574712 0.1178
234 -0.237343 -0.17918 0.0614867
235 -0.210712 -0.0653191 0.0638148
236 -0.223213 -0.188174 -0.0041586
237 -0.241678 -0.18328 -0.0721255
238 -0.360752 -0.14867 -0.151435
239 -0.353409 -0.0469281 -0.154985
240 -0.510333 -0.215651 0.0766273
241 -0.536042 -0.124263 -0.00289334
242 -0.357001 -0.145204 0.144604
243 -0.296296 -0.258121 0.116377
244 -0.283397 -0.164128 0.113219
245 -0.229935 -0.273573 -0.00289621
246 -0.251117 -0.271916 -0.0718741
247 -0.291635 -0.16394 -0.124641
248 -0.452282 -0.226296 -0.133284
249 -0.44834 -0.139569 -0.137685
250 -0.511372 -0.130439 -0.0820539
251 -0.535921 -0.208173 -0.00333425
252 -0.460493 -0.316573 0.129311
253 -0.442961 -0.22747 0.130517
254 -0.365114 -0.241532 0.142492
255 -0.384398 -0.331572 0.145652
256 -0.312296 -0.341843 0.118028
257 -0.261625 -0.348569 0.0678888
258 -0.251767 -0.266729 0.0658592
259 -0.314632 -0.342851 -0.127887
260 -0.297206 -0.259838 -0.126166
261 -0.368749 -0.247034 -0.149126
262 -0.511664 -0.215501 -0.0822324
263 -0.544351 -0.300461 -5.64314e-05
264 -0.519509 -0.304032 0.0786237
265 -0.245512 -0.349722 0.0012311
266 -0.258911 -0.428342 -0.00719601
267 -0.261978 -0.347871 -0.0735546
268 -0.389141 -0.330097 -0.155291
269 -0.401084 -0.411314 -0.154182
270 -0.464344 -0.316256 -0.136284
271 -0.534754 -0.397399 -0.0781727
272 -0.52375 -0.304794 -0.0793975
273 -0.557749 -0.394314 0.000467422
274 -0.549557 -0.488878 0.0758463
275 -0.538916 -0.400801 0.0774318
276 -0.489109 -0.492036 0.131573
277 -0.476744 -0.406092 0.128724
278 -0.406826 -0.499253 0.146026
279 -0.400454 -0.415617 0.144176
280 -0.326895 -0.419515 0.120469
281 -0.274479 -0.424467 0.0633633
282 -0.277035 -0.423347 -0.072472
283 -0.410616 -0.495264 -0.151771
284 -0.326399 -0.421297 -0.13098
285 -0.49135 -0.492552 -0.137579
286 -0.477943 -0.404908 -0.135683
287 -0.572106 -0.487234 -0.0016808
288 -0.327516 -0.499848 0.117845
289 -0.280302 -0.502297 0.0663654
290 -0.267721 -0.502173 -0.00339025
291 -0.287425 -0.577161 -0.0721053
292 -0.282149 -0.501918 -0.0765814
293 -0.333673 -0.499643 -0.128146
294 -0.342794 -0.57723 -0.130305
295 -0.550671 -0.489696 -0.0796527
296 -0.558404 -0.580841 -0.0842605
297 -0.565033 -0.675254 0.0742141
298 -0.558092 -0.581879 0.0746041
299 -0.502384 -0.67111 0.128052
300 -0.498537 -0.579983 0.129939
301 -0.42327 -0.667023 0.147307
302 -0.417169 -0.58122 0.142784
303 -0.343641 -0.581044 0.120192
304 -0.343643 -0.660944 0.122239
305 -0.28974 -0.583951 0.0611107
306 -0.26799 -0.580441 -0.00517678
307 -0.269286 -0.655389 -0.00574215
308 -0.344053 -0.656534 -0.127741
309 -0.418975 -0.578072 -0.154233
310 -0.500353 -0.669483 -0.136382
311 -0.498169 -0.58005 -0.140244
312 -0.586644 -0.677669 -0.00377588
313 -0.58059 -0.582033 -0.00410174
314 -0.421833 -0.755631 0.145358
315 -0.291135 -0.735802 0.0667869
316 -0.290468 -0.6584 0.0654172
317 -0.268982 -0.728378 -0.00476715
318 -0.290373 -0.731591 -0.0770575
319 -0.290194 -0.655467 -0.0751812
320 -0.345051 -0.751298 -0.132478
321 -0.42245 -0.662598 -0.156538
322 -0.504155 -0.761687 -0.138651
323 -0.564281 -0.673183 -0.08192
324 -0.588585 -0.769549 -0.00566886
325 -0.582245 -0.878193 -0.00472129
326 -0.567924 -0.768534 0.073028
327 -0.504142 -0.761723 0.128971
328 -0.339951 -0.74707 0.120298
329 -0.261817 -0.819793 -0.00444082
330 -0.341397 -0.831334 -0.133462
331 -0.41991 -0.846792 -0.156962
332 -0.423476 -0.75612 -0.157394
333 -0.561221 -0.874662 -0.0821562
334 -0.566449 -0.767471 -0.083806
335 -0.540916 -0.979453 0.0726246
336 -0.560129 -0.873992 0.0725709
337 -0.499811 -0.862152 0.128616
338 -0.418755 -0.846483 0.148137
339 -0.405111 -0.937133 0.148654
340 -0.339808 -0.831528 0.125707
341 -0.282671 -0.8223 0.0700411
342 -0.272777 -0.893421 -0.0806798
343 -0.28241 -0.820151 -0.0790204
344 -0.328876 -0.911676 -0.136549
345 -0.501601 -0.862644 -0.138471
346 -0.507631 -1.08417 0.0720668
347 -0.483487 -0.961835 0.128806
348 -0.327873 -0.911934 0.128181
349 -0.25282 -0.963157 0.0726964
350 -0.271761 -0.894928 0.0713975
351 -0.233106 -0.952905 -0.00481226
352 -0.251037 -0.888189 -0.0048708
353 -0.253981 -0.96282 -0.0819697
354 -0.405759 -0.93759 -0.156935
355 -0.380771 -1.02469 -0.158353
356 -0.45401 -1.05905 -0.136297
357 -0.484301 -0.961775 -0.137464
358 -0.54195 -0.980104 -0.0820949
359 -0.508685 -1.08357 -0.080383
360 -0.528248 -1.09319 -0.00419889
361 -0.561692 -0.986882 -0.00460367
362 -0.475713 -1.19359 -0.00275367
363 -0.457643 -1.18237 0.0726642
364 -0.454145 -1.05875 0.128077
365 -0.380757 -1.02418 0.149855
366 -0.306939 -0.989203 0.129416
367 -0.276002 -1.06025 0.129465
368 -0.226472 -1.02439 0.0759456
369 -0.206838 -1.01166 -0.00577829
370 -0.307474 -0.989073 -0.138059
371 -0.456796 -1.18244 -0.0788277
372 -0.409068 -1.15011 0.128311
373 -0.342486 -1.10536 0.149021
374 -0.290551 -1.17791 0.149156
375 -0.235095 -1.1232 0.132294
376 -0.192348 -1.07776 0.0746424
377 -0.190722 -1.0816 -0.0836959
378 -0.226973 -1.02648 -0.0848034
379 -0.276728 -1.06087 -0.140088
380 -0.343864 -1.10669 -0.158533
381 -0.351044 -1.23345 -0.134572
382 -0.409681 -1.15137 -0.135056
383 -0.392386 -1.27373 -0.0782731
384 -0.407063 -1.28411 -0.0017308
385 -0.390796 -1.27046 0.0731136
386 -0.35041 -1.23251 0.128233
387 -0.13623 -1.10934 -0.00464587
388 -0.174531 -1.06281 -0.00588667
389 -0.234103 -1.12387 -0.140361
390 -0.232745 -1.24211 -0.157136
391 -0.292366 -1.17907 -0.157569
392 -0.276404 -1.30252 -0.134473
393 -0.320936 -1.35933 0.000161885
394 -0.214285 -1.40276 0.0713525
395 -0.307827 -1.3453 0.0753328
396 -0.276893 -1.30039 0.129866
397 -0.229164 -1.24015 0.151659
398 -0.15754 -1.28499 0.152773
399 -0.184785 -1.17167 0.13424
400 -0.126789 -1.214 0.134102
401 -0.103124 -1.15694 0.07576
402 -0.151177 -1.12455 0.0761788
403 -0.147487 -1.12504 -0.0842241
404 -0.102239 -1.15881 -0.0860922
405 -0.125441 -1.2169 -0.143057
406 -0.18348 -1.17643 -0.140412
407 -0.159823 -1.28515 -0.156279
408 -0.192483 -1.35359 -0.134077
409 -0.217835 -1.40195 -0.0768273
410 -0.225279 -1.42039 -0.00249865
411 -0.31009 -1.34712 -0.07822
412 -0.108666 -1.43638 0.0740653
413 -0.193511 -1.35379 0.128811
414 -0.0651402 -1.23467 0.13784
415 -0.091365 -1.13762 -0.00543518
416 -0.0524796 -1.18075 -0.0862995
417 -0.082146 -1.31896 -0.158369
418 -0.111082 -1.43881 -0.0754395
419 -0.114355 -1.45665 -0.00118597
420 0.000829067 -1.40065 0.127875
421 -0.0980078 -1.38543 0.129297
422 -0.0819019 -1.31818 0.153777
423 -0.000171988 -1.32607 0.152311
424 -0.0528876 -1.17816 0.0839325
425 -0.0485005 -1.1631 -0.00142052
426 -0.0634393 -1.24228 -0.142293
427 -0.0994263 -1.38967 -0.132237
428 0.115525 -1.45684 -0.00153258
429 -0.000925242 -1.47143 -0.00316217
430 -0.000151481 -1.45333 0.070978
431 0.0818258 -1.31903 0.153371
432 0.051517 -1.17848 0.0806827
433 -0.00180784 -1.24902 0.139735
434 -0.00159089 -1.18548 0.0831158
435 0.0454856 -1.15772 -0.00091284
436 -0.000708718 -1.16339 -0.00234651
437 0.0527495 -1.17851 -0.0857695
438 -0.000472653 -1.18533 -0.0868601
439 -1.30338e-05 -1.24873 -0.143197
440 0.0973066 -1.39089 -0.132024
441 -0.000789245 -1.32879 -0.157692
442 -0.000426477 -1.40258 -0.132313
443 -0.000310814 -1.45296 -0.0746148
444 0.215102 -1.40277 0.0712335
445 0.107004 -1.43655 0.0718141
446 0.0981152 -1.38918 0.130058
447 0.159695 -1.28556 0.149914
448 0.0653815 -1.24435 0.136682
449 0.0937544 -1.14061 -0.00193476
450 0.0622159 -1.24002 -0.143981
451 0.0790904 -1.3183 -0.158558
452 0.110224 -1.44115 -0.0751622
453 0.224438 -1.42063 -0.00364427
454 0.192487 -1.35465 0.127072
455 0.275181 -1.30059 0.12855
456 0.127195 -1.21256 0.13384
457 0.185519 -1.17517 0.136492
458 0.101297 -1.15968 0.0799669
459 0.148365 -1.12486 -0.0835796
460 0.0996577 -1.15954 -0.0873074
461 0.124104 -1.21577 -0.142503
462 0.228931 -1.2406 -0.157864
463 0.155724 -1.28844 -0.157859
464 0.190632 -1.3554 -0.133033
465 0.214177 -1.40269 -0.0779556
466 0.308476 -1.34402 -0.0783249
467 0.320395 -1.36368 -0.00441334
468 0.308903 -1.34498 0.0710108
469 0.349066 -1.23193 0.125731
470 0.290156 -1.17706 0.147182
471 0.230049 -1.24026 0.150691
472 0.233125 -1.12048 0.129731
473 0.175149 -1.06278 -0.00594842
474 0.1489 -1.12715 0.0743614
475 0.136727 -1.10495 -0.00501603
476 0.190023 -1.07867 -0.0861464
477 0.182285 -1.17716 -0.143311
478 0.231243 -1.12318 -0.141729
479 0.273964 -1.30111 -0.135277
480 0.404376 -1.28419 -0.00635161
481 0.389738 -1.27149 0.0682531
482 0.341408 -1.10525 0.148189
483 0.188016 -1.0786 0.0758553
484 0.204853 -1.01083 -0.00330966
485 0.272949 -1.06187 -0.140292
486 0.291048 -1.1805 -0.159224
487 0.33972 -1.10761 -0.160309
488 0.347382 -1.23382 -0.137046
489 0.457612 -1.18188 -0.0816592
490 0.389183 -1.26964 -0.0802721
491 0.457965 -1.18137 0.0709069
492 0.451755 -1.05608 0.125071
493 0.408451 -1.1501 0.126323
494 0.304378 -0.988447 0.127775
495 0.27386 -1.05826 0.130617
496 0.250209 -0.962931 0.0719191
497 0.223353 -1.02501 0.073712
498 0.230568 -0.954021 -0.00633228
499 0.22253 -1.02351 -0.0844792
500 0.303808 -0.990898 -0.141147
501 0.377523 -1.02535 -0.160075
502 0.450797 -1.05892 -0.138527
503 0.407794 -1.15094 -0.138388
504 0.525094 -1.09123 -0.00602251
505 0.475034 -1.19266 -0.00496867
506 0.505911 -1.08198 0.0700762
507 0.481957 -0.958793 0.124918
508 0.378751 -1.02308 0.146957
509 0.402979 -0.93636 0.145836
510 0.325397 -0.911289 0.125402
511 0.248317 -0.887922 -0.00853652
512 0.248921 -0.964447 -0.0854739
513 0.50506 -1.08291 -0.0823727
514 0.560249 -0.984222 -0.00787436
515 0.579711 -0.873642 -0.00848767
516 0.539425 -0.977453 0.0691764
517 0.33818 -0.831624 0.122846
518 0.279375 -0.822948 0.0677208
519 0.268623 -0.894318 0.0682131
520 0.258703 -0.819538 -0.00908567
521 0.268465 -0.896547 -0.0845479
522 0.278043 -0.823071 -0.0832164
523 0.335473 -0.832525 -0.138144
524 0.415488 -0.847855 -0.161629
525 0.324897 -0.913828 -0.140243
526 0.402622 -0.938059 -0.161001
527 0.497183 -0.860841 -0.142224
528 0.48124 -0.962341 -0.141605
529 0.537415 -0.978099 -0.0838344
530 0.502411 -0.758207 0.123611
531 0.557922 -0.870209 0.0689425
532 0.49899 -0.85902 0.124959
533 0.416573 -0.845271 0.1438
534 0.283952 -0.736576 0.0648057
535 0.266942 -0.7354 -0.0110959
536 0.339812 -0.742178 -0.137773
537 0.500355 -0.761751 -0.14339
538 0.557516 -0.870856 -0.0856822
539 0.587011 -0.766332 -0.00885228
540 0.563765 -0.765103 0.0687168
541 0.559167 -0.670656 0.0698186
542 0.497801 -0.668701 0.125065
543 0.41918 -0.753991 0.142508
544 0.339385 -0.659924 0.117802
545 0.338993 -0.747389 0.12006
546 0.285964 -0.66059 0.0602499
547 0.26681 -0.658121 -0.0114009
548 0.284996 -0.656831 -0.0801603
549 0.286897 -0.733343 -0.0837215
550 0.417646 -0.755857 -0.161067
551 0.496297 -0.669284 -0.143
552 0.562524 -0.765307 -0.0870549
553 0.575385 -0.576774 -0.00966439
554 0.418015 -0.663609 0.141827
555 0.409059 -0.577571 0.141585
556 0.279429 -0.583539 0.058561
557 0.264341 -0.581131 -0.00906308
558 0.279986 -0.57849 -0.0770109
559 0.339388 -0.658458 -0.133392
560 0.416809 -0.665065 -0.159856
561 0.556653 -0.671271 -0.0893097
562 0.550506 -0.576823 -0.0861048
563 0.57987 -0.671562 -0.00964886
564 0.537406 -0.482699 0.0691249
565 0.550345 -0.576624 0.0675889
566 0.478528 -0.48708 0.125134
567 0.489285 -0.576455 0.124772
568 0.400141 -0.492048 0.137346
569 0.330047 -0.579285 0.113406
570 0.326622 -0.497533 0.11369
571 0.32527 -0.496276 -0.133363
572 0.330554 -0.5751 -0.132154
573 0.409348 -0.577248 -0.159245
574 0.477787 -0.489082 -0.143099
575 0.491557 -0.578933 -0.143488
576 0.560683 -0.482474 -0.010037
577 -0.260068 0.310451 -0.00968525
578 0.38587 -1.08504 -0.0182176
579 -0.368976 0.0092581 0.0140843
580 0.395948 0.0138746 -0.00960516
581 -0.435333 -0.906612 -0.0066342
582 -0.433178 -0.364878 -0.0223272
583 0.372366 0.131775 -0.0443403
584 -0.453521 -0.713349 -0.0148803
585 -0.413202 -0.805075 0.0668234
586 -0.459928 -0.460646 -0.0505636
587 0.309262 -1.2257 0.0163715
588 0.385816 -0.195265 0.0111487
589 0.196865 0.425378 0.0158411
590 -0.129467 0.510103 -0.0167081
591 0.389425 -0.091757 -0.0726556
592 0.210664 -1.28374 0.0602827
593 0.29434 -0.214833 -0.0604951
594 -0.0360558 0.491265 -0.0619712
595 0.427541 -0.362356 -0.0147325
596 0.433389 -0.277987 -0.0437345
597 0.454569 -0.813955 0.000336374
598 -0.403744 -0.69037 0.0781277
599 0.149213 -1.20767 -0.00732638
600 -0.372057 -0.973253 0.0636159
601 0.321931 0.110638 0.0615487
602 -0.336823 -0.432356 -0.0571811
603 -0.428573 -0.569109 0.0467099
604 -0.367132 -0.187206 0.00773879
605 -0.469439 -1.01046 0.0130589
606 0.44191 -0.539856 -0.0186933
607 -0.455118 -0.456013 0.0532456
608 -0.462814 -0.822833 -0.0512058
609 0.444211 -0.896161 -0.067179
610 0.110891 0.33089 0.00705606
611 -0.0473699 0.494985 0.0436786
612 -0.351956 -1.16874 0.00707725
613 -0.300597 -0.228845 0.0560444
614 0.053375 0.469694 0.0403759
615 0.383246 -0.668867 -0.00554467
616 0.459433 -0.439522 -0.0672928
617 -0.309757 0.165213 0.0150797
618 0.424705 -0.443039 0.0505308
619 0.300514 0.0233148 -0.0959143
620 -0.450751 -0.258926 -0.0178714
621 0.217907 0.175533 0.0501936
622 -0.317621 -0.310165 0.00471971
623 0.333913 -0.928832 0.00757498
624 0.353459 -0.450004 -0.0628475
625 0.555922 -0.435646 -0.0104003
626 -0.368646 -0.991473 -0.0623175
627 -0.0607259 0.597325 -0.0607644
628 -0.338115 -0.705815 0.0289464
629 -0.19512 0.297348 0.0542674
630 -0.350765 -0.879245 0.0520143
631 0.497168 -0.71358 -0.0337507
632 0.168097 0.406356 -0.0831732
633 0.30522 -0.299 0.0100917
634 0.385765 -0.305977 0.0728682
635 -0.208062 -1.28402 0.0227906
636 -0.356236 -0.305102 -0.0864243
637 0.235382 0.0535193 0.00749109
638 0.238103 0.168724 -0.0542297
639 0.19369 0.292675 -0.0690257
640 -0.311493 -1.26297 0.0176206
641 0.265087 -0.0797461 -0.0283531
642 -0.335482 -0.812537 -0.0223016
643 0.443423 -0.610381 -0.0886161
644 0.457481 -1.00426 -0.0374736
645 0.206215 -1.14166 0.0255664
646 0.296699 -0.0124342 0.0650481
647 0.287346 0.338688 -0.0487239
648 0.394299 -0.864032 0.0756414
649 -0.376615 0.266057 -0.0174216
650 0.201726 -1.29403 -0.0712214
651 -0.0365786 -1.34876 -0.0210852
652 -0.388588 -0.281087 0.0802454
653 0.0767583 -1.30725 -0.0548653
654 -0.3585 0.145698 -0.0868785
655 -0.102141 0.401173 -0.0498791
656 0.211348 -1.17851 -0.0844121
657 -0.375278 -0.886168 -0.0729643
658 0.394204 -0.707211 -0.0867424
659 -0.410038 -1.08342 0.0445558
660 -0.418535 -0.617249 -0.0782279
661 -0.13571 -1.37302 -0.0283801
662 -0.147977 0.449289 -0.0833903
663 -0.410975 -1.10523 -0.0671309
664 0.329074 0.231118 0.037965
665 -0.511541 -0.651338 -0.00527816
666 0.216419 0.309882 0.0582968
667 0.325237 -0.384836 0.0419447
668 -0.294898 -1.12605 -0.0888701
669 0.432727 -0.732429 0.0742057
670 0.0484617 -1.4058 -0.0384085
671 0.140876 -1.35473 0.0252531
672 0.32112 -1.19948 -0.0880816
673 -0.255104 0.194749 -0.0748173
674 0.394444 -0.0866452 0.0446542
675 -0.347511 -0.460094 0.03272
676 -0.301681 -0.216757 -0.0560631
677 0.137566 0.538785 0.00518593
678 -0.31497 -1.04008 0.0581645
679 0.0187449 0.596258 0.0269855
680 0.0322144 -1.32463 0.0639997
681 -0.224557 0.310948 -0.106284
682 0.357315 -0.789621 -0.067975
683 0.090242 0.415196 -0.0616173
684 -0.247998 -1.07586 0.0179093
685 0.312044 -0.48055 0.0194122
686 -0.355199 -0.702215 -0.0612957
687 0.494642 -0.631406 0.0143592
688 0.275417 -0.584435 0.0227931
689 -0.255841 -1.24537 -0.088264
690 -0.307944 -0.932523 -0.00139155
691 0.296304 -1.09467 0.0818652
692 0.357229 -0.984734 -0.0981574
693 0.0805218 -1.24562 0.0536055
694 -0.108559 0.409313 0.048521
695 0.0578996 0.544374 -0.077852
696 -0.465942 -0.955904 -0.0796621
697 0.336692 0.243547 -0.0716229
698 -0.368336 -0.533917 -0.0618053
699 -0.24234 0.461042 -0.0320221
700 0.338896 -0.789063 0.0247454
701 0.0232854 -1.23724 -0.0324579
702 0.489293 -0.940707 0.0179758
703 0.357689 -0.617492 -0.0712785
704 0.516 -0.069066 -0.010736
705 0.332097 -0.545494 -0.0511485
706 -0.16649 0.3912 0.0220776
707 -0.210499 0.183737 0.0227826
708 0.259595 -1.06556 -0.0365744
709 0.308815 -0.380914 -0.0460708
710 -0.175387 0.243199 -0.053241
711 0.161563 0.248256 -0.00707717
712 -0.28274 0.336488 0.0823354
713 0.29023 -0.208554 0.0407782
714 0.407583 -1.00454 0.080399
715 -0.567764 -0.440339 -0.00206762
716 -0.426895 0.131531 0.0333069
717 -0.269898 -1.16795 0.0841454
718 -0.310972 -0.0932366 -0.0727736
719 -0.322443 -0.541694 0.0133823
720 -0.400106 -0.372871 0.0773275
721 0.316455 -0.297295 -0.0692812
722 -0.336033 -0.620809 -0.0230412
723 -0.110706 -1.28339 -0.0929746
724 -0.308264 -1.03444 -0.0425885
725 0.476433 -0.801644 -0.0827739
726 0.254958 -1.20167 0.0960778
727 -0.361881 -0.630008 0.0638324
728 -0.0928435 -1.32752 0.0846017
729 -0.105973 -1.22017 0.012058
730 0.387133 -0.62249 0.0725985
731 -0.07866 0.318838 -0.051417
732 -0.485446 -0.541375 -0.0474966
733 -0.328357 0.369473 0.0121282
734 -0.212667 -1.15795 -0.0215374
735 -0.152726 -1.20544 -0.0772005
736 -0.123721 0.327791 -0.00618821
737 -0.2428 -0.958931 0.0336662
738 0.373828 -0.367904 -0.0953388
739 -0.374911 0.397364 0.0621857
740 -0.380387 0.326396 0.0908244
741 -0.373971 0.253486 0.119144
742 -0.383855 -0.181393 0.0909609
743 0.383353 -0.224197 -0.100757
744 -0.315504 -0.379883 0.021691
745 -0.312194 0.254513 -0.110219
746 -0.465342 -0.907964 0.0609872
747 -0.27527 0.0529364 -0.0822435
748 -0.314989 0.443613 0.0862343
749 -0.288648 0.514124 0.0597797
750 -0.320659 0.369962 0.114924
751 0.34298 -0.579074 0.0162298
752 -0.209816 0.48637 0.050227
753 -0.18365 0.0197165 0.0282419
754 -0.255038 0.404208 0.0626364
755 -0.228134 0.0738822 -0.00171512
756 -0.0425859 0.42741 -0.00495976
757 0.0171569 0.434986 -0.0328914
758 -0.253293 0.476813 0.109406
759 -0.468954 -0.173459 0.0157767
760 -0.103886 0.301389 -0.091889
761 -0.107276 0.359344 -0.120509
762 -0.110259 0.262665 -0.0516146
763 -0.116716 0.366951 -0.0777656
764 0.279818 -0.116611 0.0543493
765 -0.317488 0.407897 0.0556967
766 0.00201272 -1.17478 -0.0456229
767 -0.35949 0.334338 0.0605115
768 0.306731 -0.61817 -0.0139327
769 -0.188071 0.491151 0.123451
770 -0.161383 0.556404 0.109777
771 -0.196209 0.424379 0.13589
772 -0.135103 0.509162 0.0753859
773 -0.337811 0.281087 0.0660199
774 -0.142107 0.361285 -0.146786
775 -0.14214 0.298045 -0.119853
776 -0.144124 0.431622 -0.150657
777 -0.17735 0.374916 0.0814922
778 -0.197843 0.423538 -0.11583
779 -0.282424 0.227704 0.0871992
780 0.34374 -0.869762 -0.0715747
781 0.278462 -0.542952 0.0561347
782 0.300012 -0.501194 0.0857328
783 -0.301758 0.524371 -0.00443091
784 -0.126248 0.493857 -0.150189
785 -0.138308 0.31947 -0.0729761
786 0.29832 -0.56103 0.0220574
787 0.269383 -0.500963 0.0258179
788 -0.434471 0.276847 0.0647279
789 -0.151654 0.375129 -0.112274
790 0.364558 -0.540818 0.0765396
791 -0.198812 0.349614 -0.150968
792 -0.15523 0.563807 -0.119388
793 -0.426917 0.205361 0.0933924
794 -0.408864 0.137883 0.123014
795 -0.371015 0.219906 0.0782534
796 -0.177455 0.375447 -0.0536859
797 -0.09606 0.417784 -0.149856
798 -0.0776289 0.481937 -0.150381
799 -0.238675 0.571183 0.0228019
800 -0.150395 0.756085 0
801 -0.119844 0.543311 -0.0952328
802 -0.184966 0.496739 -0.137373
803 -0.247237 0.477725 -0.128326
804 0.30358 -0.542308 0.0508706
805 -0.142353 0.592785 -0.0222794
806 -0.0239309 -1.23146 0.0212687
807 -0.114005 0.429158 -0.119607
808 -0.257786 0.40076 0.124656
809 -0.251357 0.325776 0.138737
810 -0.200548 0.423969 -0.155509
811 -0.155304 0.474217 -0.117334
812 -0.231301 0.336029 0.10247
813 -0.157849 0.278335 -0.00322669
814 -0.18067 0.605468 0.05893
815 -0.345461 0.462733 0.0275319
816 -0.223034 0.542863 0.0833881
817 -0.26212 0.403415 -0.143874
818 -0.324353 0.37114 -0.133611
819 -0.185735 0.553671 0.0408451
820 -0.303399 -0.0961615 0.0769873
821 -0.267793 -0.131888 -0.0020504
822 -0.242294 0.51973 0.0374701
823 -0.0257024 -1.18236 -0.087518
824 -0.0595808 -1.21146 -0.114452
825 -0.237734 -0.0164048 -0.00709943
826 -0.184043 0.525187 -0.0756797
827 -0.203693 -0.0192471 0.0641467
828 -0.117008 0.612402 0.0856372
829 -0.0637217 0.660956 0.0606245
830 -0.0752928 0.610322 0.0372442
831 -0.114575 0.620771 -0.093521
832 -0.180202 0.613259 -0.0699044
833 -0.200355 -0.0648609 0.0310318
834 -0.244672 -0.0465578 0.0457237
835 -0.190885 0.437444 0.0920799
836 -0.33453 0.330607 -0.0763545
837 -0.286911 0.465435 0.0347822
838 -0.394028 0.409473 -0.00817497
839 -0.345082 0.465054 -0.0389627
840 -0.284799 0.51491 -0.0690528
841 -0.335039 0.430041 0.00133673
842 -0.370762 0.397554 -0.0769035
843 -0.048018 -1.17002 -0.0459597
844 -0.14339 0.599553 -0.0577682
845 -0.510362 -0.175622 0.0800557
846 -0.0426912 -1.23447 -0.0633091
847 -0.418389 0.343833 -0.044863
848 -0.134282 0.588915 0.0432048
849 0.304429 -0.580369 0.085877
850 -0.475452 -0.13237 0.102559
851 -0.506118 -0.0742305 0.0755011
852 -0.442876 -0.182612 0.131724
853 -0.479046 -0.225153 0.108181
854 -0.451607 -0.271852 0.133822
855 -0.373719 0.368142 -0.0304484
856 -0.240647 0.575899 -0.034863
857 -0.30931 0.441503 -0.101637
858 -0.0569138 0.602308 0.109907
859 -0.31335 0.293961 0.125703
860 -0.293976 0.220315 0.139938
861 -0.115588 -1.18851 -0.115332
862 -0.075947 0.582347 0.080066
863 -0.00197222 -1.21806 -0.114917
864 -0.44517 -0.155899 0.088917
865 -0.0184617 -1.2185 -0.0744086
866 -0.448421 -0.218222 0.0744773
867 -0.439934 -0.0826459 0.128882
868 -0.401011 -0.177114 -0.0845083
869 -0.0865882 -1.21035 -0.0787457
870 -0.272165 0.375533 -0.102711
871 -0.0325166 -1.24693 -0.142693
872 -0.0727333 -1.28179 -0.150225
873 -0.354245 0.181681 0.131369
874 -0.322762 0.112662 0.140365
875 -0.197369 0.564541 -0.0386883
876 -0.399208 -0.139376 0.136948
877 -0.353098 -0.195979 0.142464
878 -0.396646 -0.0903797 0.0966302
879 -0.0503923 -1.25027 -0.106423
880 -0.450207 -0.11059 0.049018
881 -0.314767 0.40545 -0.0560348
882 -0.531632 -0.0708765 -0.00266581
883 -0.45375 -0.0909621 -0.0309896
884 -0.212556 0.542425 -0.0031645
885 -0.51805 -0.0159443 0.035842
886 -0.521056 0.0409505 -0.00387739
887 -0.470737 -0.0370115 0.0505628
888 -0.0414755 -1.32488 -0.157323
889 0.000470534 -1.28954 -0.151373
890 -0.357182 0.137882 0.0949779
891 -0.403324 -0.23608 0.13843
892 -0.378747 0.0704706 0.132127
893 -0.343009 0.00597553 0.141544
894 0.312212 -0.658526 0.0889924
895 -0.0170395 -1.2727 -0.103988
896 -0.22338 0.0310361 0.0927416
897 -0.0886456 0.480224 -0.105282
898 0.0706059 -1.28008 -0.150906
899 -0.350109 -0.096701 0.14245
900 0.281827 -0.623289 0.0570683
901 0.277199 -0.66122 0.0227225
902 0.0318525 -1.25237 -0.100785
903 -0.143894 0.423844 0.13065
904 -0.0520731 0.616608 -0.122562
905 -0.0462083 0.535591 -0.151458
906 -0.493794 0.0381554 0.0714657
907 -0.395596 -0.0368937 0.136824
908 -0.428555 0.0242429 0.125692
909 0.039514 -1.32573 -0.157056
910 -0.418885 0.342159 0.0273609
911 0.0234131 -1.3137 -0.106203
912 -0.318587 0.293781 -0.144896
913 -0.378331 0.250627 -0.134462
914 -0.256324 0.325915 -0.155494
915 -0.00112791 -1.36688 -0.145463
916 0.0486518 -1.39937 -0.132826
917 0.0885555 -1.35572 -0.145262
918 0.14474 -1.37491 -0.132205
919 0.0209736 -1.37295 -0.0981046
920 0.315454 -0.631297 0.0355476
921 -0.0496721 -1.39768 -0.132133
922 -0.0267638 -1.34172 -0.115514
923 0.331584 -0.686821 0.0544812
924 -0.0903148 -1.35494 -0.144739
925 -0.12156 -1.30458 -0.157132
926 -0.296475 0.217437 -0.155533
927 -0.240354 0.251626 -0.147492
928 -0.254106 0.00503665 0.0674046
929 -0.0816624 -1.37107 -0.0938189
930 0.0681904 -1.36675 -0.10685
931 0.315098 -0.59683 0.0612273
932 0.163217 -1.42235 -0.0766997
933 0.10322 -1.41608 -0.102626
934 -0.2653 0.0948643 0.0750397
935 0.126952 -1.37644 -0.0796484
936 -0.0560061 -1.45027 -0.0762689
937 0.000258234 -1.42764 -0.102206
938 0.0552339 -1.44934 -0.0737903
939 -0.0176693 -1.39331 -0.0918351
940 -0.358314 0.177272 -0.145333
941 -0.412842 0.136722 -0.136717
942 0.115414 -1.31438 -0.11915
943 0.316783 -0.692148 -0.0153296
944 0.140181 -1.25373 -0.150188
945 0.07554 -1.30634 -0.119744
946 0.0933185 -1.22922 -0.143097
947 0.112742 -1.18826 -0.114632
948 0.0563641 -1.21136 -0.114964
949 0.123689 -1.25356 -0.109883
950 0.0812893 -1.21721 -0.0645439
951 0.117232 -1.30526 -0.158633
952 -0.0541526 -1.30474 -0.111807
953 0.0713811 -1.26139 -0.103131
