1 0.529294 -0.22882 0.136532
2 0.372958 -0.243627 0.127438
3 0.334554 -0.329095 0.0731185
4 0.31413 -0.325452 0.00182242
5 0.333475 -0.327548 -0.0699669
6 0.324098 -0.248383 -0.0704267
7 0.374509 -0.242547 -0.124956
8 0.46027 -0.319128 -0.151119
9 0.528945 -0.226099 -0.133849
10 0.595933 -0.308922 -0.0791302
11 0.590014 -0.22203 0.0819674
12 0.573065 -0.134122 0.0818206
13 0.449218 -0.239354 0.152434
14 0.316393 -0.170672 0.0712752
15 0.322503 -0.251719 0.0733541
16 0.305409 -0.252897 0.00151139
17 0.310992 -0.176014 -0.0704717
18 0.362696 -0.165047 -0.125378
19 0.437728 -0.154695 -0.148023
20 0.449139 -0.236434 -0.150045
21 0.515086 -0.141662 -0.131462
22 0.590604 -0.21971 -0.0770989
23 0.613001 -0.218799 0.00259265
24 0.594956 -0.129344 0.00294473
25 0.514599 -0.14357 0.136005
26 0.424736 -0.0713142 0.153655
27 0.438192 -0.155631 0.153529
28 0.361594 -0.165332 0.1275
29 0.295467 -0.0918641 0.0716921
30 0.277975 -0.0991161 0.000875981
31 0.298119 -0.174311 0.00283
32 0.29947 -0.0994741 -0.0688417
33 0.563432 -0.042081 -0.0759424
34 0.574055 -0.131838 -0.0763138
35 0.543612 0.0499386 0.0807122
36 0.564034 -0.0426895 0.0827674
37 0.483851 0.0310753 0.134792
38 0.503753 -0.0546356 0.138216
39 0.405911 0.0122258 0.152907
40 0.34898 -0.0863077 0.126034
41 0.277329 -0.0178833 0.0742385
42 0.260253 -0.0222044 0.00148591
43 0.349532 -0.0873077 -0.124463
44 0.424836 -0.0718739 -0.1474
45 0.501915 -0.0549196 -0.133401
46 0.545601 0.0483739 -0.0763514
47 0.56647 0.055512 0.00240779
48 0.585643 -0.0374471 0.00420521
49 0.38403 0.0995828 0.152331
50 0.329797 -0.00445511 0.129097
51 0.283201 -0.0185104 -0.068451
52 0.331563 -0.00784809 -0.124456
53 0.385923 0.0986186 -0.146961
54 0.406183 0.0125126 -0.149759
55 0.485582 0.0331582 -0.13214
56 0.463361 0.127118 -0.130127
57 0.522376 0.144502 -0.0757291
58 0.544171 0.154784 0.00248989
59 0.491536 0.246073 0.0793243
60 0.52298 0.146843 0.0812795
61 0.463502 0.1252 0.134832
62 0.35755 0.188634 0.152567
63 0.285207 0.157122 0.129828
64 0.309842 0.0750161 0.129424
65 0.258249 0.0574209 0.0725242
66 0.240406 0.0512827 0.00156228
67 0.25777 0.0589985 -0.0694111
68 0.311383 0.0733204 -0.12505
69 0.490909 0.247982 -0.0749922
70 0.511861 0.254611 0.00225853
71 0.434231 0.222791 0.134653
72 0.321122 0.277712 0.15248
73 0.232151 0.133439 0.0747638
74 0.213849 0.125927 0.00218999
75 0.185398 0.195659 0.00159394
76 0.232004 0.134371 -0.0719349
77 0.285752 0.156497 -0.127486
78 0.254297 0.236161 -0.12863
79 0.323367 0.277463 -0.148734
80 0.358606 0.18733 -0.148483
81 0.395117 0.316747 -0.128642
82 0.433591 0.222483 -0.130146
83 0.44682 0.34625 -0.0726895
84 0.465893 0.356855 0.00297732
85 0.445068 0.346033 0.0778765
86 0.392843 0.31599 0.132437
87 0.275128 0.362247 0.151902
88 0.213013 0.310975 0.13325
89 0.25254 0.236554 0.131431
90 0.168318 0.272788 0.0792578
91 0.20304 0.205999 0.0763455
92 0.170618 0.27388 -0.0769264
93 0.20358 0.206623 -0.0740435
94 0.215801 0.311762 -0.131396
95 0.389622 0.446654 -0.0723528
96 0.403082 0.459751 0.00231773
97 0.312948 0.538976 0.0750716
98 0.386562 0.446359 0.0766609
99 0.339583 0.411432 0.131524
100 0.165791 0.380131 0.132217
101 0.128476 0.33501 0.0769589
102 0.154059 0.25883 0.00121384
103 0.167981 0.381645 -0.132696
104 0.221907 0.440491 -0.151274
105 0.277738 0.362151 -0.14946
106 0.34211 0.411522 -0.128182
107 0.327433 0.554921 0.00138219
108 0.271658 0.498645 0.130797
109 0.152177 0.506005 0.15058
110 0.21956 0.440808 0.151364
111 0.111326 0.437544 0.134656
112 0.0819354 0.382611 0.0786658
113 0.0768061 0.357345 -0.00205288
114 0.116888 0.317433 0.000157064
115 0.131168 0.335291 -0.076654
116 0.275373 0.497948 -0.1292
117 0.215862 0.615993 -0.0668515
118 0.316526 0.538283 -0.072584
119 0.227367 0.632036 7.10852e-05
120 0.213775 0.616385 0.0669462
121 0.189944 0.573566 0.12412
122 0.0753974 0.555277 0.149569
123 0.04188 0.414576 0.0804895
124 0.041059 0.419973 -0.0815131
125 0.0859438 0.37725 -0.0843803
126 0.115073 0.434055 -0.138601
127 0.15415 0.508856 -0.15238
128 0.0983714 0.630769 -0.12529
129 0.19386 0.574517 -0.12303
130 0.111503 0.684697 -0.0682673
131 0.111153 0.683889 0.0671985
132 0.0983976 0.629346 0.124451
133 -0.000148564 0.655674 0.11813
134 -0.0030358 0.576566 0.14995
135 -0.00566666 0.492451 0.130644
136 -0.00822204 0.425378 0.0814362
137 0.0556288 0.479344 0.137337
138 -0.00659914 0.401524 -0.00218961
139 0.0344568 0.396939 -0.00314768
140 -0.00969622 0.428198 -0.0844472
141 0.0585471 0.479855 -0.135756
142 -0.00274762 0.577015 -0.149662
143 0.0788525 0.558563 -0.151953
144 0.00104557 0.718903 -0.0686099
145 0.113506 0.716634 0.000249204
146 -4.41367e-05 0.743941 8.12327e-05
147 0.00156162 0.718455 0.068042
148 -0.0810662 0.554457 0.151596
149 -0.065878 0.473271 0.133084
150 -0.0487053 0.415227 0.0811385
151 -0.0499153 0.417058 -0.0850089
152 -0.00406574 0.496137 -0.137539
153 -0.00248167 0.655895 -0.119374
154 -0.115697 0.683871 -0.0634188
155 -0.11639 0.715158 0.00025864
156 -0.230662 0.641723 0.000975451
157 -0.225383 0.620828 0.0703893
158 -0.115246 0.683401 0.062691
159 -0.100642 0.632082 0.121559
160 -0.196686 0.572742 0.124879
161 -0.0931017 0.380105 0.0786442
162 -0.0811415 0.359086 -0.00264698
163 -0.0426434 0.389812 -0.00243652
164 -0.124182 0.440962 -0.14083
165 -0.0667797 0.474376 -0.136066
166 -0.197842 0.57439 -0.124998
167 -0.0826549 0.555304 -0.152809
168 -0.103779 0.632695 -0.123106
169 -0.317628 0.54106 0.0713606
170 -0.280973 0.501541 0.129833
171 -0.225933 0.44287 0.150437
172 -0.157648 0.506272 0.14857
173 -0.172337 0.382134 0.132198
174 -0.133947 0.336711 0.0789467
175 -0.121514 0.438607 0.138319
176 -0.0940117 0.3823 -0.0815016
177 -0.230342 0.444367 -0.151959
178 -0.159065 0.509218 -0.149048
179 -0.280937 0.501248 -0.128391
180 -0.225156 0.621333 -0.0688734
181 -0.330391 0.554352 0.000624681
182 -0.413037 0.462547 0.00103718
183 -0.348167 0.412196 0.12952
184 -0.282808 0.363652 0.150381
185 -0.174101 0.275179 0.0764547
186 -0.121662 0.313831 -8.87437e-05
187 -0.133787 0.334046 -0.0813999
188 -0.173782 0.383878 -0.13338
189 -0.286324 0.365891 -0.150811
190 -0.352086 0.414666 -0.128821
191 -0.398487 0.44977 -0.0736269
192 -0.317332 0.541143 -0.069255
193 -0.475624 0.357652 0.00152587
194 -0.396342 0.448771 0.0753454
195 -0.401841 0.317377 0.132006
196 -0.218785 0.313527 0.132996
197 -0.208284 0.207481 0.0741418
198 -0.155783 0.262415 -0.000201214
199 -0.189785 0.198016 -0.000394228
200 -0.172733 0.27792 -0.0768759
201 -0.259105 0.239275 -0.13062
202 -0.220486 0.316026 -0.131092
203 -0.330272 0.279654 -0.149957
204 -0.403285 0.31954 -0.129483
205 -0.455286 0.347863 -0.0732497
206 -0.454692 0.346907 0.0763267
207 -0.442015 0.220911 0.132794
208 -0.365502 0.188779 0.152129
209 -0.329538 0.278356 0.152617
210 -0.258259 0.238354 0.130202
211 -0.290678 0.158678 0.128136
212 -0.23762 0.136041 0.0739148
213 -0.21823 0.128528 -0.000703718
214 -0.236492 0.136666 -0.0748099
215 -0.20703 0.210049 -0.0756797
216 -0.290169 0.15784 -0.12846
217 -0.364923 0.189783 -0.149515
218 -0.443805 0.222001 -0.130452
219 -0.500194 0.244439 -0.0748236
220 -0.521036 0.253889 0.00139343
221 -0.49886 0.245454 0.0781901
222 -0.244508 0.0546684 -0.00150343
223 -0.263139 0.0570279 -0.0704774
224 -0.316217 0.0771497 -0.126614
225 -0.470486 0.127351 -0.133646
226 -0.530824 0.144399 -0.0774635
227 -0.551392 0.151748 0.000842544
228 -0.549734 0.050027 0.0798872
229 -0.528596 0.145553 0.0791446
230 -0.491448 0.0317477 0.134403
231 -0.468847 0.122536 0.133967
232 -0.392777 0.0987594 0.150805
233 -0.315459 0.0760247 0.126915
234 -0.283908 -0.017636 0.0712761
235 -0.262315 0.0582844 0.0698587
236 -0.265651 -0.0240742 -0.000406559
237 -0.28492 -0.0194893 -0.0706041
238 -0.411146 0.0133977 -0.150961
239 -0.391791 0.102675 -0.149302
240 -0.566592 -0.0444889 0.0809875
241 -0.572589 0.0535126 0.00095821
242 -0.411005 0.00876346 0.150196
243 -0.352692 -0.0893835 0.125482
244 -0.338082 -0.00545194 0.124789
245 -0.281782 -0.098263 0.000436218
246 -0.300128 -0.0993421 -0.0706112
247 -0.33753 -0.00481717 -0.124942
248 -0.50564 -0.0584083 -0.131213
249 -0.489763 0.0332274 -0.134203
250 -0.550135 0.0464023 -0.0781175
251 -0.589741 -0.0376452 0.000500725
252 -0.520278 -0.143552 0.134648
253 -0.508461 -0.0563015 0.134143
254 -0.427895 -0.0737037 0.150394
255 -0.439643 -0.155389 0.151646
256 -0.362208 -0.167057 0.124735
257 -0.314691 -0.176892 0.0707436
258 -0.298566 -0.0944396 0.0695056
259 -0.36595 -0.167876 -0.122113
260 -0.35274 -0.088111 -0.125818
261 -0.427978 -0.0723007 -0.150709
262 -0.566559 -0.0454617 -0.0804138
263 -0.602781 -0.12914 0.000941845
264 -0.579901 -0.134137 0.0781104
265 -0.298856 -0.177551 0.00101615
266 -0.306796 -0.250527 0.00128247
267 -0.319517 -0.173953 -0.0696085
268 -0.441439 -0.155114 -0.151243
269 -0.454301 -0.238154 -0.150652
270 -0.521434 -0.144739 -0.134447
271 -0.589209 -0.224242 -0.0774191
272 -0.580571 -0.133174 -0.0770807
273 -0.613177 -0.224701 4.45901e-05
274 -0.600541 -0.314766 0.0800932
275 -0.590316 -0.223136 0.0791754
276 -0.540055 -0.315232 0.135787
277 -0.531603 -0.226911 0.135329
278 -0.462865 -0.320091 0.153674
279 -0.451493 -0.236498 0.150104
280 -0.378651 -0.245409 0.128118
281 -0.326699 -0.251479 0.0732319
282 -0.326273 -0.25306 -0.0705385
283 -0.464635 -0.321176 -0.151814
284 -0.379222 -0.246659 -0.127656
285 -0.54341 -0.318965 -0.13329
286 -0.530775 -0.230731 -0.132019
287 -0.62324 -0.314791 0.00128727
288 -0.385978 -0.323453 0.127493
289 -0.335565 -0.323364 0.0740465
290 -0.316794 -0.323154 0.00114796
291 -0.338534 -0.399043 -0.0715649
292 -0.335273 -0.325662 -0.0725453
293 -0.3892 -0.321862 -0.126949
294 -0.392627 -0.400323 -0.128844
295 -0.601026 -0.316129 -0.0766096
296 -0.605276 -0.408455 -0.0775868
297 -0.605467 -0.498595 0.0810112
298 -0.604544 -0.406866 0.0818477
299 -0.546246 -0.493732 0.136903
300 -0.544501 -0.405029 0.136103
301 -0.467283 -0.486978 0.154358
302 -0.466463 -0.403423 0.153098
303 -0.390868 -0.40277 0.12924
304 -0.3903 -0.480049 0.129015
305 -0.339793 -0.401662 0.0701936
306 -0.321702 -0.397503 -0.000604224
307 -0.315952 -0.473591 -0.00186466
308 -0.39173 -0.47875 -0.127272
309 -0.468708 -0.404192 -0.150815
310 -0.548587 -0.494844 -0.133884
311 -0.546899 -0.40542 -0.133442
312 -0.627954 -0.501097 0.00242033
313 -0.628445 -0.408716 0.00200822
314 -0.46169 -0.571196 0.153975
315 -0.329097 -0.548598 0.0751064
316 -0.33534 -0.475497 0.0719472
317 -0.309143 -0.54288 0.000216175
318 -0.330245 -0.548855 -0.0753247
319 -0.337699 -0.477124 -0.0733669
320 -0.385993 -0.559146 -0.130969
321 -0.468869 -0.487442 -0.152153
322 -0.540698 -0.583995 -0.131188
323 -0.607382 -0.49927 -0.0766231
324 -0.62066 -0.601146 0.00177373
325 -0.602154 -0.700225 0.00133292
326 -0.598841 -0.596719 0.0796949
327 -0.539561 -0.584687 0.134499
328 -0.384625 -0.557642 0.130439
329 -0.297855 -0.610846 -0.00112738
330 -0.372478 -0.634063 -0.131764
331 -0.44848 -0.65568 -0.1525
332 -0.462981 -0.570928 -0.151961
333 -0.581832 -0.693897 -0.0758874
334 -0.59904 -0.594914 -0.0754995
335 -0.552545 -0.791732 0.0790309
336 -0.580988 -0.694234 0.0786114
337 -0.524147 -0.677942 0.134697
338 -0.44701 -0.655353 0.154028
339 -0.4235 -0.737748 0.154276
340 -0.371236 -0.633183 0.131711
341 -0.315848 -0.616739 0.0749331
342 -0.297719 -0.685822 -0.0759083
343 -0.318067 -0.618811 -0.0755263
344 -0.352147 -0.708363 -0.132235
345 -0.525441 -0.677682 -0.132125
346 -0.509998 -0.886892 0.0782532
347 -0.49744 -0.768663 0.134755
348 -0.350621 -0.707099 0.132831
349 -0.271936 -0.746999 0.0766938
350 -0.29784 -0.684065 0.0761466
351 -0.253986 -0.73724 -0.000180094
352 -0.27866 -0.676206 -0.000291062
353 -0.272465 -0.748683 -0.0770781
354 -0.425585 -0.738998 -0.15222
355 -0.392513 -0.818505 -0.153112
356 -0.460581 -0.858794 -0.131896
357 -0.499051 -0.769589 -0.131785
358 -0.553415 -0.791948 -0.0755909
359 -0.510465 -0.887387 -0.0748321
360 -0.528954 -0.897587 0.00168252
361 -0.572862 -0.800665 0.00162779
362 -0.471743 -0.989199 0.00182691
363 -0.454489 -0.975602 0.0781168
364 -0.459675 -0.857871 0.134963
365 -0.390438 -0.817382 0.155147
366 -0.32158 -0.776717 0.133516
367 -0.284539 -0.840645 0.13485
368 -0.23889 -0.803459 0.078132
369 -0.221921 -0.790571 -0.000226569
370 -0.323314 -0.778571 -0.133216
371 -0.454931 -0.976402 -0.0746916
372 -0.409062 -0.939716 0.134511
373 -0.346793 -0.8907 0.155154
374 -0.29237 -0.957005 0.156188
375 -0.239747 -0.898165 0.135269
376 -0.200254 -0.854008 0.0783697
377 -0.200974 -0.854818 -0.0783029
378 -0.239658 -0.804548 -0.078191
379 -0.285851 -0.842292 -0.13426
380 -0.348167 -0.892192 -0.153564
381 -0.347231 -1.01584 -0.130283
382 -0.41008 -0.941109 -0.131878
383 -0.382685 -1.05646 -0.0736861
384 -0.397669 -1.07031 0.0016653
385 -0.382577 -1.05571 0.0769101
386 -0.346424 -1.01452 0.133013
387 -0.143704 -0.873491 7.85201e-05
388 -0.18454 -0.836882 -0.000216586
389 -0.240777 -0.899388 -0.134515
390 -0.229962 -1.01263 -0.153824
391 -0.293652 -0.958332 -0.154572
392 -0.270766 -1.07693 -0.13132
393 -0.31158 -1.13931 0.0013645
394 -0.20498 -1.17137 0.0750426
395 -0.299604 -1.12275 0.0776521
396 -0.270156 -1.07575 0.133945
397 -0.228676 -1.01151 0.155546
398 -0.155777 -1.05117 0.156794
399 -0.186781 -0.943858 0.136472
400 -0.126243 -0.978746 0.138405
401 -0.104349 -0.92486 0.0805709
402 -0.15612 -0.893873 0.0810171
403 -0.156635 -0.894793 -0.0804589
404 -0.104723 -0.925729 -0.080065
405 -0.126675 -0.980204 -0.137181
406 -0.187605 -0.945155 -0.135429
407 -0.157041 -1.05167 -0.155042
408 -0.18601 -1.12275 -0.130927
409 -0.204784 -1.17313 -0.0729989
410 -0.212505 -1.18989 0.00112648
411 -0.299311 -1.12373 -0.0748598
412 -0.104161 -1.20483 0.0786589
413 -0.184975 -1.12199 0.132877
414 -0.0628627 -0.998114 0.138353
415 -0.0998873 -0.904227 0.000425386
416 -0.0524354 -0.939731 -0.0829802
417 -0.079058 -1.07941 -0.153471
418 -0.104978 -1.2056 -0.075599
419 -0.10763 -1.2231 0.00149188
420 0.00247782 -1.16062 0.132179
421 -0.0935409 -1.15089 0.134968
422 -0.0785993 -1.07654 0.155989
423 0.00290827 -1.08359 0.155266
424 -0.0511374 -0.93935 0.0809428
425 -0.0495698 -0.91653 -0.00125066
426 -0.0633521 -0.999504 -0.137088
427 -0.0938615 -1.15177 -0.131701
428 0.112007 -1.22394 0.00107352
429 0.00153314 -1.23263 0.00133494
430 -9.87542e-05 -1.21348 0.0756389
431 0.0841685 -1.07827 0.15544
432 0.0576664 -0.940024 0.0798569
433 0.00224761 -1.00682 0.137325
434 0.00332133 -0.947186 0.0796502
435 0.053337 -0.920385 -0.00259983
436 0.00174268 -0.928176 -0.00182947
437 0.0598916 -0.944627 -0.0804089
438 0.00175593 -0.948886 -0.0813314
439 0.00209644 -1.00767 -0.136972
440 0.0965112 -1.15322 -0.132598
441 0.00187383 -1.08558 -0.155093
442 0.00152812 -1.16253 -0.130776
443 0.00130699 -1.21324 -0.0731246
444 0.21029 -1.1726 0.0741225
445 0.107196 -1.2048 0.0762149
446 0.0979078 -1.15125 0.132442
447 0.161283 -1.05341 0.156013
448 0.0688729 -1.00078 0.135947
449 0.101537 -0.903645 0.000131581
450 0.0707714 -1.00278 -0.137334
451 0.0822257 -1.07988 -0.155467
452 0.108711 -1.20561 -0.0747911
453 0.218161 -1.191 0.000243121
454 0.191614 -1.12474 0.131218
455 0.276119 -1.07743 0.132517
456 0.131299 -0.979127 0.13686
457 0.191737 -0.947188 0.136491
458 0.110241 -0.924291 0.0808522
459 0.160287 -0.893261 -0.0803456
460 0.112908 -0.923884 -0.0807357
461 0.132693 -0.979852 -0.137482
462 0.232478 -1.01159 -0.15484
463 0.160791 -1.05548 -0.155647
464 0.190024 -1.1244 -0.130946
465 0.210391 -1.1731 -0.0734431
466 0.306032 -1.12362 -0.0762816
467 0.318641 -1.14038 -0.000465467
468 0.307442 -1.12377 0.0755126
469 0.35101 -1.01567 0.131194
470 0.298075 -0.958614 0.153985
471 0.233942 -1.01343 0.154948
472 0.244934 -0.899966 0.137199
473 0.190719 -0.838864 0.000349595
474 0.161545 -0.894948 0.0796171
475 0.149441 -0.875633 0.000627889
476 0.204722 -0.855812 -0.0789573
477 0.191225 -0.946306 -0.136741
478 0.24416 -0.899145 -0.135435
479 0.274091 -1.07681 -0.132792
480 0.40341 -1.07077 -0.00122904
481 0.389839 -1.05595 0.0744465
482 0.353038 -0.893991 0.154296
483 0.205431 -0.856602 0.0800417
484 0.228201 -0.792788 0.000801177
485 0.289482 -0.842989 -0.134815
486 0.296297 -0.957525 -0.155384
487 0.351384 -0.892946 -0.15554
488 0.348928 -1.01498 -0.132569
489 0.459894 -0.976834 -0.0782817
490 0.388537 -1.05551 -0.0766375
491 0.46099 -0.977338 0.0752776
492 0.465374 -0.859314 0.131871
493 0.4155 -0.942518 0.132148
494 0.32767 -0.779985 0.134256
495 0.290467 -0.844253 0.135272
496 0.277103 -0.749496 0.0786843
497 0.245145 -0.807092 0.0788084
498 0.257979 -0.737877 0.000888741
499 0.244838 -0.806177 -0.0773142
500 0.32654 -0.778664 -0.13391
501 0.395067 -0.818473 -0.154256
502 0.463678 -0.858064 -0.134047
503 0.413706 -0.941717 -0.134304
504 0.533814 -0.897378 -0.00176751
505 0.477631 -0.989408 -0.00169893
506 0.515576 -0.887464 0.0751221
507 0.502965 -0.76993 0.131831
508 0.396626 -0.819985 0.153388
509 0.428896 -0.740331 0.152897
510 0.355515 -0.709485 0.132854
511 0.282529 -0.677629 0.00108012
512 0.276301 -0.748632 -0.0776128
513 0.514545 -0.886788 -0.0783187
514 0.577232 -0.798416 -0.00168746
515 0.606081 -0.697722 -0.00166564
516 0.557296 -0.791106 0.0753184
517 0.374709 -0.634638 0.132278
518 0.31953 -0.619416 0.0763956
519 0.302107 -0.686558 0.0773752
520 0.299335 -0.613602 0.000768635
521 0.301011 -0.686238 -0.0757127
522 0.319249 -0.618822 -0.0745464
523 0.37369 -0.633084 -0.13012
524 0.449843 -0.65555 -0.153193
525 0.354527 -0.708096 -0.132504
526 0.427644 -0.738638 -0.153876
527 0.527496 -0.676009 -0.134608
528 0.501684 -0.768578 -0.13397
529 0.556403 -0.790431 -0.0783863
530 0.543701 -0.584822 0.133723
531 0.585582 -0.692545 0.0760145
532 0.528904 -0.677434 0.132811
533 0.450805 -0.657381 0.153127
534 0.331415 -0.548679 0.0745365
535 0.311983 -0.545575 0.000884079
536 0.385311 -0.556559 -0.130582
537 0.542069 -0.582925 -0.133744
538 0.585123 -0.69312 -0.0789478
539 0.622786 -0.598213 -0.000683591
540 0.601919 -0.594313 0.0777586
541 0.60794 -0.496676 0.0770714
542 0.548921 -0.492058 0.133234
543 0.463638 -0.57231 0.152855
544 0.391767 -0.481692 0.129913
545 0.387421 -0.558447 0.13128
546 0.336212 -0.476129 0.0751218
547 0.316672 -0.474224 0.000812251
548 0.336458 -0.475939 -0.0735158
549 0.330555 -0.546534 -0.07349
550 0.46247 -0.570497 -0.152596
551 0.547786 -0.489668 -0.133091
552 0.600561 -0.592494 -0.0788271
553 0.628645 -0.401363 0.000173191
554 0.469727 -0.488363 0.152062
555 0.466775 -0.404248 0.152707
556 0.337029 -0.403907 0.0733614
557 0.319635 -0.401263 0.00114225
558 0.335308 -0.403102 -0.0710416
559 0.392397 -0.481112 -0.129166
560 0.469381 -0.485997 -0.151789
561 0.607291 -0.496051 -0.0772325
562 0.607565 -0.401067 -0.0779637
563 0.629248 -0.499362 9.17964e-05
564 0.596495 -0.311224 0.0801539
565 0.608464 -0.402502 0.0790704
566 0.537964 -0.31677 0.136693
567 0.549796 -0.404407 0.135932
568 0.459069 -0.320997 0.153465
569 0.390245 -0.403818 0.128818
570 0.387065 -0.323899 0.128759
571 0.3875 -0.322431 -0.125606
572 0.39113 -0.401777 -0.125951
573 0.467458 -0.40272 -0.151159
574 0.53675 -0.313932 -0.13354
575 0.54846 -0.402166 -0.133608
576 0.618964 -0.309852 0.000491924
577 -0.299521 0.443445 -0.00127775
578 0.387694 -0.824686 -0.000756512
579 0.0301497 -1.10665 -0.0129187
580 -0.450091 0.0936442 0.00817692
581 -0.464526 -0.286897 -0.0125791
582 -0.466657 -0.630945 -0.0025455
583 0.0385747 0.582217 -0.00952351
584 0.142008 -1.0559 -0.0869365
585 0.515964 -0.372846 -0.00179195
586 -0.364081 -0.0171264 -0.0591277
587 -0.36421 0.237028 0.0108113
588 0.452205 -0.684624 -0.0167353
589 0.416031 0.0856641 0.0112936
590 0.269262 0.386317 0.00772952
591 0.484045 -0.544871 0.00574727
592 -0.435505 -0.521409 0.0769021
593 -0.461131 -0.359912 -0.0780005
594 0.194505 -1.0822 0.0279438
595 0.480502 -0.221314 -0.00961004
596 0.316206 -0.970205 0.00533562
597 0.288333 0.114688 -0.00222981
598 -0.423526 -0.808999 -0.00534314
599 0.406187 -0.0400219 0.0928767
600 -0.329963 -0.978273 0.000340422
601 -0.432277 -0.162713 -0.0596284
602 0.408892 -0.307822 0.0697306
603 -0.399402 0.138112 -0.0733869
604 0.15808 0.504309 -0.0148606
605 -0.0419948 -1.04336 0.0691058
606 -0.296299 0.273483 -0.073796
607 0.233153 0.25354 -0.0259749
608 -0.400859 -0.00890893 0.0786687
609 -0.178404 -1.05313 0.00925125
610 -0.0993586 0.593378 -0.00469986
611 -0.533466 -0.444491 0.0168794
612 0.0920452 -0.979887 0.0403593
613 0.206898 -0.917174 -0.0279377
614 -0.346312 -0.123916 0.0253565
615 -0.21617 -0.909928 0.00316213
616 0.331857 -0.0411345 -0.0369985
617 -0.345277 0.147094 0.0783567
618 0.331473 0.22696 0.0891334
619 0.367972 -0.588467 0.0230619
620 -0.0388164 0.475396 0.0150539
621 -0.0822072 -1.0444 -0.0715478
622 -0.411422 -0.36397 0.0631132
623 0.46734 -0.436883 -0.0798048
624 -0.37419 -0.439441 -0.0235233
625 -0.43533 -0.724119 0.082037
626 0.478649 -0.066743 -0.0279471
627 0.365777 -0.161721 0.035647
628 -0.329706 -0.833651 -0.077604
629 0.472996 -0.429709 0.0777717
630 -0.273973 0.31611 0.0713558
631 0.399471 -0.298832 -0.0672852
632 -0.368683 -0.672022 -0.053547
633 -0.289979 0.0988972 -0.0204591
634 -0.334342 -0.83833 0.0770283
635 -0.158596 0.466524 -0.0736059
636 0.384629 0.256546 -0.0567957
637 0.374148 -0.419405 -0.00168573
638 -0.4465 -0.215713 0.0766141
639 0.086581 0.485624 0.0855834
640 -0.164949 0.454089 0.069094
641 -0.498465 -0.0529445 -0.0160522
642 -0.192965 0.345134 -0.0386581
643 -0.462144 -0.11303 0.0781578
644 -0.452073 -0.520674 -0.0795424
