1 0.509777 -0.282155 0.126425
2 0.356692 -0.290891 0.121084
3 0.318982 -0.388283 0.0730131
4 0.295122 -0.386211 0.00140869
5 0.313334 -0.382482 -0.071177
6 0.299672 -0.305302 -0.0722144
7 0.353223 -0.297707 -0.129638
8 0.438384 -0.380774 -0.148493
9 0.503646 -0.281821 -0.132588
10 0.575899 -0.374338 -0.081837
11 0.564453 -0.274696 0.0693267
12 0.549103 -0.179731 0.0792714
13 0.432933 -0.288623 0.147134
14 0.296268 -0.223945 0.0663784
15 0.297627 -0.302708 0.0720237
16 0.281765 -0.305072 0.000609396
17 0.299437 -0.226099 -0.067228
18 0.346577 -0.215043 -0.118675
19 0.414968 -0.201376 -0.146134
20 0.427629 -0.289407 -0.151071
21 0.489384 -0.189663 -0.134704
22 0.561256 -0.273714 -0.0803703
23 0.584352 -0.269277 -0.00750514
24 0.566451 -0.176271 -0.00341483
25 0.489911 -0.190991 0.130646
26 0.393998 -0.116292 0.146381
27 0.413729 -0.202424 0.142911
28 0.340134 -0.212385 0.118876
29 0.268402 -0.145781 0.0682432
30 0.248772 -0.151406 -0.000994755
31 0.281451 -0.22624 -0.000606374
32 0.268363 -0.147341 -0.0701533
33 0.523267 -0.0864316 -0.0766703
34 0.548843 -0.177236 -0.0855554
35 0.509994 0.00959047 0.0769053
36 0.524559 -0.0873969 0.0726336
37 0.452704 -0.00767374 0.128434
38 0.469383 -0.101032 0.128314
39 0.377562 -0.0304693 0.144332
40 0.320767 -0.133838 0.122665
41 0.264208 -0.0645177 0.0642142
42 0.247829 -0.0681034 -0.000704122
43 0.320331 -0.133734 -0.124139
44 0.392705 -0.115158 -0.148834
45 0.467833 -0.0998883 -0.13179
46 0.509133 0.0104061 -0.0802472
47 0.528051 0.0136974 -0.00179475
48 0.548353 -0.0839348 -0.00218699
49 0.355774 0.0544001 0.145263
50 0.307075 -0.0547399 0.117671
51 0.264937 -0.0647962 -0.0650964
52 0.306295 -0.0546352 -0.118376
53 0.353659 0.0552161 -0.146348
54 0.375886 -0.0293473 -0.146205
55 0.451113 -0.00673669 -0.13098
56 0.424637 0.085775 -0.128374
57 0.477573 0.105342 -0.0748474
58 0.499377 0.10891 -0.00131646
59 0.450514 0.20395 0.0758972
60 0.47862 0.104948 0.0724275
61 0.426343 0.0851592 0.126431
62 0.330545 0.143246 0.143455
63 0.268749 0.115588 0.122635
64 0.287983 0.0274907 0.123404
65 0.238217 0.0120696 0.0693076
66 0.218381 0.00165959 -0.000300994
67 0.237183 0.0120897 -0.0699798
68 0.286489 0.027614 -0.124045
69 0.449688 0.204209 -0.0779606
70 0.467332 0.213872 -0.00106549
71 0.39841 0.179799 0.127022
72 0.299669 0.23342 0.145995
73 0.222846 0.0931895 0.0687564
74 0.204114 0.0813272 2.66864e-05
75 0.17975 0.155532 -0.000789163
76 0.222135 0.0944395 -0.0682882
77 0.266917 0.115879 -0.123066
78 0.238304 0.194604 -0.125916
79 0.296869 0.233942 -0.145393
80 0.328487 0.144246 -0.143932
81 0.357619 0.27087 -0.126311
82 0.396637 0.180594 -0.128242
83 0.402365 0.29948 -0.0726976
84 0.421668 0.308581 -0.000142238
85 0.403314 0.299881 0.072307
86 0.359803 0.269976 0.125879
87 0.256588 0.318715 0.142738
88 0.205774 0.26917 0.125223
89 0.240709 0.194431 0.126309
90 0.166742 0.23083 0.0746169
91 0.197538 0.166416 0.0728444
92 0.164535 0.23699 -0.0715683
93 0.194516 0.168088 -0.0732186
94 0.203899 0.269798 -0.124573
95 0.349355 0.399364 -0.0710369
96 0.362332 0.413218 -6.29799e-05
97 0.285084 0.496045 0.0728014
98 0.349819 0.400144 0.071032
99 0.309431 0.365795 0.121603
100 0.160819 0.335762 0.126664
101 0.131488 0.292384 0.072719
102 0.150137 0.223141 0.00159757
103 0.163492 0.341893 -0.125232
104 0.207562 0.398986 -0.143463
105 0.256631 0.319887 -0.140849
106 0.308558 0.368954 -0.120447
107 0.292271 0.514421 0.000251667
108 0.250254 0.454083 0.122655
109 0.145299 0.466071 0.145957
110 0.204444 0.396749 0.14316
111 0.111756 0.393955 0.132683
112 0.0899445 0.346421 0.079038
113 0.0766931 0.321304 0.00145197
114 0.113715 0.280971 0.000197484
115 0.127999 0.298503 -0.0718596
116 0.251516 0.457584 -0.122373
117 0.195848 0.590316 -0.0625256
118 0.283498 0.500126 -0.0657976
119 0.201089 0.608767 0.00378204
120 0.206181 0.580548 0.0690779
121 0.179438 0.532841 0.121818
122 0.0818018 0.526438 0.147639
123 0.0397461 0.37988 0.0824785
124 0.045358 0.37611 -0.0717671
125 0.086719 0.342079 -0.0764025
126 0.114699 0.392092 -0.132965
127 0.151938 0.468097 -0.145681
128 0.090421 0.597114 -0.11749
129 0.182872 0.538246 -0.112902
130 0.101402 0.660517 -0.0640107
131 0.102135 0.651896 0.0624559
132 0.0928091 0.598956 0.117495
133 -0.0127132 0.635595 0.111574
134 -0.00872553 0.550875 0.149918
135 -0.00418154 0.463189 0.14422
136 -0.00394719 0.399713 0.0850025
137 0.0635807 0.443432 0.133147
138 -0.000515451 0.374568 0.0032608
139 0.0363483 0.35293 0.00552234
140 -0.000562716 0.396451 -0.0794165
141 0.0643746 0.434292 -0.131708
142 -0.00766225 0.545658 -0.147959
143 0.0799141 0.514668 -0.142119
144 -0.00134027 0.71699 -0.0667392
145 0.105312 0.693719 0.00158791
146 0.000307106 0.7426 -0.000297802
147 -0.00177551 0.71835 0.0662847
148 -0.0923522 0.526733 0.147551
149 -0.0701912 0.440724 0.139316
150 -0.0537978 0.381338 0.0893775
151 -0.0516878 0.378698 -0.0831466
152 -0.00419681 0.457172 -0.139154
153 -0.0102209 0.632925 -0.11111
154 -0.110301 0.661828 -0.0604511
155 -0.110876 0.700634 -1.0044e-05
156 -0.209598 0.60283 1.61316e-06
157 -0.212883 0.580312 0.0642977
158 -0.111266 0.663056 0.0605357
159 -0.110892 0.598844 0.116873
160 -0.200885 0.533368 0.115643
161 -0.0993764 0.350549 0.0810862
162 -0.0827947 0.333086 0.00265714
163 -0.0426177 0.357469 0.00341768
164 -0.133278 0.406217 -0.130546
165 -0.0691691 0.43613 -0.13591
166 -0.198963 0.53194 -0.115012
167 -0.0910031 0.523233 -0.146192
168 -0.108695 0.596571 -0.115825
169 -0.308836 0.483638 0.0671792
170 -0.273655 0.447778 0.121714
171 -0.227931 0.393959 0.143648
172 -0.168359 0.471488 0.143791
173 -0.176143 0.343813 0.126182
174 -0.137415 0.304941 0.0753269
175 -0.134489 0.408924 0.133828
176 -0.0982637 0.34934 -0.0761927
177 -0.226577 0.392027 -0.141567
178 -0.166989 0.468736 -0.142365
179 -0.272171 0.446494 -0.121012
180 -0.211709 0.579481 -0.0640913
181 -0.317707 0.50887 -0.000273945
182 -0.376913 0.40047 8.52864e-05
183 -0.325449 0.354378 0.125535
184 -0.268026 0.311202 0.146551
185 -0.167754 0.238512 0.0744124
186 -0.124678 0.290402 0.00248117
187 -0.136417 0.303901 -0.0707369
188 -0.17509 0.341885 -0.122467
189 -0.266675 0.309582 -0.144268
190 -0.324225 0.353246 -0.124249
191 -0.36567 0.387279 -0.072148
192 -0.307816 0.483026 -0.0673434
193 -0.429592 0.294834 0.000556267
194 -0.366522 0.38784 0.0726175
195 -0.366773 0.259224 0.126643
196 -0.210518 0.268364 0.127265
197 -0.193166 0.168678 0.0730156
198 -0.151603 0.226392 0.00235058
199 -0.177717 0.155736 0.00220479
200 -0.167003 0.23772 -0.0701082
201 -0.238787 0.190085 -0.123145
202 -0.209297 0.266755 -0.123882
203 -0.301387 0.225443 -0.143076
204 -0.3657 0.258337 -0.124754
205 -0.412001 0.284966 -0.0718651
206 -0.412604 0.285439 0.0731951
207 -0.400366 0.167203 0.127903
208 -0.329218 0.136423 0.144631
209 -0.302551 0.22676 0.145788
210 -0.239782 0.191303 0.126747
211 -0.265015 0.110851 0.122177
212 -0.219412 0.0920445 0.0714925
213 -0.202642 0.0827701 0.00200257
214 -0.218935 0.0915284 -0.0676409
215 -0.192491 0.168031 -0.0687723
216 -0.264262 0.109931 -0.118729
217 -0.328461 0.13549 -0.141798
218 -0.399638 0.166469 -0.125658
219 -0.453434 0.187578 -0.075469
220 -0.470751 0.198632 0.00083812
221 -0.453903 0.188011 0.0773081
222 -0.210522 -0.00178409 0.00192603
223 -0.232363 0.00692796 -0.067955
224 -0.281776 0.0250365 -0.123044
225 -0.423838 0.0691747 -0.127467
226 -0.475323 0.0873178 -0.0726831
227 -0.495665 0.0941089 0.00117842
228 -0.502904 -0.0105162 0.0789241
229 -0.475541 0.0876226 0.0751824
230 -0.444038 -0.0220258 0.133647
231 -0.424243 0.0697792 0.130247
232 -0.353163 0.0467718 0.148885
233 -0.282216 0.0257026 0.126503
234 -0.254055 -0.0680482 0.0702749
235 -0.232641 0.00730742 0.0716971
236 -0.236668 -0.0718067 0.00185463
237 -0.253923 -0.0683583 -0.0666274
238 -0.368059 -0.0453626 -0.144779
239 -0.352702 0.0460108 -0.145768
240 -0.516948 -0.107745 0.0782956
241 -0.52433 -0.0010455 0.00149576
242 -0.36826 -0.0447632 0.148102
243 -0.307992 -0.143859 0.123942
244 -0.302099 -0.0564647 0.121696
245 -0.236921 -0.150331 0.00182923
246 -0.256109 -0.148145 -0.0674877
247 -0.3019 -0.0570068 -0.118202
248 -0.458309 -0.11555 -0.126736
249 -0.443882 -0.022544 -0.130491
250 -0.50284 -0.0108438 -0.0758864
251 -0.535239 -0.102331 0.00182649
252 -0.474795 -0.204418 0.13635
253 -0.458187 -0.115104 0.130372
254 -0.38159 -0.130336 0.147256
255 -0.394753 -0.21358 0.148131
256 -0.317935 -0.225144 0.117273
257 -0.279188 -0.231959 0.0670634
258 -0.256044 -0.147896 0.0711389
259 -0.318183 -0.225462 -0.11355
260 -0.308106 -0.144275 -0.120329
261 -0.381718 -0.130806 -0.143646
262 -0.517034 -0.108007 -0.0746416
263 -0.561649 -0.194441 0.00209984
264 -0.537761 -0.1969 0.0808739
265 -0.267943 -0.229739 0.00187572
266 -0.276597 -0.311535 0.00176122
267 -0.279337 -0.232134 -0.0633759
268 -0.395088 -0.21396 -0.144313
269 -0.408995 -0.298003 -0.144994
270 -0.475106 -0.204801 -0.132362
271 -0.547635 -0.288887 -0.0756741
272 -0.537949 -0.197123 -0.0767371
273 -0.570135 -0.287062 0.00248608
274 -0.552634 -0.384586 0.0791887
275 -0.547223 -0.288712 0.0804667
276 -0.495683 -0.387946 0.135793
277 -0.488716 -0.295369 0.134554
278 -0.418357 -0.392364 0.154149
279 -0.408271 -0.297686 0.149052
280 -0.339274 -0.309297 0.12332
281 -0.290919 -0.316341 0.0652339
282 -0.291222 -0.316441 -0.0616502
283 -0.41932 -0.392585 -0.149851
284 -0.339831 -0.309571 -0.119554
285 -0.496557 -0.388113 -0.130985
286 -0.489391 -0.295674 -0.130122
287 -0.572941 -0.383191 0.00267821
288 -0.343632 -0.398305 0.128631
289 -0.292485 -0.400203 0.0743756
290 -0.275719 -0.397848 0.00174456
291 -0.302975 -0.476528 -0.0634137
292 -0.292943 -0.400297 -0.0708502
293 -0.344377 -0.398515 -0.124804
294 -0.35446 -0.47912 -0.122014
295 -0.553156 -0.384669 -0.0739963
296 -0.560529 -0.482209 -0.075088
297 -0.556206 -0.57976 0.0794321
298 -0.559787 -0.48218 0.0806834
299 -0.498505 -0.574966 0.134919
300 -0.501226 -0.481854 0.134601
301 -0.421349 -0.568295 0.153238
302 -0.42506 -0.480659 0.148933
303 -0.353408 -0.479023 0.125748
304 -0.346098 -0.560624 0.12943
305 -0.30249 -0.476483 0.0667671
306 -0.283479 -0.474789 0.00159913
307 -0.272535 -0.552822 0.00139348
308 -0.347541 -0.5606 -0.125861
309 -0.426375 -0.480765 -0.144616
310 -0.500037 -0.574939 -0.129687
311 -0.50246 -0.481917 -0.129584
312 -0.578878 -0.584146 0.00305777
313 -0.582977 -0.483418 0.00291915
314 -0.415035 -0.652508 0.152228
315 -0.294015 -0.629635 0.0711767
316 -0.292071 -0.552157 0.0742967
317 -0.278266 -0.626651 0.00131994
318 -0.294899 -0.629616 -0.068359
319 -0.29287 -0.552145 -0.0712785
320 -0.341946 -0.636711 -0.121691
321 -0.42309 -0.568279 -0.148869
322 -0.49477 -0.665914 -0.130937
323 -0.557108 -0.579732 -0.0735524
324 -0.574486 -0.68076 0.003124
325 -0.557463 -0.775344 0.00316487
326 -0.552341 -0.676093 0.082376
327 -0.493035 -0.66599 0.136183
328 -0.34044 -0.636827 0.12501
329 -0.267885 -0.697841 0.00111074
330 -0.334885 -0.715642 -0.125013
331 -0.405397 -0.734148 -0.148119
332 -0.416936 -0.652439 -0.147981
333 -0.538983 -0.770677 -0.0749121
334 -0.55341 -0.676029 -0.0764069
335 -0.512894 -0.865113 0.0792576
336 -0.537749 -0.770757 0.0809559
337 -0.480301 -0.755928 0.135161
338 -0.403131 -0.73429 0.152109
339 -0.386945 -0.820583 0.153489
340 -0.333014 -0.715795 0.128027
341 -0.283243 -0.702338 0.0734286
342 -0.267041 -0.77166 -0.0737131
343 -0.284282 -0.702269 -0.0710588
344 -0.318655 -0.792064 -0.129232
345 -0.482297 -0.75582 -0.130011
346 -0.480395 -0.96157 0.0793541
347 -0.459513 -0.845403 0.134206
348 -0.316618 -0.792287 0.131951
349 -0.247124 -0.836994 0.0765799
350 -0.26589 -0.771786 0.0756912
351 -0.230204 -0.827315 0.000586738
352 -0.247081 -0.76304 0.0008528
353 -0.248421 -0.836822 -0.0752638
354 -0.389417 -0.820317 -0.149723
355 -0.364999 -0.900102 -0.150352
356 -0.4324 -0.935575 -0.12983
357 -0.461686 -0.845197 -0.129299
358 -0.514148 -0.864995 -0.0734675
359 -0.481859 -0.961462 -0.0741339
360 -0.499459 -0.970658 0.0028058
361 -0.533251 -0.871249 0.0030657
362 -0.45287 -1.06467 0.00236015
363 -0.435484 -1.05214 0.0780667
364 -0.429957 -0.935824 0.134105
365 -0.362254 -0.900415 0.153434
366 -0.295951 -0.86481 0.131847
367 -0.264724 -0.931436 0.134092
368 -0.220289 -0.897991 0.0772845
369 -0.204646 -0.884967 0.000159482
370 -0.298211 -0.864522 -0.12987
371 -0.437031 -1.05199 -0.0736523
372 -0.38895 -1.02064 0.13382
373 -0.326595 -0.976344 0.154119
374 -0.279121 -1.045 0.153762
375 -0.225892 -0.990759 0.135893
376 -0.185066 -0.946618 0.0791983
377 -0.186717 -0.9463 -0.0796234
378 -0.221789 -0.897785 -0.0766995
379 -0.267359 -0.931129 -0.132757
380 -0.329637 -0.976018 -0.151723
381 -0.337239 -1.09731 -0.129491
382 -0.391626 -1.02035 -0.130263
383 -0.3731 -1.13635 -0.073953
384 -0.385712 -1.14992 0.00159679
385 -0.371444 -1.13654 0.0768274
386 -0.334353 -1.09762 0.131643
387 -0.131899 -0.970828 -0.000855909
388 -0.169357 -0.932423 -0.000273328
389 -0.228699 -0.990288 -0.135723
390 -0.226217 -1.1044 -0.154022
391 -0.282398 -1.04456 -0.152648
392 -0.265398 -1.16449 -0.129638
393 -0.302983 -1.22402 0.000565483
394 -0.205554 -1.26947 0.0747134
395 -0.293114 -1.20871 0.075224
396 -0.262418 -1.16487 0.130035
397 -0.222616 -1.10488 0.153661
398 -0.152783 -1.14968 0.154011
399 -0.176609 -1.03873 0.136222
400 -0.121926 -1.07846 0.135758
401 -0.100561 -1.02498 0.0775435
402 -0.144276 -0.989009 0.0822072
403 -0.146125 -0.988608 -0.0837023
404 -0.102587 -1.02467 -0.0801913
405 -0.125337 -1.07787 -0.138226
406 -0.179706 -1.03819 -0.137363
407 -0.156464 -1.1491 -0.156082
408 -0.185641 -1.21986 -0.133336
409 -0.207339 -1.26918 -0.075997
410 -0.214354 -1.28933 -0.000592228
411 -0.29485 -1.20847 -0.0742527
412 -0.0969327 -1.30203 0.0728429
413 -0.182542 -1.22037 0.131736
414 -0.0578554 -1.09912 0.137326
415 -0.0912205 -1.0037 -0.00139074
416 -0.046363 -1.03867 -0.0881017
417 -0.081116 -1.17903 -0.158173
418 -0.0988462 -1.3017 -0.0770108
419 -0.100975 -1.31899 -0.00203641
420 0.0145153 -1.2604 0.12912
421 -0.0877956 -1.25142 0.127664
422 -0.0771739 -1.17961 0.153838
423 0.0123234 -1.18584 0.153472
424 -0.0441471 -1.03906 0.0839963
425 -0.0410668 -1.01732 -0.00205496
426 -0.0615999 -1.09839 -0.141745
427 -0.0909341 -1.25086 -0.131833
428 0.128561 -1.31043 -0.00523222
429 0.0164936 -1.33268 -0.00378173
430 0.0171824 -1.31513 0.0712956
431 0.0968377 -1.17091 0.150889
432 0.0594141 -1.03558 0.0779703
433 0.0084577 -1.11024 0.137985
434 0.0101319 -1.054 0.078179
435 0.051774 -1.00954 -0.00252893
436 0.00720484 -1.03119 -0.00255336
437 0.054991 -1.03526 -0.0845405
438 0.00720661 -1.0544 -0.0834889
439 0.00402154 -1.11019 -0.144213
440 0.11071 -1.23956 -0.13627
441 0.00858383 -1.18553 -0.160573
442 0.0112175 -1.25966 -0.136249
443 0.0151606 -1.31468 -0.0787499
444 0.227847 -1.25347 0.0685141
445 0.125044 -1.29138 0.0702818
446 0.113791 -1.24011 0.126519
447 0.170363 -1.13788 0.148246
448 0.075611 -1.09446 0.137974
449 0.0979067 -0.989372 -0.00364935
450 0.0710319 -1.09448 -0.146029
451 0.0938254 -1.16986 -0.159812
452 0.123085 -1.29129 -0.0806077
453 0.235467 -1.27154 -0.00640894
454 0.206675 -1.20541 0.126637
455 0.280374 -1.1488 0.12645
456 0.136687 -1.06586 0.133096
457 0.190925 -1.02698 0.12989
458 0.108873 -1.01415 0.0798286
459 0.154422 -0.978698 -0.0827864
460 0.107412 -1.01451 -0.0862096
461 0.132724 -1.06604 -0.140028
462 0.233625 -1.08737 -0.160921
463 0.1671 -1.1351 -0.159578
464 0.202956 -1.20308 -0.138008
465 0.225301 -1.25198 -0.0813282
466 0.312086 -1.1921 -0.0831193
467 0.32401 -1.20663 -0.00675772
468 0.312983 -1.19262 0.0697786
469 0.347142 -1.08291 0.126149
470 0.29351 -1.02991 0.148221
471 0.235667 -1.08875 0.14937
472 0.238953 -0.975035 0.129057
473 0.181666 -0.91927 -0.00433465
474 0.155263 -0.980264 0.0732345
475 0.140777 -0.961789 -0.00487187
476 0.196955 -0.933138 -0.0822474
477 0.190118 -1.02451 -0.140023
478 0.237675 -0.972051 -0.139204
479 0.278739 -1.14824 -0.139666
480 0.399902 -1.1333 -0.00794984
481 0.385662 -1.1198 0.0689828
482 0.339584 -0.96049 0.147298
483 0.197912 -0.934694 0.0732719
484 0.215303 -0.8681 -0.003871
485 0.275616 -0.911168 -0.136675
486 0.291737 -1.02678 -0.15975
487 0.337142 -0.957446 -0.157277
488 0.34292 -1.07943 -0.138571
489 0.445032 -1.03637 -0.0835144
490 0.384152 -1.11815 -0.0844833
491 0.445773 -1.03817 0.0694205
492 0.443269 -0.921423 0.126
493 0.40101 -1.00511 0.126178
494 0.310116 -0.847537 0.127083
495 0.278184 -0.914381 0.127644
496 0.261388 -0.820811 0.0719047
497 0.232498 -0.880034 0.0722266
498 0.243289 -0.809286 -0.00315689
499 0.231289 -0.878644 -0.0802689
500 0.308058 -0.845269 -0.135656
501 0.374051 -0.881301 -0.156618
502 0.441469 -0.918097 -0.137898
503 0.399545 -1.00225 -0.138755
504 0.509539 -0.958854 -0.00691905
505 0.461555 -1.04995 -0.00731409
506 0.492587 -0.949748 0.0699916
507 0.474565 -0.832875 0.126013
508 0.376168 -0.884677 0.146751
509 0.40313 -0.80587 0.146544
510 0.332905 -0.776197 0.126178
511 0.261168 -0.74445 -0.00258114
512 0.26095 -0.819702 -0.0785538
513 0.491443 -0.947293 -0.0833085
514 0.545278 -0.861345 -0.00612658
515 0.57181 -0.767762 -0.00478248
516 0.525901 -0.854453 0.0700868
517 0.349957 -0.699643 0.122071
518 0.301714 -0.684771 0.0685695
519 0.281084 -0.754364 0.0715785
520 0.28245 -0.680641 -0.00211273
521 0.279803 -0.752625 -0.0773065
522 0.300065 -0.682733 -0.0731663
523 0.347384 -0.696657 -0.127444
524 0.420708 -0.719292 -0.153375
525 0.330541 -0.773658 -0.13333
526 0.400758 -0.802451 -0.155446
527 0.494977 -0.739705 -0.137364
528 0.472724 -0.829535 -0.136505
529 0.525142 -0.851887 -0.0818336
530 0.508237 -0.652769 0.128163
531 0.553145 -0.761239 0.0740909
532 0.497249 -0.743649 0.128631
533 0.423461 -0.723468 0.146272
534 0.306097 -0.610803 0.0728189
535 0.287113 -0.608587 -0.00109827
536 0.355498 -0.61903 -0.131596
537 0.50635 -0.649248 -0.13457
538 0.552018 -0.757983 -0.0833655
539 0.582881 -0.669352 -0.00332605
540 0.564634 -0.665632 0.0736186
541 0.577799 -0.570563 0.0776765
542 0.518674 -0.561583 0.132189
543 0.432344 -0.639036 0.147292
544 0.37001 -0.544514 0.121807
545 0.359164 -0.62223 0.127712
546 0.323212 -0.538182 0.0650794
547 0.302192 -0.534251 -0.000438262
548 0.318196 -0.535404 -0.0663654
549 0.3034 -0.607919 -0.0753426
550 0.429424 -0.634275 -0.152795
551 0.5164 -0.555967 -0.131753
552 0.563553 -0.66168 -0.0803327
553 0.6021 -0.469463 0.00101937
554 0.44368 -0.553107 0.145915
555 0.444801 -0.466109 0.147647
556 0.31647 -0.461452 0.0736892
557 0.294052 -0.456406 0.000828106
558 0.308536 -0.457443 -0.0719587
559 0.361986 -0.542073 -0.124823
560 0.438562 -0.550353 -0.149607
561 0.574483 -0.562177 -0.0771133
562 0.58111 -0.468223 -0.0783264
563 0.596166 -0.569548 -0.00115682
564 0.576141 -0.371068 0.0733644
565 0.575611 -0.471719 0.0731464
566 0.519659 -0.373186 0.12953
567 0.519819 -0.470324 0.127301
568 0.443944 -0.375919 0.147321
569 0.370244 -0.464894 0.129811
570 0.36934 -0.379301 0.125377
571 0.366124 -0.383503 -0.125179
572 0.36476 -0.465803 -0.123288
573 0.440396 -0.467007 -0.151228
574 0.515253 -0.376576 -0.134105
575 0.521557 -0.466844 -0.135688
576 0.59818 -0.371917 -0.00373165
577 -0.261022 0.313069 0.000938676
578 0.426859 -0.572034 0.00692654
579 -0.133365 0.499887 0.00141574
580 -0.327509 0.13517 0.00142176
581 -0.420959 -0.482481 0.00216545
582 -0.360411 -0.898187 0.0015903
583 0.371438 -0.887344 -0.00503424
584 -0.368868 -0.0460359 0.00166662
585 0.376874 -0.0380363 -0.000686969
586 0.409552 -0.211975 -4.00113e-05
587 0.326043 0.156 0.000313316
588 0.0974775 -1.16968 -0.00650107
589 -0.0730001 -1.17405 -0.00202749
590 0.0822139 0.53751 0.00957722
591 -0.249218 -1.07068 0.000272448
592 -0.405862 -0.697688 0.00207886
593 -0.397111 -0.258463 0.00201109
594 0.448928 -0.425677 -0.0285648
595 0.261474 -1.06689 0.00645565
596 0.224231 -1.15414 -0.0325151
597 0.324469 -0.982536 0.0665799
598 0.150932 -1.03879 0.0127603
599 0.417069 -0.729972 -0.0039606
600 0.420481 -0.342088 0.0591934
601 0.315489 -0.992258 -0.083218
602 0.241041 0.320138 -0.00195559
603 0.163329 0.420187 0.0810588
604 0.175011 0.477007 -0.0657563
605 0.249349 0.472483 0.018873
606 0.112223 0.377405 -0.0204171
