1 0.512347 -0.287405 0.126972
2 0.353994 -0.298001 0.122072
3 0.317633 -0.405724 0.0734367
4 0.294088 -0.405082 0.00172588
5 0.311283 -0.401587 -0.0708634
6 0.29329 -0.31385 -0.0730397
7 0.349284 -0.304402 -0.131194
8 0.440362 -0.394907 -0.148824
9 0.506503 -0.285594 -0.133299
10 0.580375 -0.386244 -0.0820354
11 0.569755 -0.278817 0.0699341
12 0.549421 -0.178146 0.0785711
13 0.432558 -0.294695 0.147357
14 0.287729 -0.230064 0.0671565
15 0.292309 -0.309111 0.0718053
16 0.275487 -0.312664 -0.000659142
17 0.289318 -0.233759 -0.0682572
18 0.339182 -0.2195 -0.11953
19 0.410619 -0.202737 -0.147037
20 0.427268 -0.294589 -0.151741
21 0.487731 -0.188523 -0.135412
22 0.566553 -0.276082 -0.0803093
23 0.590886 -0.272074 -0.0071116
24 0.567327 -0.172757 -0.00404132
25 0.488738 -0.190167 0.130352
26 0.384864 -0.114568 0.145772
27 0.410576 -0.203381 0.14331
28 0.335437 -0.215184 0.119913
29 0.257032 -0.148631 0.0681335
30 0.237056 -0.154069 -0.000850786
31 0.271673 -0.233894 -0.000827783
32 0.255737 -0.150794 -0.0698599
33 0.514911 -0.0798107 -0.0770694
34 0.549597 -0.175008 -0.0860581
35 0.498361 0.0123409 0.0777536
36 0.516493 -0.0812433 0.0720406
37 0.439261 -0.00741703 0.129768
38 0.460749 -0.0966723 0.127947
39 0.361555 -0.0290719 0.144364
40 0.310603 -0.133896 0.121908
41 0.249924 -0.0690753 0.0633984
42 0.234261 -0.0727648 -0.000522209
43 0.308916 -0.134678 -0.123487
44 0.382572 -0.113585 -0.148746
45 0.458592 -0.0953077 -0.132359
46 0.497342 0.0133364 -0.082666
47 0.515812 0.0165965 -0.00262446
48 0.540354 -0.0766984 -0.00267539
49 0.335554 0.0523359 0.142946
50 0.290087 -0.0564288 0.116836
51 0.249765 -0.0700311 -0.0640869
52 0.288121 -0.0571693 -0.117678
53 0.33223 0.0527295 -0.144861
54 0.358819 -0.0282492 -0.147091
55 0.436959 -0.00651757 -0.133682
56 0.404216 0.0817307 -0.128687
57 0.458095 0.102288 -0.0757215
58 0.481319 0.106228 -0.00228722
59 0.433593 0.197359 0.0764724
60 0.459683 0.102055 0.0715352
61 0.40701 0.0813423 0.125424
62 0.311486 0.136347 0.144717
63 0.249314 0.10769 0.121908
64 0.267226 0.0231105 0.122655
65 0.218808 0.00815872 0.0687998
66 0.198546 -0.00165336 -7.39819e-05
67 0.216959 0.00784407 -0.0692144
68 0.264543 0.022543 -0.123465
69 0.4322 0.19748 -0.0805517
70 0.44908 0.207661 -0.00212257
71 0.380053 0.172954 0.127389
72 0.281022 0.225892 0.14591
73 0.204694 0.0877173 0.0666934
74 0.186622 0.0760279 0.000357767
75 0.160693 0.14829 -0.000271916
76 0.203026 0.0882879 -0.0657909
77 0.246397 0.106983 -0.122448
78 0.217904 0.186996 -0.125571
79 0.276627 0.22569 -0.146078
80 0.307977 0.136855 -0.145945
81 0.339389 0.260695 -0.127746
82 0.377152 0.173415 -0.130133
83 0.385432 0.287966 -0.0738179
84 0.405955 0.297503 -0.00116428
85 0.386975 0.28872 0.0715219
86 0.342894 0.260321 0.125812
87 0.24037 0.312864 0.142988
88 0.18854 0.264705 0.125093
89 0.221475 0.187871 0.126096
90 0.149647 0.227635 0.0723438
91 0.178284 0.158919 0.0721192
92 0.14633 0.23291 -0.0687614
93 0.174091 0.159734 -0.0725138
94 0.185414 0.264349 -0.124223
95 0.337571 0.389409 -0.0729446
96 0.351071 0.402617 -0.00104297
97 0.277469 0.487768 0.0725687
98 0.338621 0.390584 0.0711036
99 0.296539 0.357333 0.122204
100 0.146737 0.334172 0.126581
101 0.115675 0.293001 0.0727389
102 0.133713 0.219111 0.00195886
103 0.147543 0.340036 -0.125369
104 0.193903 0.394974 -0.144069
105 0.239465 0.313443 -0.142243
106 0.294247 0.360138 -0.122511
107 0.284838 0.504727 -0.000651302
108 0.240948 0.448038 0.123026
109 0.136598 0.465935 0.146378
110 0.192276 0.393507 0.143731
111 0.100719 0.396369 0.133134
112 0.0764628 0.35106 0.0793676
113 0.0636087 0.325646 0.0019564
114 0.0973123 0.281232 0.00066783
115 0.111534 0.298341 -0.0712014
116 0.240461 0.451272 -0.123847
117 0.191211 0.583928 -0.0630431
118 0.274838 0.491162 -0.0673706
119 0.197785 0.600917 0.00344102
120 0.202865 0.574922 0.0690099
121 0.173801 0.529771 0.122084
122 0.0763512 0.531162 0.148376
123 0.0300252 0.387982 0.0831651
124 0.0355461 0.38462 -0.0712478
125 0.0734233 0.34609 -0.0760688
126 0.102806 0.394665 -0.133228
127 0.141614 0.468238 -0.146467
128 0.087073 0.597752 -0.117273
129 0.174947 0.535858 -0.113819
130 0.100705 0.658229 -0.0636909
131 0.10225 0.649533 0.0619312
132 0.0891344 0.599603 0.116958
133 -0.0142306 0.640798 0.111111
134 -0.00908724 0.558655 0.149978
135 -0.00501372 0.472376 0.144088
136 -0.00486219 0.409332 0.0856533
137 0.0558531 0.450797 0.133766
138 -0.00213098 0.384135 0.00400652
139 0.0264797 0.36136 0.00608557
140 -0.00209206 0.406104 -0.0785504
141 0.0560761 0.441478 -0.131494
142 -0.00819152 0.553352 -0.146874
143 0.0744522 0.51881 -0.142229
144 -0.0029658 0.717802 -0.0656006
145 0.105789 0.690816 0.00152005
146 -0.0027053 0.742773 -0.000349462
147 -0.00356928 0.719038 0.0652665
148 -0.0882973 0.533406 0.148328
149 -0.0663453 0.4482 0.140414
150 -0.0502992 0.388469 0.0911652
151 -0.0484011 0.385761 -0.0835396
152 -0.0053371 0.466357 -0.138202
153 -0.0117068 0.637984 -0.110174
154 -0.10947 0.660931 -0.0598559
155 -0.11095 0.699289 -3.96748e-07
156 -0.20783 0.599131 0.000199308
157 -0.210418 0.578437 0.0650618
158 -0.110537 0.662435 0.0601539
159 -0.108817 0.60253 0.117057
160 -0.196228 0.534902 0.116984
161 -0.0922746 0.355744 0.08244
162 -0.075728 0.337757 0.00339141
163 -0.0397933 0.36441 0.00413465
164 -0.125336 0.412155 -0.130585
165 -0.0655337 0.443389 -0.135911
166 -0.194224 0.532927 -0.11547
167 -0.0868357 0.529672 -0.145789
168 -0.106545 0.599795 -0.11541
169 -0.304202 0.4811 0.0681807
170 -0.266905 0.446969 0.122858
171 -0.219549 0.395154 0.144869
172 -0.161628 0.475684 0.14517
173 -0.166053 0.346361 0.127054
174 -0.127278 0.307529 0.07581
175 -0.126439 0.415147 0.135208
176 -0.0911864 0.354393 -0.0760978
177 -0.218159 0.392817 -0.141527
178 -0.160178 0.472593 -0.142496
179 -0.265386 0.445232 -0.121087
180 -0.209211 0.577278 -0.0643376
181 -0.312255 0.505011 0.000165518
182 -0.370704 0.396847 0.000613351
183 -0.317182 0.351954 0.12756
184 -0.25747 0.309933 0.148037
185 -0.157053 0.237539 0.0748804
186 -0.114969 0.291711 0.0033003
187 -0.126272 0.306289 -0.0696309
188 -0.165001 0.34412 -0.121871
189 -0.256066 0.307983 -0.144393
190 -0.315927 0.350468 -0.125061
191 -0.358654 0.384637 -0.0726614
192 -0.303163 0.480175 -0.0674524
193 -0.419934 0.291695 0.00120307
194 -0.359515 0.385429 0.0742342
195 -0.356133 0.255918 0.127913
196 -0.198946 0.267085 0.127536
197 -0.181137 0.163225 0.0729696
198 -0.142461 0.22477 0.00318556
199 -0.163383 0.149334 0.00314661
200 -0.156265 0.236588 -0.0689498
201 -0.225816 0.186975 -0.121267
202 -0.197688 0.265188 -0.122643
203 -0.288857 0.222679 -0.142339
204 -0.354986 0.254735 -0.124633
205 -0.401621 0.281612 -0.0714003
206 -0.402269 0.282264 0.0740465
207 -0.388831 0.16747 0.130236
208 -0.316105 0.134439 0.147009
209 -0.29011 0.22427 0.146561
210 -0.226886 0.188395 0.126509
211 -0.251444 0.106929 0.120239
212 -0.210078 0.0879608 0.0707056
213 -0.197637 0.0815079 0.00302467
214 -0.209541 0.0873892 -0.064957
215 -0.180411 0.162448 -0.0670011
216 -0.25055 0.10584 -0.115138
217 -0.315168 0.133301 -0.142644
218 -0.387979 0.166554 -0.126525
219 -0.443699 0.188755 -0.0760905
220 -0.460619 0.201229 0.00154361
221 -0.444195 0.189268 0.0793575
222 -0.20159 -0.00193874 0.00301409
223 -0.22426 0.0057489 -0.065261
224 -0.271654 0.0256179 -0.120807
225 -0.411563 0.0744539 -0.127258
226 -0.464602 0.0923144 -0.0722733
227 -0.486384 0.099984 0.00188872
228 -0.501054 0.000327218 0.0808765
229 -0.464914 0.0926843 0.0762217
230 -0.440235 -0.0112344 0.135086
231 -0.412126 0.0751114 0.131563
232 -0.342021 0.0489677 0.148882
233 -0.272273 0.0263678 0.126229
234 -0.251996 -0.0688448 0.0707984
235 -0.224679 0.00614981 0.0710872
236 -0.235143 -0.0736662 0.00288055
237 -0.251692 -0.0691422 -0.0652131
238 -0.362479 -0.0380964 -0.144706
239 -0.341347 0.0480956 -0.144004
240 -0.521772 -0.0922419 0.0788006
241 -0.522843 0.0103499 0.00211673
242 -0.362929 -0.0374313 0.149617
243 -0.309979 -0.139699 0.124751
244 -0.299161 -0.0541866 0.122048
245 -0.23837 -0.149775 0.00284904
246 -0.257625 -0.146948 -0.0665969
247 -0.298743 -0.0547494 -0.11678
248 -0.462952 -0.103289 -0.125974
249 -0.439837 -0.0117868 -0.130498
250 -0.500852 -2.67285e-05 -0.0765352
251 -0.540001 -0.0867132 0.00234365
252 -0.487709 -0.195629 0.136284
253 -0.463114 -0.102831 0.130886
254 -0.385152 -0.12066 0.147576
255 -0.406254 -0.207039 0.148726
256 -0.327048 -0.221944 0.118951
257 -0.284269 -0.233924 0.068995
258 -0.257713 -0.146721 0.0722231
259 -0.327015 -0.22219 -0.113646
260 -0.309829 -0.140107 -0.119334
261 -0.384973 -0.121166 -0.142438
262 -0.52169 -0.0925062 -0.0740626
263 -0.575722 -0.185132 0.00241252
264 -0.551685 -0.18701 0.0810384
265 -0.27242 -0.234638 0.00278379
266 -0.283016 -0.317557 0.00261112
267 -0.284262 -0.234044 -0.0635413
268 -0.406223 -0.207423 -0.143657
269 -0.424833 -0.297104 -0.145452
270 -0.487686 -0.19605 -0.13135
271 -0.567245 -0.286026 -0.0747223
272 -0.551658 -0.18725 -0.0761883
273 -0.590086 -0.284184 0.00262317
274 -0.574552 -0.390381 0.0788241
275 -0.567092 -0.28582 0.0798942
276 -0.516189 -0.394415 0.135405
277 -0.506786 -0.293286 0.134622
278 -0.436525 -0.400669 0.154099
279 -0.424614 -0.296778 0.15054
280 -0.349964 -0.311357 0.125893
281 -0.297761 -0.320683 0.068171
282 -0.297874 -0.320718 -0.0629304
283 -0.436866 -0.400906 -0.148988
284 -0.35011 -0.31161 -0.120738
285 -0.516547 -0.394588 -0.130187
286 -0.507013 -0.29362 -0.129529
287 -0.595698 -0.388635 0.00270103
288 -0.35888 -0.406769 0.129848
289 -0.304765 -0.410318 0.0759375
290 -0.286652 -0.407954 0.00255681
291 -0.31546 -0.485578 -0.0633974
292 -0.304935 -0.410403 -0.0709013
293 -0.359086 -0.406976 -0.12478
294 -0.367657 -0.487878 -0.121798
295 -0.574796 -0.390471 -0.0734933
296 -0.57622 -0.489716 -0.0743723
297 -0.571328 -0.58833 0.0792749
298 -0.575819 -0.489672 0.0799864
299 -0.513528 -0.583429 0.134718
300 -0.516957 -0.48941 0.133718
301 -0.435991 -0.577051 0.153353
302 -0.439878 -0.489102 0.148876
303 -0.36718 -0.487782 0.126574
304 -0.360029 -0.569732 0.13007
305 -0.31531 -0.485547 0.0680747
306 -0.295542 -0.484176 0.00230997
307 -0.285459 -0.561988 0.00202397
308 -0.360906 -0.569691 -0.125582
309 -0.440518 -0.489217 -0.143897
310 -0.514491 -0.583377 -0.129268
311 -0.517605 -0.489477 -0.128418
312 -0.593811 -0.592315 0.00298508
313 -0.598656 -0.49091 0.00287656
314 -0.428761 -0.661422 0.152245
315 -0.306778 -0.638252 0.0719843
316 -0.305247 -0.561426 0.0750776
317 -0.290637 -0.634992 0.00192965
318 -0.307343 -0.63822 -0.0680396
319 -0.305717 -0.561395 -0.0708836
320 -0.354721 -0.645839 -0.121522
321 -0.437081 -0.577016 -0.148415
322 -0.50786 -0.67473 -0.130588
323 -0.571902 -0.588301 -0.0734401
324 -0.58762 -0.689595 0.00304843
325 -0.569443 -0.784768 0.0031149
326 -0.565534 -0.685252 0.0819429
327 -0.506664 -0.674845 0.136022
328 -0.353776 -0.645968 0.125717
329 -0.279861 -0.705675 0.00170232
330 -0.346939 -0.724026 -0.124772
331 -0.41783 -0.743148 -0.147535
332 -0.430029 -0.661334 -0.147458
333 -0.550557 -0.780256 -0.0749112
334 -0.566286 -0.685179 -0.0760355
335 -0.522946 -0.873846 0.079244
336 -0.549663 -0.780315 0.0809411
337 -0.493062 -0.76495 0.135294
338 -0.416139 -0.743317 0.152109
339 -0.397923 -0.827935 0.153607
340 -0.345573 -0.724202 0.128673
341 -0.295491 -0.710526 0.074082
342 -0.278503 -0.779232 -0.0730179
343 -0.296231 -0.710439 -0.0706135
344 -0.329483 -0.798968 -0.128734
345 -0.494555 -0.764821 -0.129888
346 -0.489203 -0.969111 0.0794142
347 -0.469705 -0.853432 0.134279
348 -0.327925 -0.799225 0.13239
349 -0.257724 -0.843545 0.0770079
350 -0.277656 -0.779381 0.0761275
351 -0.241012 -0.833941 0.00120459
352 -0.258786 -0.770664 0.0014562
353 -0.25874 -0.843354 -0.0745221
354 -0.399767 -0.827668 -0.149219
355 -0.373887 -0.90682 -0.150301
356 -0.441099 -0.942654 -0.129607
357 -0.471317 -0.853249 -0.129057
358 -0.523878 -0.873723 -0.0733538
359 -0.490374 -0.968996 -0.073964
360 -0.508071 -0.978345 0.0028883
361 -0.543035 -0.880134 0.00307526
362 -0.46031 -1.07102 0.00254153
363 -0.443192 -1.05849 0.078159
364 -0.439184 -0.942911 0.134296
365 -0.371771 -0.907136 0.154063
366 -0.305862 -0.870736 0.132349
367 -0.273523 -0.93664 0.134328
368 -0.229094 -0.902798 0.0777692
369 -0.213397 -0.889616 0.00081898
370 -0.307619 -0.870425 -0.12939
371 -0.444476 -1.05833 -0.0733211
372 -0.397101 -1.02664 0.1339
373 -0.335075 -0.982052 0.154338
374 -0.287265 -1.05001 0.154246
375 -0.234035 -0.995406 0.136104
376 -0.193282 -0.951567 0.079581
377 -0.194633 -0.95123 -0.0786672
378 -0.230303 -0.902579 -0.0759373
379 -0.275649 -0.936319 -0.131925
380 -0.337544 -0.981721 -0.15111
381 -0.344783 -1.10268 -0.129311
382 -0.399304 -1.02633 -0.129741
383 -0.380829 -1.14197 -0.0736416
384 -0.393687 -1.15588 0.00192373
385 -0.379398 -1.14217 0.077194
386 -0.342282 -1.10302 0.132234
387 -0.139444 -0.975893 -0.000113052
388 -0.177706 -0.937278 0.000441495
389 -0.236327 -0.994907 -0.134768
390 -0.233651 -1.10878 -0.153453
391 -0.290032 -1.04954 -0.152166
392 -0.273251 -1.16932 -0.129369
393 -0.311453 -1.22929 0.00105505
394 -0.214417 -1.27422 0.0754489
395 -0.301433 -1.21376 0.075846
396 -0.27061 -1.16973 0.130809
397 -0.230489 -1.10931 0.154234
398 -0.160821 -1.15433 0.154533
399 -0.184416 -1.04343 0.136557
400 -0.12937 -1.08323 0.136146
401 -0.107287 -1.02999 0.0781444
402 -0.151804 -0.994012 0.0823659
403 -0.153339 -0.993587 -0.0824278
404 -0.109054 -1.02965 -0.07927
405 -0.132352 -1.08259 -0.137144
406 -0.187055 -1.04286 -0.136393
407 -0.164088 -1.15368 -0.155194
408 -0.193892 -1.22443 -0.132634
409 -0.216024 -1.27391 -0.0754318
410 -0.223316 -1.2939 5.20223e-05
411 -0.302977 -1.2135 -0.0738874
412 -0.106726 -1.30804 0.0736276
413 -0.191127 -1.22499 0.13238
414 -0.0652782 -1.10485 0.137915
415 -0.0978823 -1.00889 -0.000610805
416 -0.05249 -1.04494 -0.0866063
417 -0.0890728 -1.18434 -0.157457
418 -0.108496 -1.30768 -0.0761831
419 -0.111333 -1.32537 -0.00121488
420 0.00483194 -1.26734 0.130164
421 -0.0970331 -1.25714 0.12864
422 -0.0854611 -1.18497 0.154671
423 0.00393604 -1.19268 0.154365
424 -0.0505926 -1.04536 0.0841794
425 -0.0471791 -1.02349 -0.00121228
426 -0.0686416 -1.10409 -0.140708
427 -0.0999435 -1.25656 -0.131233
428 0.119643 -1.31876 -0.0043051
429 0.00602102 -1.33965 -0.00286446
430 0.0068329 -1.32229 0.071971
431 0.0884475 -1.17819 0.151705
432 0.0516902 -1.04285 0.0786179
433 0.00120338 -1.11691 0.138878
434 0.00411964 -1.06072 0.0790101
435 0.0442642 -1.01718 -0.00167032
436 0.00180059 -1.03781 -0.00164526
437 0.0474434 -1.04259 -0.0834169
438 0.00143017 -1.06106 -0.0825112
439 -0.00289474 -1.11679 -0.143304
440 0.102075 -1.2474 -0.135469
441 0.000418963 -1.19236 -0.159643
442 0.00172118 -1.26663 -0.135516
443 0.00489903 -1.32188 -0.0775926
444 0.218722 -1.26251 0.0695492
445 0.116097 -1.29956 0.0712525
446 0.105037 -1.24795 0.127523
447 0.16239 -1.14593 0.149139
448 0.0676757 -1.10156 0.138333
449 0.0912457 -0.997232 -0.00278775
450 0.0631494 -1.10158 -0.144648
451 0.0855493 -1.17719 -0.158953
452 0.114201 -1.29946 -0.0797254
453 0.226212 -1.28067 -0.00548184
454 0.1979 -1.21399 0.127541
455 0.2724 -1.15865 0.127246
456 0.129301 -1.07362 0.13371
457 0.184333 -1.03544 0.130554
458 0.101995 -1.02168 0.0802694
459 0.148328 -0.986922 -0.0818034
460 0.100526 -1.02205 -0.0850362
461 0.125367 -1.07381 -0.139049
462 0.226337 -1.09656 -0.159897
463 0.159139 -1.14329 -0.158638
464 0.194283 -1.21175 -0.137113
465 0.216255 -1.26107 -0.0804757
466 0.303523 -1.20262 -0.082179
467 0.315309 -1.21747 -0.00582095
468 0.304465 -1.20309 0.0706496
469 0.340097 -1.0939 0.126713
470 0.287269 -1.03997 0.148787
471 0.228437 -1.0978 0.150054
472 0.23334 -0.984403 0.129602
473 0.176689 -0.927834 -0.00358145
474 0.149255 -0.988363 0.0739403
475 0.134959 -0.969811 -0.00398139
476 0.191677 -0.942101 -0.0812944
477 0.183407 -1.03316 -0.13905
478 0.231828 -0.981575 -0.138299
479 0.270729 -1.15818 -0.138718
480 0.392125 -1.14539 -0.00712648
481 0.378127 -1.1316 0.069678
482 0.334705 -0.971919 0.147944
483 0.192777 -0.943542 0.0738579
484 0.211594 -0.877449 -0.00323216
485 0.2711 -0.921967 -0.136076
486 0.285145 -1.03708 -0.158887
487 0.332046 -0.969195 -0.15674
488 0.3359 -1.09065 -0.137727
489 0.438566 -1.04953 -0.0828584
490 0.376511 -1.13006 -0.0835259
491 0.439456 -1.05116 0.0699994
492 0.439115 -0.935159 0.126604
493 0.395397 -1.01776 0.126734
494 0.307028 -0.859156 0.128015
495 0.273728 -0.92481 0.128351
496 0.258689 -0.831703 0.0725408
497 0.228442 -0.889786 0.0728752
498 0.240906 -0.821136 -0.00250389
499 0.227115 -0.888475 -0.0796451
500 0.304632 -0.856825 -0.135401
501 0.370162 -0.894201 -0.156279
502 0.436966 -0.932117 -0.137573
503 0.393636 -1.01514 -0.138095
504 0.504516 -0.97331 -0.00646369
505 0.454888 -1.06271 -0.0066851
506 0.487844 -0.96391 0.0706121
507 0.471815 -0.847417 0.125896
508 0.372757 -0.89736 0.14745
509 0.401297 -0.819066 0.146903
510 0.331417 -0.788939 0.126758
511 0.259863 -0.757968 -0.00201936
512 0.257993 -0.830329 -0.078037
513 0.486507 -0.961581 -0.0830122
514 0.541682 -0.877059 -0.00578724
515 0.571036 -0.784322 -0.00471953
516 0.522704 -0.869418 0.0701199
517 0.349884 -0.714804 0.122972
518 0.301008 -0.699165 0.0695421
519 0.279767 -0.76775 0.072208
520 0.281808 -0.694733 -0.00160856
521 0.27842 -0.765982 -0.0768453
522 0.299198 -0.697161 -0.0732078
523 0.34716 -0.711875 -0.127558
524 0.420533 -0.734822 -0.152637
525 0.328786 -0.78634 -0.132989
526 0.398473 -0.815829 -0.155052
527 0.494806 -0.755166 -0.137112
528 0.469549 -0.844415 -0.1357
529 0.521732 -0.866993 -0.0811912
530 0.509378 -0.668164 0.12806
531 0.552573 -0.777021 0.0738476
532 0.497415 -0.758666 0.128897
533 0.423583 -0.738649 0.14625
534 0.306773 -0.626755 0.0731228
535 0.287692 -0.624345 -0.000755409
536 0.35625 -0.634815 -0.131276
537 0.507067 -0.665089 -0.134126
538 0.551299 -0.77408 -0.082877
539 0.584145 -0.685218 -0.00326257
540 0.565886 -0.68131 0.0734942
541 0.579743 -0.58477 0.0770697
542 0.520499 -0.576122 0.131666
543 0.43357 -0.654711 0.147438
544 0.371023 -0.560295 0.122628
545 0.360115 -0.638068 0.12784
546 0.322613 -0.554134 0.0665614
547 0.301335 -0.550804 -5.53184e-05
548 0.317602 -0.551828 -0.0671777
549 0.304105 -0.624147 -0.0750135
550 0.430182 -0.650241 -0.152434
551 0.518126 -0.571304 -0.13175
552 0.564386 -0.678022 -0.0800218
553 0.60483 -0.482426 0.000601339
554 0.445175 -0.568217 0.146056
555 0.446434 -0.480661 0.147538
556 0.316743 -0.478705 0.0737371
557 0.294144 -0.475056 0.00105945
558 0.309464 -0.475707 -0.0718486
559 0.363284 -0.557774 -0.12514
560 0.440136 -0.565812 -0.149519
561 0.576315 -0.577669 -0.0771526
562 0.58395 -0.481848 -0.0783391
563 0.598329 -0.584232 -0.00134837
564 0.579085 -0.382491 0.0732594
565 0.578758 -0.484773 0.0729082
566 0.52143 -0.385624 0.129148
567 0.522348 -0.48376 0.127062
568 0.444093 -0.389372 0.146543
569 0.371335 -0.480812 0.129154
570 0.368653 -0.396525 0.125685
571 0.365894 -0.400011 -0.125543
572 0.366271 -0.481173 -0.123892
573 0.442665 -0.48156 -0.150874
574 0.518642 -0.388437 -0.133711
575 0.523769 -0.480364 -0.135163
576 0.603042 -0.383446 -0.00385661
577 -0.250944 0.31105 0.0016511
578 0.428485 -0.588163 0.00713366
579 -0.12719 0.505818 0.00196364
580 -0.313924 0.136696 0.00225243
581 -0.435443 -0.492694 0.00250932
582 -0.369587 -0.903458 0.00195287
583 0.367464 -0.898505 -0.00453908
584 -0.36347 -0.0370914 0.00250785
585 0.360426 -0.0349808 -0.00114991
586 0.406512 -0.211649 -0.000411002
587 0.304 0.150717 -0.000127031
588 0.0891149 -1.17702 -0.00557138
589 -0.0810006 -1.17954 -0.00121285
590 0.076416 0.545376 0.00995551
591 -0.256979 -1.075 0.000822006
592 -0.418432 -0.704645 0.00237572
593 -0.41059 -0.252009 0.00259363
594 0.451478 -0.440466 -0.0285405
595 0.254537 -1.07643 0.00726398
596 0.21612 -1.16307 -0.0315673
597 0.319025 -0.993227 0.0670987
598 0.144033 -1.04674 0.0136451
599 0.416629 -0.741685 -0.00372608
600 0.421273 -0.356478 0.0591608
601 0.309691 -1.00288 -0.0823684
602 0.22561 0.313344 -0.0022706
603 0.152052 0.418602 0.0810784
604 0.165415 0.4755 -0.0664267
605 0.240521 0.465078 0.0182594
606 0.0990778 0.3797 -0.020346
