1 0.448884 -0.291772 0.136293
2 0.296924 -0.30473 0.128214
3 0.257882 -0.396566 0.0728778
4 0.239459 -0.392893 0.00188412
5 0.257717 -0.396189 -0.0695489
6 0.249935 -0.30732 -0.0699468
7 0.300505 -0.302688 -0.12384
8 0.382933 -0.388161 -0.148481
9 0.450859 -0.289849 -0.129859
10 0.514885 -0.379085 -0.0752962
11 0.508472 -0.28691 0.0824561
12 0.49429 -0.194928 0.0821679
13 0.371181 -0.300984 0.152494
14 0.241319 -0.224296 0.0719325
15 0.247026 -0.310142 0.0737297
16 0.230441 -0.312648 0.00149058
17 0.23866 -0.228094 -0.0697291
18 0.290855 -0.219082 -0.123937
19 0.364214 -0.211377 -0.14551
20 0.373714 -0.298099 -0.147232
21 0.439545 -0.200761 -0.127992
22 0.51039 -0.285968 -0.0739453
23 0.531571 -0.284778 0.00440609
24 0.51656 -0.191592 0.00485711
25 0.436879 -0.20252 0.135906
26 0.350575 -0.120938 0.152522
27 0.361886 -0.212392 0.153148
28 0.287858 -0.218932 0.12798
29 0.228462 -0.138275 0.0719651
30 0.210682 -0.143513 0.000846932
31 0.223934 -0.226844 0.00246222
32 0.230236 -0.145218 -0.0690736
33 0.486845 -0.100527 -0.07303
34 0.496476 -0.193644 -0.0730512
35 0.46755 -0.00545037 0.0807628
36 0.48539 -0.101314 0.0823667
37 0.409829 -0.0187961 0.134074
38 0.427315 -0.108512 0.13669
39 0.335236 -0.0326392 0.151104
40 0.278784 -0.133029 0.126463
41 0.213642 -0.0551174 0.0726041
42 0.198188 -0.0575893 0.000402842
43 0.280782 -0.133729 -0.123173
44 0.353646 -0.121793 -0.144827
45 0.427885 -0.108955 -0.129034
46 0.469738 -0.00754411 -0.0729323
47 0.489717 -0.00237287 0.0042618
48 0.507526 -0.0976673 0.00528455
49 0.319119 0.0561509 0.150273
50 0.263305 -0.0448345 0.127207
51 0.218557 -0.0568824 -0.068529
52 0.265728 -0.0472849 -0.123332
53 0.322732 0.0553039 -0.144524
54 0.337888 -0.0325445 -0.146417
55 0.413342 -0.0180731 -0.128192
56 0.396653 0.0762465 -0.126726
57 0.45107 0.08874 -0.0729083
58 0.472259 0.0959322 0.00398671
59 0.425635 0.187685 0.0794153
60 0.450744 0.0903054 0.0810467
61 0.393287 0.0748107 0.133611
62 0.299471 0.14767 0.150135
63 0.232063 0.12406 0.126689
64 0.249195 0.0382135 0.127097
65 0.200686 0.0251079 0.071058
66 0.185213 0.0208923 0.00058421
67 0.202074 0.026853 -0.0693049
68 0.251621 0.0375665 -0.123704
69 0.427475 0.190343 -0.0720806
70 0.445874 0.194592 0.0038033
71 0.372002 0.171792 0.133163
72 0.274084 0.237869 0.149213
73 0.182528 0.107446 0.0720921
74 0.166351 0.102304 0.000963262
75 0.145912 0.174868 0.000332694
76 0.184107 0.108251 -0.0707136
77 0.234803 0.124699 -0.124589
78 0.211982 0.206068 -0.125551
79 0.278384 0.23781 -0.144957
80 0.30376 0.144388 -0.145418
81 0.345477 0.265834 -0.12536
82 0.374565 0.171692 -0.12675
83 0.395045 0.287266 -0.0701173
84 0.412403 0.296135 0.00424588
85 0.39241 0.288503 0.0779317
86 0.341978 0.266363 0.130925
87 0.241785 0.325056 0.148502
88 0.180288 0.284393 0.128601
89 0.2089 0.207204 0.12794
90 0.135802 0.254611 0.0744767
91 0.162119 0.181915 0.0733829
92 0.139183 0.254507 -0.0746694
93 0.163788 0.18447 -0.0718009
94 0.184452 0.284061 -0.127549
95 0.353722 0.391397 -0.0699377
96 0.36708 0.404818 0.00334837
97 0.293462 0.496574 0.0729106
98 0.350235 0.393411 0.0762318
99 0.304272 0.363812 0.129366
100 0.146583 0.35682 0.128341
101 0.107583 0.318749 0.0738124
102 0.121476 0.243358 -2.74927e-06
103 0.15065 0.357852 -0.128858
104 0.205112 0.40826 -0.146285
105 0.245612 0.324516 -0.14582
106 0.308246 0.363072 -0.124803
107 0.307291 0.510994 0.00234381
108 0.252976 0.461352 0.126872
109 0.148156 0.48295 0.146765
110 0.201258 0.408823 0.147177
111 0.104066 0.420054 0.130908
112 0.0704253 0.371739 0.0759135
113 0.0610165 0.349177 -0.0018237
114 0.0940281 0.304417 -0.00114254
115 0.110063 0.318578 -0.0752359
116 0.257347 0.460213 -0.123882
117 0.209308 0.595005 -0.061929
118 0.296715 0.494916 -0.0684549
119 0.212906 0.616072 0.000564781
120 0.207465 0.596578 0.0632087
121 0.186321 0.551256 0.121037
122 0.0786067 0.542247 0.147597
123 0.0351203 0.407474 0.0783901
124 0.0372838 0.409715 -0.0812624
125 0.0733447 0.369256 -0.0807214
126 0.108099 0.418171 -0.13423
127 0.152523 0.485974 -0.147523
128 0.103668 0.623197 -0.12249
129 0.191317 0.550751 -0.118948
130 0.112427 0.690698 -0.0681482
131 0.111823 0.690163 0.0667281
132 0.102699 0.62143 0.121869
133 -0.00316258 0.6557 0.122408
134 -0.00463764 0.569089 0.151489
135 -0.00836937 0.487078 0.13555
136 -0.0109282 0.427334 0.0801219
137 0.0539455 0.463762 0.13536
138 -0.0141915 0.404538 -0.00379179
139 0.0270443 0.386141 -0.00310414
140 -0.00892125 0.429465 -0.0840196
141 0.0588569 0.466544 -0.136006
142 -0.0080719 0.570263 -0.153149
143 0.0837995 0.545876 -0.149338
144 -0.000970933 0.741076 -0.0767783
145 0.105224 0.750526 -0.00100433
146 0.000643751 0.770589 -0.000567932
147 -0.000754934 0.740725 0.0766086
148 -0.0909693 0.542886 0.14911
149 -0.066609 0.461977 0.129935
150 -0.0434613 0.411363 0.0777552
151 -0.0471548 0.411629 -0.0818237
152 -0.0066709 0.489579 -0.140113
153 -0.00683426 0.655224 -0.123222
154 -0.122368 0.68593 -0.0634162
155 -0.105089 0.752086 -0.000443851
156 -0.229667 0.625313 0.00134416
157 -0.225638 0.598166 0.0687561
158 -0.120818 0.686035 0.0645974
159 -0.11208 0.623043 0.122753
160 -0.197914 0.549817 0.1227
161 -0.0821626 0.372038 0.0752837
162 -0.070035 0.356321 -0.00222791
163 -0.0368308 0.387194 -0.00270851
164 -0.121413 0.420921 -0.13476
165 -0.0686343 0.462339 -0.134129
166 -0.200638 0.550318 -0.119831
167 -0.0929513 0.543399 -0.14975
168 -0.11824 0.622729 -0.121878
169 -0.301016 0.497846 0.0705674
170 -0.265779 0.461284 0.127324
171 -0.211044 0.4109 0.147107
172 -0.157176 0.484121 0.145958
173 -0.155932 0.359851 0.12776
174 -0.115628 0.322772 0.0740738
175 -0.116277 0.419398 0.132898
176 -0.0852489 0.373439 -0.0778641
177 -0.216506 0.410481 -0.145664
178 -0.16148 0.488059 -0.145174
179 -0.267113 0.462481 -0.122382
180 -0.226921 0.597808 -0.0644066
181 -0.313269 0.510072 0.00297535
182 -0.379384 0.405745 0.00345472
183 -0.314799 0.364943 0.128727
184 -0.251567 0.32678 0.148349
185 -0.145922 0.25788 0.0732999
186 -0.101967 0.305271 -0.000921671
187 -0.117871 0.32124 -0.0771909
188 -0.160351 0.360298 -0.128682
189 -0.257336 0.326916 -0.145732
190 -0.320196 0.363966 -0.124328
191 -0.364385 0.39463 -0.0699363
192 -0.302473 0.49826 -0.0648746
193 -0.422973 0.296691 0.00394755
194 -0.361616 0.394352 0.076186
195 -0.35229 0.267893 0.131411
196 -0.18968 0.287815 0.128739
197 -0.171775 0.183768 0.0729154
198 -0.130711 0.247041 -0.000532576
199 -0.155484 0.176668 -0.000322378
200 -0.148017 0.258505 -0.0734537
201 -0.221756 0.209798 -0.125171
202 -0.194246 0.288141 -0.127016
203 -0.28844 0.239243 -0.145025
204 -0.356573 0.267712 -0.125227
205 -0.40544 0.289639 -0.069801
206 -0.403245 0.288954 0.0772897
207 -0.381845 0.171928 0.132756
208 -0.310327 0.148968 0.150617
209 -0.284693 0.238114 0.149921
210 -0.217994 0.209115 0.127758
211 -0.241547 0.127267 0.126587
212 -0.19371 0.109453 0.0731763
213 -0.175915 0.104757 -0.000190002
214 -0.19426 0.110857 -0.0719968
215 -0.173571 0.186883 -0.0729179
216 -0.244136 0.125523 -0.124751
217 -0.313272 0.149437 -0.145469
218 -0.385933 0.171758 -0.125982
219 -0.437643 0.188361 -0.0709561
220 -0.456378 0.195073 0.00434294
221 -0.435422 0.189223 0.0796355
222 -0.194942 0.0248056 1.6028e-06
223 -0.211384 0.0263031 -0.0690043
224 -0.262409 0.0410619 -0.12331
225 -0.407022 0.0783185 -0.12822
226 -0.462365 0.0898655 -0.0726752
227 -0.482011 0.0960266 0.00431678
228 -0.477559 -0.0037192 0.0818167
229 -0.459911 0.0914461 0.0808556
230 -0.420416 -0.0162878 0.135515
231 -0.401625 0.0763253 0.134164
232 -0.330566 0.0582646 0.150654
233 -0.25878 0.0412312 0.126902
234 -0.225581 -0.0540557 0.0724576
235 -0.209741 0.027144 0.0708673
236 -0.208483 -0.0594982 0.000445533
237 -0.226758 -0.0552271 -0.0689991
238 -0.347609 -0.0304588 -0.146222
239 -0.333759 0.0602537 -0.145074
240 -0.493185 -0.0992644 0.0829061
241 -0.499691 -0.00108075 0.00464261
242 -0.343283 -0.0323837 0.150774
243 -0.287423 -0.133829 0.12692
244 -0.275111 -0.0445236 0.125812
245 -0.221372 -0.140148 0.0014266
246 -0.239202 -0.144778 -0.0689624
247 -0.277458 -0.0445171 -0.122308
248 -0.436795 -0.108851 -0.126766
249 -0.422629 -0.0158521 -0.128511
250 -0.478765 -0.00611758 -0.0729758
251 -0.516829 -0.0944533 0.00443332
252 -0.447012 -0.199769 0.136236
253 -0.436644 -0.107571 0.135397
254 -0.358616 -0.119943 0.151213
255 -0.369757 -0.210108 0.152905
256 -0.295683 -0.218787 0.126896
257 -0.24826 -0.228582 0.0725562
258 -0.237206 -0.137644 0.0710547
259 -0.299493 -0.220115 -0.120396
260 -0.289674 -0.133162 -0.123593
261 -0.36216 -0.120176 -0.146179
262 -0.494462 -0.0993529 -0.0743852
263 -0.528174 -0.188979 0.00522763
264 -0.505347 -0.192547 0.0811726
265 -0.232237 -0.22881 0.00241492
266 -0.237791 -0.308758 0.00210932
267 -0.252323 -0.226268 -0.068501
268 -0.373043 -0.209714 -0.146497
269 -0.383983 -0.297754 -0.146441
270 -0.449942 -0.200802 -0.128998
271 -0.516602 -0.285881 -0.0727462
272 -0.507649 -0.191982 -0.0722418
273 -0.538691 -0.286388 0.00427917
274 -0.524763 -0.379631 0.0822826
275 -0.515933 -0.285303 0.0821748
276 -0.465421 -0.382179 0.136805
277 -0.457937 -0.288819 0.136741
278 -0.390079 -0.387429 0.154125
279 -0.37989 -0.297546 0.152226
280 -0.308438 -0.305175 0.129249
281 -0.25716 -0.310152 0.0745834
282 -0.257511 -0.310914 -0.0690962
283 -0.393368 -0.386859 -0.147431
284 -0.310267 -0.305862 -0.124782
285 -0.469912 -0.383217 -0.128484
286 -0.459434 -0.290691 -0.127597
287 -0.547179 -0.378717 0.00458077
288 -0.314841 -0.390135 0.12849
289 -0.266017 -0.390572 0.0750352
290 -0.247693 -0.3908 0.00216085
291 -0.270038 -0.473108 -0.0698501
292 -0.266703 -0.393562 -0.0709274
293 -0.319256 -0.389126 -0.124333
294 -0.323081 -0.474288 -0.125999
295 -0.526094 -0.37998 -0.0724282
296 -0.531511 -0.474287 -0.0737289
297 -0.532625 -0.564735 0.0826163
298 -0.529889 -0.473485 0.0835715
299 -0.473872 -0.563676 0.137398
300 -0.470622 -0.474583 0.136941
301 -0.396906 -0.56033 0.154273
302 -0.393948 -0.474577 0.153806
303 -0.320237 -0.476236 0.129544
304 -0.321903 -0.557153 0.129189
305 -0.270309 -0.4759 0.0719878
306 -0.252957 -0.471261 0.000939025
307 -0.252093 -0.55539 -6.31623e-05
308 -0.324686 -0.556525 -0.12481
309 -0.397741 -0.474056 -0.147415
310 -0.477343 -0.563377 -0.129741
311 -0.474387 -0.472599 -0.129343
312 -0.555692 -0.565305 0.00492709
313 -0.553421 -0.473675 0.00475882
314 -0.396745 -0.647574 0.154222
315 -0.269431 -0.637167 0.0758645
316 -0.269534 -0.555345 0.0732185
317 -0.250374 -0.632768 0.00162888
318 -0.270954 -0.636631 -0.0730413
319 -0.272256 -0.557709 -0.0711108
320 -0.325468 -0.643144 -0.127618
321 -0.400071 -0.560168 -0.148264
322 -0.475399 -0.654375 -0.128258
323 -0.534557 -0.564791 -0.0731271
324 -0.553152 -0.664517 0.00429976
325 -0.544051 -0.76111 0.00423846
326 -0.531044 -0.66229 0.0815872
327 -0.472736 -0.655256 0.135914
328 -0.322128 -0.641089 0.130469
329 -0.244737 -0.703357 0.000745032
330 -0.317877 -0.719752 -0.12802
331 -0.391952 -0.733287 -0.148685
332 -0.39988 -0.647488 -0.148248
333 -0.524109 -0.757099 -0.0733284
334 -0.532081 -0.660993 -0.0724401
335 -0.505651 -0.85381 0.0809244
336 -0.522218 -0.757607 0.0810071
337 -0.465528 -0.747623 0.13615
338 -0.388898 -0.73323 0.154553
339 -0.375979 -0.817386 0.154579
340 -0.315163 -0.719034 0.132113
341 -0.26166 -0.709213 0.0756986
342 -0.252173 -0.782348 -0.0724629
343 -0.265011 -0.710027 -0.0723395
344 -0.305981 -0.797571 -0.128597
345 -0.468062 -0.746474 -0.128936
346 -0.478061 -0.949988 0.0803774
347 -0.450288 -0.838196 0.136147
348 -0.303624 -0.796228 0.132957
349 -0.234583 -0.847378 0.077655
350 -0.251143 -0.77993 0.0766273
351 -0.216345 -0.84 0.00162284
352 -0.232496 -0.775241 0.00143596
353 -0.235444 -0.848825 -0.0738778
354 -0.378925 -0.817971 -0.148693
355 -0.357474 -0.899633 -0.149666
356 -0.427878 -0.929251 -0.128916
357 -0.452221 -0.838923 -0.128725
358 -0.506448 -0.854171 -0.0728883
359 -0.479321 -0.950555 -0.072656
360 -0.497813 -0.957913 0.00402666
361 -0.526115 -0.860145 0.00389611
362 -0.456413 -1.05446 0.00383374
363 -0.438405 -1.04429 0.0797524
364 -0.425877 -0.928693 0.135969
365 -0.355013 -0.899507 0.155624
366 -0.284792 -0.869241 0.133592
367 -0.258185 -0.93785 0.135365
368 -0.2104 -0.909102 0.0788579
369 -0.193137 -0.898069 0.00154315
370 -0.287287 -0.870337 -0.129317
371 -0.439475 -1.04488 -0.0723914
372 -0.390032 -1.01539 0.135525
373 -0.32409 -0.977113 0.156002
374 -0.28197 -1.04988 0.156874
375 -0.223853 -1.00033 0.136004
376 -0.180382 -0.963633 0.0793363
377 -0.18163 -0.964176 -0.0759278
378 -0.211617 -0.909787 -0.0752771
379 -0.260401 -0.938832 -0.131124
380 -0.326611 -0.977854 -0.150562
381 -0.34262 -1.09977 -0.128525
382 -0.39212 -1.01607 -0.128989
383 -0.383094 -1.13482 -0.0718747
384 -0.398583 -1.14618 0.00355277
385 -0.382423 -1.13423 0.0788095
386 -0.340962 -1.09883 0.134859
387 -0.130202 -0.989949 0.0015726
388 -0.163596 -0.950303 0.00154445
389 -0.225808 -1.00113 -0.131909
390 -0.230045 -1.11476 -0.151927
391 -0.284085 -1.05076 -0.151803
392 -0.276925 -1.17324 -0.129533
393 -0.323597 -1.23011 0.00302145
394 -0.219976 -1.27759 0.0763938
395 -0.31035 -1.21489 0.0791967
396 -0.275712 -1.17231 0.135378
397 -0.228136 -1.11399 0.15687
398 -0.161498 -1.1634 0.157656
399 -0.179918 -1.05239 0.137462
400 -0.126489 -1.09453 0.13897
401 -0.100034 -1.0434 0.0810723
402 -0.144531 -1.00744 0.0818093
403 -0.145878 -1.00816 -0.0784093
404 -0.10119 -1.04395 -0.0779848
405 -0.127984 -1.09543 -0.135221
406 -0.181708 -1.0533 -0.133431
407 -0.163391 -1.16272 -0.153085
408 -0.197714 -1.23053 -0.129187
409 -0.219745 -1.27901 -0.0710835
410 -0.227749 -1.29427 0.00281544
411 -0.310492 -1.21575 -0.0730134
412 -0.118114 -1.32197 0.0797052
413 -0.196368 -1.23055 0.13394
414 -0.0669526 -1.11961 0.140823
415 -0.0942785 -1.02314 0.00205545
416 -0.0524207 -1.06276 -0.0813854
417 -0.0891505 -1.19861 -0.152524
418 -0.119323 -1.32128 -0.0743286
419 -0.121872 -1.33915 0.00229523
420 -0.0045104 -1.28302 0.134209
421 -0.105811 -1.26962 0.136083
422 -0.087705 -1.19705 0.15761
423 -0.00340594 -1.20635 0.157769
424 -0.0498916 -1.06169 0.0826145
425 -0.0478274 -1.04104 0.000318643
426 -0.0682245 -1.12039 -0.136712
427 -0.105751 -1.26926 -0.130086
428 0.115072 -1.34075 0.00217282
429 -0.00517592 -1.35322 0.00242373
430 -0.0073972 -1.33541 0.0769797
431 0.0800944 -1.1971 0.157218
432 0.0443354 -1.06237 0.0820312
433 -0.00452189 -1.13158 0.140904
434 -0.00405794 -1.07302 0.0831163
435 0.0382816 -1.04345 -0.00132513
436 -0.0030933 -1.05584 -0.000805833
437 0.0482719 -1.06566 -0.0806388
438 -0.0037411 -1.07543 -0.0808907
439 -0.00450459 -1.13299 -0.138161
440 0.0963505 -1.27071 -0.131035
441 -0.00554241 -1.20923 -0.154826
442 -0.00692621 -1.28465 -0.129392
443 -0.00648297 -1.33556 -0.0721061
444 0.212505 -1.2777 0.0757129
445 0.109592 -1.32144 0.0776756
446 0.0969928 -1.26877 0.134108
447 0.154413 -1.16391 0.157008
448 0.0616556 -1.12094 0.138565
449 0.0806941 -1.0237 0.00123401
450 0.0633417 -1.12258 -0.137493
451 0.0795865 -1.199 -0.154423
452 0.111212 -1.32199 -0.0735075
453 0.221072 -1.29446 0.0019631
454 0.190117 -1.23151 0.132513
455 0.268406 -1.17213 0.133939
456 0.118415 -1.09388 0.137705
457 0.172145 -1.05434 0.137371
458 0.0918813 -1.04243 0.0816296
459 0.135444 -1.00681 -0.0784873
460 0.0944219 -1.0414 -0.079405
461 0.120403 -1.09428 -0.135759
462 0.219661 -1.11264 -0.152545
463 0.155736 -1.16572 -0.153674
464 0.189508 -1.2313 -0.129358
465 0.212541 -1.2782 -0.0720983
466 0.303275 -1.21454 -0.0743172
467 0.317207 -1.2294 0.00135863
468 0.30434 -1.21409 0.0772442
469 0.3329 -1.09935 0.133276
470 0.274675 -1.05039 0.155371
471 0.220433 -1.11424 0.156091
472 0.216152 -1.00081 0.13709
473 0.156257 -0.950132 0.00159322
474 0.137076 -1.00733 0.0805406
475 0.121726 -0.990951 0.00177158
476 0.172599 -0.963849 -0.0764779
477 0.17283 -1.05352 -0.134532
478 0.216361 -0.999887 -0.13259
479 0.26713 -1.17228 -0.130838
480 0.390561 -1.14616 0.00113286
481 0.375868 -1.1339 0.0769952
482 0.31769 -0.978519 0.154993
483 0.172902 -0.964019 0.0799822
484 0.185809 -0.898625 0.0019619
485 0.251537 -0.938554 -0.131631
486 0.273893 -1.0499 -0.152588
487 0.317289 -0.978079 -0.151943
488 0.331808 -1.09946 -0.130421
489 0.430554 -1.04471 -0.0751377
490 0.374981 -1.13404 -0.0745954
491 0.430965 -1.04475 0.0775983
492 0.418868 -0.929456 0.134176
493 0.383284 -1.01676 0.133808
494 0.278261 -0.87061 0.13401
495 0.251577 -0.939326 0.13534
496 0.22699 -0.848647 0.0779393
497 0.203644 -0.909669 0.0791668
498 0.208687 -0.83983 0.0020592
499 0.203774 -0.908888 -0.0751034
500 0.278332 -0.86995 -0.130212
501 0.347782 -0.899427 -0.15084
502 0.41858 -0.928984 -0.130992
503 0.382688 -1.01662 -0.131038
504 0.489876 -0.958624 0.00144012
505 0.448708 -1.05435 0.00112131
506 0.470959 -0.950785 0.0781365
507 0.442874 -0.839382 0.133801
508 0.347886 -0.900065 0.154322
509 0.369046 -0.818983 0.153662
510 0.295988 -0.797468 0.132783
511 0.224304 -0.775241 0.00213342
512 0.227065 -0.848222 -0.0740033
513 0.470756 -0.950561 -0.0751979
514 0.517595 -0.859306 0.00180141
515 0.535016 -0.760985 0.00179723
516 0.497286 -0.85413 0.0783371
517 0.307554 -0.720289 0.13205
518 0.255206 -0.710633 0.0759324
519 0.243533 -0.781554 0.0774234
520 0.235833 -0.707443 0.00185445
521 0.243445 -0.781555 -0.0730679
522 0.255035 -0.710473 -0.0720258
523 0.307822 -0.719609 -0.12641
524 0.382817 -0.733817 -0.149395
525 0.296492 -0.796737 -0.128892
526 0.369388 -0.818117 -0.149988
527 0.458145 -0.747087 -0.131117
528 0.443023 -0.838693 -0.130208
529 0.497274 -0.853885 -0.0748085
530 0.466152 -0.656086 0.135413
531 0.514239 -0.757394 0.0791009
532 0.457953 -0.747653 0.134775
533 0.382062 -0.734581 0.153811
534 0.261386 -0.635549 0.0743285
535 0.243238 -0.63338 0.00195696
536 0.313638 -0.640944 -0.127326
537 0.466098 -0.655525 -0.130331
538 0.514955 -0.758391 -0.0753881
539 0.545405 -0.663694 0.00244639
540 0.523846 -0.661355 0.080533
541 0.524303 -0.565916 0.07944
542 0.466344 -0.564333 0.134862
543 0.388114 -0.649112 0.152964
544 0.315176 -0.561408 0.129824
545 0.314708 -0.640729 0.130943
546 0.261256 -0.556513 0.0753566
547 0.243154 -0.556031 0.00168142
548 0.262034 -0.556195 -0.071638
549 0.26052 -0.634136 -0.0715012
550 0.388435 -0.649061 -0.149026
551 0.466861 -0.563594 -0.130036
552 0.523248 -0.659871 -0.0755639
553 0.544991 -0.471114 0.00274467
554 0.390216 -0.56323 0.152579
555 0.386017 -0.477138 0.152761
556 0.260418 -0.477995 0.0734001
557 0.243513 -0.474694 0.00205431
558 0.25949 -0.477912 -0.0701653
559 0.316898 -0.560629 -0.126572
560 0.391678 -0.562794 -0.14861
561 0.524719 -0.565729 -0.0740891
562 0.523865 -0.471239 -0.0748349
563 0.546145 -0.567682 0.00315895
564 0.514286 -0.380176 0.0810004
565 0.52366 -0.471725 0.0805402
566 0.457064 -0.384437 0.136367
567 0.465815 -0.474803 0.136254
568 0.379883 -0.389073 0.153115
569 0.311858 -0.477578 0.128523
570 0.308718 -0.392079 0.128274
571 0.310744 -0.390916 -0.123966
572 0.313948 -0.476083 -0.124478
573 0.388219 -0.476348 -0.148267
574 0.457922 -0.38271 -0.130084
575 0.466224 -0.473983 -0.130324
576 0.536472 -0.379234 0.00306453
577 -0.275636 0.400957 0.000484519
578 0.341916 -0.906368 0.00144098
579 0.025411 -1.23018 -0.011737
580 -0.385694 0.0483569 0.0106927
581 -0.392253 -0.352328 -0.00990815
582 -0.407549 -0.708493 -0.000291894
583 0.0456416 0.572887 -0.00872042
584 0.136887 -1.1687 -0.085536
585 0.43518 -0.445392 -7.61509e-05
586 -0.301435 -0.0583517 -0.056232
587 -0.314176 0.195855 0.0123136
588 0.387066 -0.762851 -0.0142022
589 0.349252 0.039157 0.011701
590 0.240054 0.348926 0.00776971
591 0.408233 -0.622705 0.00766894
592 -0.368891 -0.599012 0.0778125
593 -0.389759 -0.42891 -0.0750464
594 0.189313 -1.1891 0.0290403
595 0.40269 -0.283278 -0.00802126
596 0.293402 -1.06058 0.00723301
597 0.232167 0.0834186 -0.00238764
598 -0.385323 -0.887007 -0.00325672
599 0.334521 -0.0873947 0.0923938
600 -0.320461 -1.06582 0.00214154
601 -0.363527 -0.21874 -0.0563704
602 0.331718 -0.375576 0.0701075
603 -0.341718 0.0937725 -0.0705435
604 0.156594 0.481508 -0.0131782
605 -0.049264 -1.16728 0.0711241
606 -0.257074 0.23875 -0.0708108
607 0.192802 0.22479 -0.0253133
608 -0.334591 -0.0505651 0.0807972
609 -0.184514 -1.16276 0.0107884
610 -0.113635 0.588638 -0.0038903
611 -0.46119 -0.515242 0.0191495
612 0.0820589 -1.09872 0.041806
613 0.183773 -1.0227 -0.0263503
614 -0.282218 -0.172228 0.0275507
615 -0.203981 -1.01568 0.00471796
616 0.26362 -0.0836491 -0.0373087
617 -0.291226 0.109714 0.0785961
618 0.279139 0.188486 0.0873225
619 0.298655 -0.674445 0.0241262
620 -0.0429907 0.47423 0.0146627
621 -0.0898325 -1.16339 -0.0703915
622 -0.341277 -0.434572 0.0645591
623 0.387708 -0.512225 -0.077864
624 -0.305519 -0.514888 -0.021592
625 -0.385945 -0.803253 0.0833216
626 0.404549 -0.121796 -0.0264796
627 0.291673 -0.215548 0.0362164
628 -0.299888 -0.923452 -0.0746263
629 0.393563 -0.50398 0.0785996
630 -0.239205 0.282035 0.0708778
631 0.323809 -0.367927 -0.0666124
632 -0.317166 -0.75864 -0.0506559
633 -0.23876 0.066266 -0.0186968
634 -0.304534 -0.927802 0.0780168
635 -0.157054 0.442287 -0.0700767
636 0.330615 0.211233 -0.0549282
637 0.296512 -0.494799 -0.000946761
638 -0.37582 -0.274545 0.0790831
639 0.0884377 0.46886 0.0838738
640 -0.158949 0.430744 0.066968
641 -0.42844 -0.103071 -0.0129917
642 -0.172922 0.319482 -0.0369758
643 -0.392001 -0.162729 0.080242
644 -0.386221 -0.598858 -0.0768156
