1 0.378555 -0.547179 0.122416
2 0.218877 -0.548516 0.107442
3 0.187542 -0.650461 0.0529385
4 0.165039 -0.666403 -0.0111443
5 0.185396 -0.661358 -0.0774927
6 0.173221 -0.546161 -0.0766197
7 0.216693 -0.547389 -0.133945
8 0.3031 -0.635231 -0.162685
9 0.376238 -0.543596 -0.14845
10 0.442978 -0.608462 -0.097327
11 0.439899 -0.543265 0.0641174
12 0.431207 -0.454165 0.0668584
13 0.296625 -0.547267 0.137299
14 0.165933 -0.462463 0.0588773
15 0.171123 -0.544012 0.0536834
16 0.154353 -0.538799 -0.0104368
17 0.169282 -0.463203 -0.0812341
18 0.214255 -0.461885 -0.137394
19 0.287252 -0.460627 -0.157333
20 0.29362 -0.544232 -0.160106
21 0.368448 -0.456636 -0.147877
22 0.439484 -0.540999 -0.0935514
23 0.463523 -0.537925 -0.0155599
24 0.454381 -0.44896 -0.0155968
25 0.371829 -0.456544 0.120949
26 0.289066 -0.370852 0.136179
27 0.289466 -0.459908 0.132509
28 0.218997 -0.459198 0.106528
29 0.15419 -0.383291 0.0556395
30 0.135769 -0.387367 -0.00823045
31 0.146968 -0.464138 -0.00970736
32 0.155003 -0.384152 -0.0761908
33 0.436418 -0.356587 -0.0963937
34 0.431685 -0.450705 -0.0972492
35 0.449474 -0.266692 0.0627986
36 0.428631 -0.355318 0.0616353
37 0.38389 -0.266671 0.118524
38 0.369483 -0.364098 0.116811
39 0.294569 -0.267612 0.134173
40 0.206882 -0.372897 0.104482
41 0.157384 -0.280787 0.0549499
42 0.139025 -0.293847 -0.0104435
43 0.200309 -0.374977 -0.1304
44 0.279798 -0.37038 -0.154772
45 0.362923 -0.362237 -0.14836
46 0.446704 -0.264071 -0.0926342
47 0.472356 -0.266805 -0.0148914
48 0.45801 -0.35337 -0.0127736
49 0.293392 -0.161459 0.132908
50 0.206394 -0.269822 0.0980375
51 0.160308 -0.283964 -0.076795
52 0.207059 -0.266937 -0.124051
53 0.29387 -0.157889 -0.16027
54 0.289624 -0.268676 -0.158417
55 0.378017 -0.268232 -0.146411
56 0.387404 -0.151451 -0.144881
57 0.455817 -0.144882 -0.0917797
58 0.479809 -0.142107 -0.0155838
59 0.451024 -0.023715 0.0611977
60 0.456943 -0.146151 0.0617312
61 0.390718 -0.154035 0.118279
62 0.291396 -0.0464586 0.134699
63 0.200925 -0.0564245 0.113669
64 0.204128 -0.162759 0.110775
65 0.139604 -0.159361 0.0574531
66 0.114306 -0.157962 -0.0130802
67 0.135735 -0.158884 -0.0812171
68 0.20356 -0.16095 -0.136224
69 0.44814 -0.0219328 -0.0920345
70 0.472449 -0.0167291 -0.0160079
71 0.384175 -0.034394 0.115308
72 0.279393 0.074919 0.13533
73 0.136112 -0.0624867 0.0577774
74 0.110719 -0.0658059 -0.0116806
75 0.0996843 0.0287574 -0.00949437
76 0.131496 -0.0641303 -0.0837236
77 0.196741 -0.054185 -0.137763
78 0.184042 0.0531157 -0.137703
79 0.273579 0.0774515 -0.159887
80 0.286912 -0.0451357 -0.160578
81 0.365922 0.100269 -0.139851
82 0.379715 -0.0318118 -0.145606
83 0.428312 0.120446 -0.0879462
84 0.452674 0.128564 -0.0164825
85 0.428873 0.123992 0.056822
86 0.369781 0.0974463 0.111918
87 0.257419 0.196426 0.135104
88 0.170115 0.15935 0.11902
89 0.189861 0.0525409 0.116487
90 0.106541 0.130946 0.0651295
91 0.12457 0.0344735 0.063511
92 0.103621 0.128997 -0.0887081
93 0.120981 0.0319824 -0.0849811
94 0.161649 0.160311 -0.141548
95 0.388748 0.265248 -0.0851917
96 0.4116 0.272093 -0.0146895
97 0.324917 0.393293 0.0580542
98 0.392108 0.266683 0.0567512
99 0.331361 0.242181 0.1109
100 0.143211 0.263323 0.120081
101 0.082796 0.221905 0.0655723
102 0.0821838 0.118243 -0.0114964
103 0.130101 0.27075 -0.139054
104 0.201414 0.327424 -0.158012
105 0.248939 0.197124 -0.15721
106 0.32873 0.242932 -0.136198
107 0.341678 0.409912 -0.00745665
108 0.271685 0.362851 0.113287
109 0.144512 0.414019 0.134445
110 0.201631 0.319067 0.13471
111 0.0924598 0.342535 0.132906
112 0.0566376 0.299959 0.0771652
113 0.0409265 0.265273 -0.00846843
114 0.0605985 0.20502 -0.0129075
115 0.0765982 0.220241 -0.0874178
116 0.270735 0.372386 -0.132455
117 0.236452 0.525971 -0.0682597
118 0.320675 0.40387 -0.0744427
119 0.249547 0.540234 -0.00173757
120 0.237818 0.519813 0.0627448
121 0.197821 0.478583 0.112729
122 0.0741786 0.502045 0.12819
123 0.0182429 0.355441 0.0745764
124 0.0173788 0.360939 -0.0830533
125 0.0442183 0.294549 -0.0912673
126 0.0820771 0.362055 -0.153976
127 0.139472 0.431207 -0.154741
128 0.104684 0.57317 -0.11746
129 0.197448 0.483963 -0.123983
130 0.124264 0.623951 -0.0640803
131 0.122522 0.616736 0.0576282
132 0.0987205 0.570158 0.107947
133 -0.00837627 0.607506 0.108553
134 -0.00802579 0.522064 0.135157
135 -0.0107825 0.442077 0.132228
136 -0.0125486 0.380002 0.0856174
137 0.0483931 0.424328 0.128486
138 -0.00719089 0.350515 -0.00730921
139 0.013523 0.319469 -0.000660065
140 -0.0133919 0.380235 -0.0983362
141 0.0442425 0.438242 -0.148595
142 -0.00863182 0.537655 -0.15018
143 0.0709636 0.513641 -0.1573
144 5.67632e-08 0.751852 -0.0772552
145 0.100838 0.765943 0
146 5.83261e-08 0.772552 0
147 5.67632e-08 0.751852 0.0772552
148 -0.0892053 0.513843 0.135738
149 -0.0643969 0.429549 0.141178
150 -0.0344726 0.355361 0.0774388
151 -0.041987 0.364781 -0.105754
152 -0.012941 0.457962 -0.144604
153 -0.00419899 0.617477 -0.115813
154 -0.130946 0.636996 -0.0651465
155 -0.100838 0.765943 0
156 -0.254411 0.554351 -0.00505383
157 -0.248063 0.539072 0.0576703
158 -0.13036 0.627899 0.0604896
159 -0.115442 0.576483 0.108546
160 -0.214514 0.498644 0.110153
161 -0.0625037 0.297757 0.0767583
162 -0.0576814 0.281141 -0.0128606
163 -0.0312403 0.341691 -0.011883
164 -0.114219 0.373329 -0.144885
165 -0.0679211 0.430681 -0.146849
166 -0.212619 0.505258 -0.115581
167 -0.0898346 0.510494 -0.147374
168 -0.109738 0.58184 -0.114978
169 -0.349819 0.414676 0.06343
170 -0.293143 0.385937 0.115813
171 -0.217611 0.339192 0.138432
172 -0.161757 0.439365 0.137027
173 -0.146378 0.286208 0.128465
174 -0.0953077 0.234172 0.0750593
175 -0.107573 0.362295 0.131809
176 -0.0715034 0.305139 -0.099748
177 -0.230776 0.341951 -0.152849
178 -0.168082 0.445218 -0.149687
179 -0.297525 0.386282 -0.124938
180 -0.247591 0.540387 -0.0666625
181 -0.368195 0.423572 -0.00104547
182 -0.443485 0.280072 -0.00276828
183 -0.349501 0.253456 0.121427
184 -0.261846 0.2172 0.140951
185 -0.117679 0.147939 0.0694534
186 -0.0786324 0.217046 -0.0133799
187 -0.0970556 0.245384 -0.0936567
188 -0.152261 0.288995 -0.145383
189 -0.272283 0.220754 -0.151477
190 -0.361114 0.252649 -0.129863
191 -0.421902 0.271748 -0.0759529
192 -0.34688 0.4103 -0.0663614
193 -0.489594 0.133164 -0.00134588
194 -0.417148 0.272047 0.0688257
195 -0.384339 0.110196 0.125563
196 -0.176426 0.179512 0.120408
197 -0.129805 0.046309 0.0670812
198 -0.0940821 0.134929 -0.0103309
199 -0.10903 0.039488 -0.00900641
200 -0.117373 0.151267 -0.0853788
201 -0.202945 0.0650322 -0.132914
202 -0.183915 0.177698 -0.137923
203 -0.297296 0.0859743 -0.150991
204 -0.393702 0.109218 -0.128812
205 -0.464491 0.125749 -0.0747439
206 -0.458891 0.127469 0.0743872
207 -0.398001 -0.028312 0.127173
208 -0.2999 -0.0369537 0.144093
209 -0.288315 0.0885548 0.143119
210 -0.196419 0.0644585 0.122963
211 -0.205816 -0.0473558 0.120461
212 -0.13894 -0.0534172 0.0647638
213 -0.119404 -0.0580349 -0.00728789
214 -0.14481 -0.0536163 -0.0762805
215 -0.133365 0.0488313 -0.0817198
216 -0.212525 -0.0513419 -0.12881
217 -0.307219 -0.0427186 -0.151679
218 -0.406184 -0.0288795 -0.132577
219 -0.479365 -0.0240621 -0.0751756
220 -0.505053 -0.018222 0.00133104
221 -0.474947 -0.0185813 0.0775
222 -0.124156 -0.154074 -0.000855749
223 -0.146375 -0.157939 -0.0692836
224 -0.213781 -0.160766 -0.126953
225 -0.402363 -0.159993 -0.129227
226 -0.477744 -0.155641 -0.0750123
227 -0.502869 -0.150495 0.00419339
228 -0.459066 -0.270469 0.0826097
229 -0.473721 -0.149624 0.0812109
230 -0.386101 -0.27028 0.13408
231 -0.398501 -0.153823 0.131759
232 -0.300234 -0.154665 0.14588
233 -0.208659 -0.156338 0.118451
234 -0.164857 -0.282639 0.0612942
235 -0.145599 -0.154333 0.0636449
236 -0.150953 -0.288743 -0.00281742
237 -0.171721 -0.286833 -0.0692747
238 -0.300695 -0.271856 -0.14705
239 -0.308092 -0.158833 -0.150861
240 -0.442784 -0.364808 0.082598
241 -0.490162 -0.271622 0.00424557
242 -0.292622 -0.267695 0.147516
243 -0.216166 -0.378766 0.116588
244 -0.213354 -0.276384 0.112978
245 -0.148302 -0.381873 -0.00162619
246 -0.171184 -0.383073 -0.068915
247 -0.226263 -0.275703 -0.120383
248 -0.383862 -0.367322 -0.128739
249 -0.396111 -0.273998 -0.132649
250 -0.464019 -0.274105 -0.0757308
251 -0.471114 -0.358898 0.00237021
252 -0.375378 -0.461926 0.132821
253 -0.369886 -0.369157 0.135192
254 -0.28752 -0.372676 0.144486
255 -0.296764 -0.468078 0.147544
256 -0.223048 -0.467896 0.118313
257 -0.171729 -0.465724 0.0681562
258 -0.170565 -0.378091 0.0661073
259 -0.227854 -0.468471 -0.123651
260 -0.21992 -0.379757 -0.122363
261 -0.295215 -0.378274 -0.144727
262 -0.44594 -0.363927 -0.0772972
263 -0.464631 -0.45368 0.00531759
264 -0.437391 -0.45554 0.0840297
265 -0.155642 -0.463343 0.00355254
266 -0.163232 -0.546603 -0.00756156
267 -0.173553 -0.463654 -0.0700661
268 -0.305086 -0.465623 -0.151724
269 -0.307084 -0.549107 -0.15083
270 -0.382804 -0.461395 -0.132578
271 -0.443033 -0.549143 -0.0740596
272 -0.444086 -0.455771 -0.0748044
273 -0.466612 -0.547997 0.00528126
274 -0.452015 -0.618782 0.0817253
275 -0.446066 -0.554212 0.0816557
276 -0.388599 -0.629029 0.135562
277 -0.381781 -0.552675 0.131773
278 -0.305042 -0.644004 0.147858
279 -0.304302 -0.554424 0.145142
280 -0.230349 -0.548421 0.120362
281 -0.177418 -0.544671 0.0629008
282 -0.18099 -0.541929 -0.0693896
283 -0.314144 -0.639564 -0.1515
284 -0.231134 -0.550111 -0.127409
285 -0.394545 -0.628322 -0.135458
286 -0.38513 -0.551408 -0.132184
287 -0.476155 -0.616323 0.00260707
288 -0.227673 -0.655058 0.115723
289 -0.191297 -0.660298 0.0636051
290 -0.177042 -0.667211 0.00140159
291 -0.198529 -0.743224 -0.0717141
292 -0.194682 -0.661772 -0.0708522
293 -0.232284 -0.653885 -0.122969
294 -0.255548 -0.734219 -0.128949
295 -0.455026 -0.620413 -0.077116
296 -0.473983 -0.708816 -0.0810181
297 -0.494469 -0.806269 0.0777838
298 -0.471409 -0.710942 0.0792205
299 -0.427858 -0.810518 0.130248
300 -0.409458 -0.716866 0.13307
301 -0.345149 -0.818067 0.148205
302 -0.32746 -0.728635 0.143832
303 -0.25402 -0.73919 0.119057
304 -0.262725 -0.823542 0.121642
305 -0.200393 -0.751514 0.061193
306 -0.179713 -0.750855 -0.00417828
307 -0.187913 -0.829569 -0.00570878
308 -0.267524 -0.816621 -0.126171
309 -0.33405 -0.72227 -0.151123
310 -0.429593 -0.807063 -0.133919
311 -0.413424 -0.715256 -0.138001
312 -0.517901 -0.80525 -0.00024542
313 -0.495282 -0.707528 0.000289828
314 -0.357759 -0.912649 0.145712
315 -0.22022 -0.912032 0.065812
316 -0.208597 -0.829754 0.0647774
317 -0.197242 -0.907062 -0.00533341
318 -0.221398 -0.906382 -0.0768212
319 -0.211157 -0.825348 -0.0743766
320 -0.280339 -0.919304 -0.131775
321 -0.349003 -0.810957 -0.154896
322 -0.448827 -0.904999 -0.136929
323 -0.495821 -0.802916 -0.0789108
324 -0.537772 -0.901022 -0.003571
325 -0.5487 -1.01894 -0.00357616
326 -0.515099 -0.903895 0.075093
327 -0.446062 -0.90608 0.130503
328 -0.270969 -0.915921 0.119839
329 -0.200586 -1.00686 -0.00527744
330 -0.288538 -1.00635 -0.133313
331 -0.373567 -1.01034 -0.156468
332 -0.363617 -0.911577 -0.156168
333 -0.526367 -1.01826 -0.081021
334 -0.514973 -0.901896 -0.0818889
335 -0.52007 -1.1354 0.0725886
336 -0.523909 -1.01839 0.0736006
337 -0.457638 -1.01534 0.129207
338 -0.369406 -1.01146 0.148321
339 -0.368653 -1.1113 0.148241
340 -0.283757 -1.0076 0.12535
341 -0.222304 -1.0065 0.0692812
342 -0.224715 -1.08379 -0.0820317
343 -0.223907 -1.00299 -0.0796506
344 -0.287305 -1.09492 -0.137476
345 -0.461959 -1.01487 -0.137598
346 -0.498687 -1.25688 0.0699791
347 -0.455772 -1.12578 0.128606
348 -0.283184 -1.09613 0.127718
349 -0.211757 -1.16224 0.0722151
350 -0.221531 -1.0864 0.0705117
351 -0.19055 -1.15358 -0.00596867
352 -0.199313 -1.08191 -0.00617434
353 -0.214834 -1.1609 -0.0840837
354 -0.372385 -1.11137 -0.156898
355 -0.358556 -1.20926 -0.15892
356 -0.440742 -1.23557 -0.135159
357 -0.4591 -1.12482 -0.136991
358 -0.52265 -1.13509 -0.0816112
359 -0.500385 -1.25526 -0.0791565
360 -0.520778 -1.26629 -0.00426059
361 -0.544244 -1.13927 -0.004252
362 -0.473991 -1.38185 -0.0038023
363 -0.454409 -1.373 0.0708374
364 -0.438774 -1.2376 0.125188
365 -0.356548 -1.20919 0.148948
366 -0.272919 -1.18235 0.129133
367 -0.251379 -1.26379 0.128397
368 -0.193663 -1.23262 0.0750803
369 -0.172197 -1.22052 -0.00797645
370 -0.275837 -1.18151 -0.140007
371 -0.454793 -1.37296 -0.0792793
372 -0.401012 -1.34539 0.125387
373 -0.329464 -1.30566 0.14703
374 -0.282423 -1.38885 0.147213
375 -0.218238 -1.33868 0.129355
376 -0.166953 -1.29441 0.0734159
377 -0.167028 -1.29697 -0.086522
378 -0.196344 -1.23314 -0.0879566
379 -0.254384 -1.26337 -0.14221
380 -0.330505 -1.30471 -0.158489
381 -0.350096 -1.43829 -0.135345
382 -0.404803 -1.34529 -0.135137
383 -0.394088 -1.4767 -0.0794301
384 -0.409752 -1.48564 -0.00376295
385 -0.391745 -1.47372 0.0701897
386 -0.348354 -1.44059 0.125832
387 -0.115107 -1.33079 -0.00669289
388 -0.147361 -1.27945 -0.00810572
389 -0.219781 -1.33586 -0.143292
390 -0.22879 -1.46005 -0.15964
391 -0.284517 -1.38774 -0.15876
392 -0.276117 -1.51678 -0.136521
393 -0.323397 -1.57141 -0.00265678
394 -0.214037 -1.62383 0.0664015
395 -0.308722 -1.55963 0.0718011
396 -0.276019 -1.517 0.125908
397 -0.223492 -1.46019 0.148988
398 -0.152889 -1.5095 0.150491
399 -0.175913 -1.39194 0.134635
400 -0.119489 -1.43892 0.132817
401 -0.0894228 -1.38007 0.0771087
402 -0.141067 -1.34404 0.076636
403 -0.128553 -1.34653 -0.0889495
404 -0.0911521 -1.38363 -0.0911362
405 -0.119085 -1.441 -0.147798
406 -0.173139 -1.39453 -0.143675
407 -0.155947 -1.50742 -0.159511
408 -0.191375 -1.57365 -0.136587
409 -0.219272 -1.62091 -0.0797353
410 -0.226711 -1.63968 -0.00649995
411 -0.312503 -1.56011 -0.0809726
412 -0.105845 -1.66035 0.0699611
413 -0.19264 -1.57696 0.124769
414 -0.0596964 -1.46081 0.136526
415 -0.0762326 -1.3603 -0.00671279
416 -0.046561 -1.40841 -0.0903601
417 -0.0778242 -1.54457 -0.16215
418 -0.108815 -1.66178 -0.0783602
419 -0.111784 -1.67979 -0.00517285
420 0.00629229 -1.62768 0.123651
421 -0.0949542 -1.61086 0.125293
422 -0.0777612 -1.54624 0.151242
423 0.00460572 -1.55423 0.149854
424 -0.0436895 -1.40365 0.0815485
425 -0.040568 -1.39341 -0.00395836
426 -0.0581034 -1.46801 -0.14636
427 -0.0965236 -1.61409 -0.134952
428 0.125145 -1.67779 -0.00463463
429 0.00483772 -1.69526 -0.00751341
430 0.005395 -1.67865 0.0661511
431 0.0872996 -1.54534 0.150262
432 0.0490701 -1.40221 0.079305
433 0.0021977 -1.47726 0.140312
434 0.00263446 -1.41255 0.0842493
435 0.0416474 -1.38197 -0.00413904
436 0.0020282 -1.38757 -0.00620133
437 0.051991 -1.40368 -0.0901798
438 0.00478327 -1.41034 -0.091491
439 0.00430699 -1.47531 -0.148345
440 0.104654 -1.61446 -0.133588
441 0.00434431 -1.55564 -0.161151
442 0.00530956 -1.62822 -0.134705
443 0.00566677 -1.67721 -0.0772336
444 0.22585 -1.61864 0.0680069
445 0.114683 -1.65838 0.0677276
446 0.105483 -1.61379 0.126423
447 0.163993 -1.50543 0.147716
448 0.069281 -1.47092 0.135346
449 0.0859649 -1.36346 -0.00442403
450 0.0645496 -1.46444 -0.148057
451 0.0838707 -1.54308 -0.161306
452 0.119283 -1.66314 -0.077054
453 0.236667 -1.63518 -0.00620286
454 0.200463 -1.57289 0.123918
455 0.281875 -1.51111 0.12517
456 0.126798 -1.43226 0.133343
457 0.184382 -1.39177 0.134732
458 0.0929914 -1.37776 0.0793151
459 0.137601 -1.34276 -0.0879274
460 0.0929549 -1.38261 -0.092074
461 0.124084 -1.43806 -0.146144
462 0.231674 -1.45524 -0.160432
463 0.159643 -1.50991 -0.160484
464 0.199325 -1.57415 -0.135021
465 0.225409 -1.61889 -0.0804689
466 0.320014 -1.55109 -0.0800103
467 0.331708 -1.57078 -0.00700196
468 0.319091 -1.55332 0.0677965
469 0.352956 -1.43286 0.122007
470 0.288765 -1.38359 0.145787
471 0.232197 -1.45509 0.149246
472 0.221758 -1.32816 0.12774
473 0.155332 -1.27542 -0.00885856
474 0.136838 -1.34526 0.0720847
475 0.123496 -1.32265 -0.00880389
476 0.172606 -1.29008 -0.0900766
477 0.179304 -1.39413 -0.147061
478 0.221206 -1.33079 -0.143587
479 0.281954 -1.51153 -0.137189
480 0.413801 -1.47851 -0.00891134
481 0.397636 -1.46722 0.0643882
482 0.334145 -1.29409 0.146358
483 0.168685 -1.29025 0.0748145
484 0.175958 -1.21545 -0.00425341
485 0.254719 -1.2619 -0.142377
486 0.290428 -1.386 -0.160428
487 0.332114 -1.30208 -0.161286
488 0.352441 -1.43376 -0.13782
489 0.462645 -1.36579 -0.0822471
490 0.397929 -1.46437 -0.0810581
491 0.461542 -1.36417 0.0691571
492 0.44124 -1.22938 0.120581
493 0.406897 -1.33746 0.123538
494 0.275544 -1.17561 0.126213
495 0.255032 -1.25584 0.129695
496 0.214601 -1.15727 0.0704653
497 0.196659 -1.22828 0.0723093
498 0.192973 -1.15137 -0.00808787
499 0.196489 -1.22643 -0.087306
500 0.275436 -1.17977 -0.143178
501 0.358727 -1.20414 -0.16207
502 0.44135 -1.2312 -0.138075
503 0.407893 -1.33871 -0.138833
504 0.520701 -1.25522 -0.00717585
505 0.481058 -1.37496 -0.00566024
506 0.499261 -1.24782 0.0669737
507 0.458271 -1.11408 0.12292
508 0.36003 -1.20012 0.145208
509 0.371445 -1.10251 0.143707
510 0.285539 -1.08872 0.123278
511 0.200707 -1.07691 -0.0107204
512 0.213206 -1.15985 -0.0878354
513 0.499442 -1.24929 -0.0823029
514 0.544825 -1.12907 -0.00957533
515 0.546947 -1.00798 -0.0104318
516 0.521398 -1.12499 0.0674459
517 0.286545 -1.00093 0.1202
518 0.222964 -1.00149 0.0654339
519 0.222852 -1.07998 0.0662545
520 0.200753 -1.00173 -0.0112883
521 0.222671 -1.08346 -0.0865768
522 0.221173 -1.00268 -0.0850732
523 0.28312 -1.00344 -0.139661
524 0.369404 -1.00717 -0.163518
525 0.284974 -1.09268 -0.142258
526 0.370674 -1.10611 -0.163044
527 0.45746 -1.0082 -0.144294
528 0.456999 -1.11944 -0.143483
529 0.519834 -1.12632 -0.085789
530 0.447693 -0.895784 0.120726
531 0.523535 -1.00733 0.067013
532 0.460114 -1.00409 0.122877
533 0.371206 -1.00203 0.141223
534 0.217205 -0.905237 0.0621392
535 0.1997 -0.90831 -0.0129347
536 0.275187 -0.904995 -0.140063
537 0.445085 -0.902214 -0.146163
538 0.522959 -1.00898 -0.0876438
539 0.537478 -0.893515 -0.0113948
540 0.512787 -0.894925 0.0662943
541 0.492597 -0.797342 0.0667591
542 0.428674 -0.801813 0.121633
543 0.359577 -0.903754 0.139317
544 0.26442 -0.815329 0.114044
545 0.274684 -0.909714 0.116848
546 0.209773 -0.823873 0.0576158
547 0.189747 -0.826462 -0.0130848
548 0.208649 -0.823561 -0.0817256
549 0.220119 -0.90461 -0.0856345
550 0.357531 -0.908326 -0.163407
551 0.426427 -0.806886 -0.146605
552 0.511396 -0.896374 -0.0897621
553 0.494379 -0.69965 -0.0139312
554 0.34602 -0.807374 0.138035
555 0.324534 -0.718756 0.137836
556 0.194738 -0.742235 0.0544332
557 0.177617 -0.746293 -0.0101216
558 0.193837 -0.742331 -0.0791998
559 0.264333 -0.816355 -0.135138
560 0.344095 -0.812033 -0.162359
561 0.489325 -0.79967 -0.093377
562 0.468754 -0.70353 -0.0905395
563 0.513797 -0.795902 -0.0132442
564 0.445143 -0.609462 0.0665081
565 0.469169 -0.701877 0.0638736
566 0.387004 -0.619406 0.123654
567 0.406791 -0.707764 0.121089
568 0.303853 -0.630589 0.130291
569 0.243958 -0.731971 0.109455
570 0.23741 -0.64241 0.101995
571 0.234964 -0.643242 -0.131974
572 0.244923 -0.729765 -0.134611
573 0.324684 -0.721364 -0.161765
574 0.380988 -0.62324 -0.146305
575 0.408269 -0.714153 -0.147647
576 0.46864 -0.60932 -0.0149311
577 -0.260364 0.2522 -0.00425501
578 0.374694 -1.27578 -0.0212902
579 -0.331601 -0.10099 0.0181503
580 0.361369 -0.101265 -0.0132468
581 -0.397157 -1.07363 -0.00653221
582 -0.344646 -0.505932 -0.0185673
583 0.353109 0.031412 -0.0500924
584 -0.385806 -0.862876 -0.0135735
585 -0.357421 -0.967942 0.0672179
586 -0.363485 -0.600809 -0.0471107
587 0.31022 -1.43143 0.0143907
588 0.319711 -0.325206 0.00842897
589 0.191136 0.398548 0.0130209
590 -0.130287 0.498922 -0.0150341
591 0.338164 -0.214926 -0.0755788
592 0.21419 -1.4993 0.0580962
593 0.22244 -0.333497 -0.0609029
594 -0.0385016 0.484896 -0.0606622
595 0.341342 -0.500601 -0.0183474
596 0.357456 -0.415383 -0.0469492
597 0.405683 -0.963658 -0.00199754
598 -0.330303 -0.844527 0.0786193
599 0.150134 -1.42766 -0.00967365
600 -0.339984 -1.15518 0.0628425
601 0.297653 0.0176057 0.0580884
602 -0.239896 -0.571918 -0.0557447
603 -0.337475 -0.714192 0.0485239
604 -0.301104 -0.315372 0.0108046
605 -0.449547 -1.18006 0.012373
606 0.353362 -0.679785 -0.0234135
607 -0.357024 -0.595317 0.058795
608 -0.413472 -0.978565 -0.0504165
609 0.407769 -1.0538 -0.069036
610 0.104149 0.308328 0.00708045
611 -0.0473856 0.489044 0.0451468
612 -0.343088 -1.37171 0.0049133
613 -0.225307 -0.348072 0.0573711
614 0.0539139 0.452886 0.0361008
615 0.310366 -0.819252 -0.00854327
616 0.365009 -0.580595 -0.0711087
617 -0.290825 0.0823861 0.018129
618 0.333093 -0.583435 0.0482689
619 0.257975 -0.0777708 -0.0979872
620 -0.376277 -0.400696 -0.0136169
621 0.19351 0.106555 0.0496921
622 -0.233888 -0.435883 0.00724772
623 0.297213 -1.1061 0.0060185
624 0.258583 -0.596783 -0.0673931
625 0.466168 -0.582974 -0.0149055
626 -0.339434 -1.17472 -0.0633831
627 -0.0641874 0.59162 -0.0602073
628 -0.265681 -0.871487 0.02883
629 -0.181454 0.251068 0.0543224
630 -0.302852 -1.05718 0.0517221
631 0.434904 -0.851485 -0.0364755
632 0.178759 0.374038 -0.0788503
633 0.224371 -0.422044 0.00803057
634 0.304928 -0.439902 0.0697292
635 -0.203487 -1.50364 0.0196679
636 -0.274835 -0.435762 -0.0830209
637 0.193529 -0.0324838 0.00680369
638 0.211159 0.0920322 -0.0567231
639 0.185397 0.239135 -0.0713368
640 -0.308543 -1.47459 0.0153214
641 0.206832 -0.183334 -0.0291494
642 -0.277689 -0.987641 -0.0223908
643 0.363919 -0.752336 -0.0922929
644 0.440383 -1.1669 -0.039228
645 0.205041 -1.35455 0.0235696
646 0.252184 -0.114506 0.0634462
647 0.282009 0.291034 -0.051399
648 0.350534 -1.02659 0.0735858
649 -0.378788 0.18763 -0.0124961
650 0.206507 -1.51159 -0.0738238
651 -0.0323353 -1.57503 -0.0242431
652 -0.308014 -0.41641 0.0836311
653 0.08089 -1.53106 -0.0571085
654 -0.34193 0.0524635 -0.0825967
655 -0.0950394 0.380785 -0.0498907
656 0.207642 -1.39225 -0.0883662
657 -0.331373 -1.06059 -0.0731344
658 0.326924 -0.858562 -0.0892614
659 -0.397541 -1.2747 0.0432229
660 -0.336912 -0.764932 -0.0764594
661 -0.133005 -1.5968 -0.0320741
662 -0.146408 0.432018 -0.0824311
663 -0.401148 -1.29769 -0.0679678
664 0.328532 0.149872 0.0313569
665 -0.436058 -0.788329 -0.00230944
666 0.220547 0.255627 0.0549704
667 0.236617 -0.512833 0.03839
668 -0.282838 -1.33228 -0.0911556
669 0.370306 -0.879348 0.0711484
670 0.0549558 -1.62977 -0.0414049
671 0.147281 -1.57611 0.0224758
672 0.321119 -1.40233 -0.0895456
673 -0.236683 0.125147 -0.0715495
674 0.345434 -0.210287 0.0422591
675 -0.248928 -0.613168 0.0321916
676 -0.22998 -0.335112 -0.0525237
677 0.137885 0.525101 0.00423311
678 -0.289365 -1.2347 0.0572591
679 0.0163464 0.592389 0.0261185
680 0.0364189 -1.5505 0.0613205
681 -0.222736 0.262933 -0.104135
682 0.299598 -0.953788 -0.0701052
683 0.0907849 0.398211 -0.0636882
684 -0.224674 -1.28351 0.0160386
685 0.224248 -0.633683 0.0149666
686 -0.284274 -0.863798 -0.059986
687 0.420073 -0.766182 0.0109718
688 0.191792 -0.745155 0.0194695
689 -0.251857 -1.46161 -0.0903956
690 -0.266028 -1.1208 -0.00238438
691 0.288655 -1.2951 0.0831915
692 0.330634 -1.1627 -0.100054
693 0.0831726 -1.4702 0.0521115
694 -0.101447 0.387516 0.0571934
695 0.0554257 0.537838 -0.0765425
696 -0.437944 -1.12149 -0.079557
697 0.331401 0.163332 -0.0733011
698 -0.273472 -0.686062 -0.0600131
699 -0.246989 0.431521 -0.0295141
700 0.280283 -0.955528 0.0225225
701 0.0267919 -1.46215 -0.0360957
702 0.462604 -1.09386 0.016457
703 0.277617 -0.769148 -0.0740443
704 0.474424 -0.205857 -0.0146725
705 0.241976 -0.697383 -0.0541938
706 -0.168135 0.357885 0.0231501
707 -0.181556 0.120108 0.0237964
708 0.243188 -1.26857 -0.0383543
709 0.220414 -0.506701 -0.0471965
710 -0.153122 0.197513 -0.053713
711 0.140089 0.200224 -0.00861774
712 -0.275407 0.289682 0.0855762
713 0.218921 -0.326944 0.0384077
714 0.386881 -1.17521 0.0789407
715 -0.475828 -0.591085 0.00308041
716 -0.416741 0.0250297 0.0387925
717 -0.261063 -1.3812 0.0832803
718 -0.254405 -0.2039 -0.0696563
719 -0.228172 -0.698623 0.012706
720 -0.308796 -0.511344 0.0791244
721 0.23517 -0.422356 -0.0702815
722 -0.252321 -0.780968 -0.0218363
723 -0.104712 -1.50777 -0.0967738
724 -0.281681 -1.22924 -0.0439451
725 0.426621 -0.947678 -0.0852681
726 0.254729 -1.41184 0.0949332
727 -0.278069 -0.787314 0.0642363
728 -0.0891132 -1.55384 0.081557
729 -0.0990816 -1.44428 0.0091388
730 0.308398 -0.769241 0.0689124
731 -0.0593769 0.296082 -0.0578229
732 -0.393028 -0.678869 -0.0443907
733 -0.332177 0.320335 0.0154951
734 -0.201593 -1.37483 -0.022783
735 -0.144633 -1.42698 -0.0809408
736 -0.108676 0.299633 -0.00658919
737 -0.200636 -1.15903 0.0329712
738 0.284993 -0.50167 -0.0970042
739 -0.386134 0.342568 0.0655811
740 -0.383633 0.262788 0.0951414
741 -0.366457 0.179069 0.124148
742 -0.316459 -0.311393 0.0940711
743 0.311972 -0.355834 -0.102476
744 -0.223879 -0.506955 0.0230561
745 -0.310617 0.186737 -0.104141
746 -0.428841 -1.07044 0.0611829
747 -0.237012 -0.0378604 -0.0794482
748 -0.323369 0.401607 0.0880266
749 -0.301252 0.48014 0.0606749
750 -0.320753 0.320032 0.11754
751 0.257654 -0.731514 0.0122079
752 -0.212993 0.462805 0.0516454
753 -0.127017 -0.0553102 0.0284841
754 -0.253183 0.367145 0.0652064
755 -0.185419 -0.00503147 -0.000270119
756 -0.0347423 0.42276 -0.00564375
757 0.0139914 0.4283 -0.0301423
758 -0.258627 0.446811 0.110398
759 -0.409676 -0.314146 0.0215185
760 -0.0829609 0.277518 -0.0977838
761 -0.0932551 0.340673 -0.122701
762 -0.0837826 0.232223 -0.0563587
763 -0.10549 0.344585 -0.0777397
764 0.219279 -0.225929 0.0522908
765 -0.32311 0.362745 0.0581198
766 0.00604892 -1.39862 -0.050215
767 -0.361369 0.275951 0.0647126
768 0.22513 -0.776791 -0.0163879
769 -0.190332 0.471021 0.124306
770 -0.16581 0.541956 0.109605
771 -0.191692 0.397079 0.138124
772 -0.135508 0.49631 0.0768044
773 -0.330548 0.22091 0.0703482
774 -0.132539 0.335964 -0.146027
775 -0.12394 0.268137 -0.121735
776 -0.142155 0.412902 -0.148521
777 -0.174756 0.339893 0.0840956
778 -0.198326 0.398341 -0.114158
779 -0.269289 0.1562 0.0900453
780 0.297846 -1.04174 -0.0733279
781 0.191961 -0.698404 0.0498498
782 0.210957 -0.650139 0.0764809
783 -0.318195 0.488454 -0.00139194
784 -0.129047 0.480395 -0.148153
785 -0.12201 0.291434 -0.0743605
786 0.211939 -0.715913 0.0178045
787 0.181456 -0.653464 0.0216163
788 -0.438241 0.197959 0.0701989
789 -0.147399 0.348716 -0.110428
790 0.275629 -0.688267 0.0731879
791 -0.1955 0.316754 -0.148189
792 -0.162292 0.549157 -0.115064
793 -0.419831 0.118121 0.100418
794 -0.390648 0.038135 0.126075
795 -0.357744 0.138753 0.0844635
796 -0.178514 0.342664 -0.054062
797 -0.090452 0.403538 -0.151305
798 -0.0789337 0.473493 -0.150663
799 -0.250265 0.545245 0.022772
800 -0.150395 0.756085 0
801 -0.123888 0.53208 -0.0928915
802 -0.190643 0.477038 -0.134142
803 -0.256882 0.448011 -0.124346
804 0.21556 -0.696287 0.0459891
805 -0.148538 0.581235 -0.0204166
806 -0.0182948 -1.45808 0.0200445
807 -0.108855 0.414415 -0.118928
808 -0.255222 0.36112 0.126318
809 -0.240127 0.278303 0.140734
810 -0.202172 0.39774 -0.152527
811 -0.156872 0.456752 -0.115722
812 -0.226552 0.289788 0.102077
813 -0.137919 0.23683 -0.00449971
814 -0.18936 0.588908 0.0579507
815 -0.36071 0.417473 0.0304203
816 -0.23163 0.520031 0.0834346
817 -0.267707 0.366963 -0.140336
818 -0.332057 0.322934 -0.129521
819 -0.192209 0.535821 0.0416961
820 -0.242842 -0.205273 0.0789046
821 -0.203845 -0.237493 -2.23877e-06
822 -0.251183 0.492502 0.03884
823 -0.0201049 -1.40443 -0.0923386
824 -0.0532398 -1.43701 -0.11907
825 -0.183319 -0.106255 -0.00478837
826 -0.190327 0.505724 -0.0728262
827 -0.143874 -0.101342 0.0639364
828 -0.121625 0.602282 0.0844437
829 -0.0671432 0.654108 0.0585915
830 -0.0785279 0.604499 0.0366008
831 -0.12189 0.610499 -0.090293
832 -0.19113 0.597334 -0.0670978
833 -0.134539 -0.151516 0.0319502
834 -0.186005 -0.140186 0.0469065
835 -0.18732 0.412092 0.0938392
836 -0.337306 0.276916 -0.0728852
837 -0.295652 0.42866 0.0367506
838 -0.411201 0.352508 -0.00383483
839 -0.362425 0.420564 -0.0345406
840 -0.299828 0.48137 -0.0635925
841 -0.346573 0.384726 0.00441034
842 -0.386694 0.342277 -0.0712667
843 -0.0420483 -1.40015 -0.0507882
844 -0.151127 0.587541 -0.0550172
845 -0.451917 -0.323026 0.087299
846 -0.036902 -1.45997 -0.0666886
847 -0.433101 0.276019 -0.0389418
848 -0.13961 0.576948 0.0432654
849 0.218953 -0.735214 0.081725
850 -0.42233 -0.271929 0.108628
851 -0.4655 -0.21311 0.0825185
852 -0.378285 -0.321097 0.13692
853 -0.409111 -0.371393 0.114406
854 -0.372455 -0.415343 0.138719
855 -0.384587 0.311172 -0.0259636
856 -0.254456 0.550972 -0.0312133
857 -0.321467 0.399601 -0.0963013
858 -0.0577645 0.596841 0.108564
859 -0.304506 0.236865 0.128823
860 -0.276151 0.152864 0.140337
861 -0.108594 -1.41235 -0.119674
862 -0.0775319 0.576476 0.0795188
863 0.00170093 -1.44419 -0.119974
864 -0.386233 -0.292515 0.0940436
865 -0.0137782 -1.44385 -0.078239
866 -0.378112 -0.359758 0.0794936
867 -0.391315 -0.212688 0.134201
868 -0.338838 -0.309305 -0.0806544
869 -0.079221 -1.4344 -0.0821495
870 -0.273865 0.335692 -0.0996441
871 -0.0276429 -1.4734 -0.147722
872 -0.0675216 -1.50752 -0.154598
873 -0.336949 0.0980554 0.135149
874 -0.292978 0.024589 0.141849
875 -0.206047 0.545464 -0.036525
876 -0.338778 -0.268242 0.141084
877 -0.280588 -0.323538 0.144516
878 -0.34432 -0.214465 0.100936
879 -0.0446829 -1.47636 -0.110468
880 -0.399858 -0.244025 0.0544617
881 -0.32322 0.360794 -0.0521769
882 -0.494721 -0.212968 0.00431918
883 -0.408368 -0.22273 -0.0256359
884 -0.220504 0.521015 -0.00149967
885 -0.488662 -0.150654 0.0432999
886 -0.502593 -0.0888001 0.00307278
887 -0.433997 -0.16636 0.0569116
888 -0.0368978 -1.55145 -0.160762
889 0.00548207 -1.51643 -0.155783
890 -0.336553 0.0459917 0.0985023
891 -0.327809 -0.372853 0.142111
892 -0.349091 -0.0332302 0.135296
893 -0.298859 -0.098794 0.143688
894 0.236768 -0.817381 0.0856574
895 -0.0119643 -1.49892 -0.10828
896 -0.171804 -0.0495818 0.0925415
897 -0.0894236 0.469875 -0.104438
898 0.0742619 -1.50485 -0.154351
899 -0.292062 -0.213914 0.14461
900 0.201048 -0.784309 0.0536587
901 0.201065 -0.826637 0.0205977
902 0.0353571 -1.47754 -0.104714
903 -0.137983 0.40499 0.133001
904 -0.055107 0.611644 -0.120209
905 -0.0486494 0.530234 -0.150455
906 -0.472616 -0.0877566 0.0790248
907 -0.350018 -0.154901 0.140771
908 -0.396467 -0.0936055 0.131414
909 0.0446903 -1.55189 -0.159916
910 -0.430979 0.274787 0.033019
911 0.0282343 -1.53952 -0.10929
912 -0.317136 0.239066 -0.141585
913 -0.379005 0.18043 -0.130475
914 -0.252464 0.282262 -0.152736
915 0.00422331 -1.5934 -0.148505
916 0.0553753 -1.62435 -0.134757
917 0.0945999 -1.58022 -0.147477
918 0.152762 -1.59626 -0.133621
919 0.0264816 -1.59828 -0.100936
920 0.236202 -0.788662 0.0328996
921 -0.0452235 -1.62319 -0.134852
922 -0.0217861 -1.5682 -0.118895
923 0.259842 -0.844621 0.0514272
924 -0.0866373 -1.58029 -0.147936
925 -0.117276 -1.52916 -0.16076
926 -0.285733 0.150624 -0.149519
927 -0.229252 0.196422 -0.143853
928 -0.203232 -0.0853358 0.0687882
929 -0.0776392 -1.5967 -0.097094
930 0.07428 -1.59115 -0.109005
931 0.231596 -0.75116 0.057355
932 0.173411 -1.64115 -0.0786844
933 0.11128 -1.63883 -0.104125
934 -0.228928 0.012317 0.0764993
935 0.134311 -1.59814 -0.0816031
936 -0.0517776 -1.67523 -0.0796321
937 0.00623099 -1.65251 -0.104429
938 0.0628375 -1.67293 -0.0757629
939 -0.0126477 -1.61889 -0.0945959
940 -0.347274 0.0942786 -0.137816
941 -0.399896 0.0359011 -0.130521
942 0.119832 -1.5376 -0.121538
943 0.245524 -0.853515 -0.0175893
944 0.14254 -1.47608 -0.153317
945 0.0799119 -1.5306 -0.122486
946 0.0946007 -1.45305 -0.147411
947 0.111433 -1.4096 -0.118791
948 0.0579953 -1.4353 -0.11908
949 0.12586 -1.47607 -0.113022
950 0.0834291 -1.44046 -0.0680748
951 0.121428 -1.52894 -0.161337
952 -0.048802 -1.5307 -0.115647
953 0.074472 -1.48542 -0.106469
