1 -0.487249 -0.0254726 -0.0330147
2 -0.502508 -0.0574692 -0.0316074
3 -0.513202 -0.025516 -0.00690289
4 -0.537393 -0.0373901 -0.0353301
5 -0.542313 -0.0821755 0.0294126
6 -0.56334 -0.0535591 0.0114957
7 -0.565024 -0.0830488 0.00344724
8 -0.572378 -0.0652637 0.0377322
9 -0.596568 -0.0447505 0.0482196
10 -0.603653 -0.025185 0.0268391
11 -0.552722 -0.0384952 0.0379712
12 -0.495817 0.041236 -0.0589232
13 -0.468931 0.0576803 -0.0472112
14 -0.482223 0.0581532 -0.0837605
15 -0.491934 0.0838805 -0.0603729
16 -0.493119 -0.00245569 0.0834766
17 -0.465554 0.00572558 0.0529022
18 -0.510439 -0.00113496 0.0608659
19 -0.476124 0.0138484 0.0697848
20 -0.603014 0.0560822 0.0306167
21 -0.646142 0.0407511 0.00511947
22 -0.617338 0.0330343 0.0375488
23 -0.645911 0.0731 0.0271452
24 -0.541527 0.0574762 -0.0595042
25 -0.531107 0.0521081 -0.0835303
26 -0.564097 0.0843971 -0.0837857
27 -0.538381 0.0835709 -0.054315
28 -0.566771 0.0650777 -0.0840765
29 -0.609812 -0.0100768 -0.0379522
30 -0.570834 -0.0107124 -0.0477184
31 -0.574249 -0.0289597 -0.0376304
32 -0.602758 -0.0185948 -0.0647364
33 -0.533394 -0.0547562 -0.00823703
34 -0.509413 -0.0349834 0.0234822
35 -0.519968 -0.0608164 0.0266863
36 -0.496654 -0.0569363 0.00226522
37 -0.615772 0.0204593 -0.0118881
38 -0.646216 0.00199838 0.000877512
39 -0.646058 0.0175092 -0.0292823
40 -0.545107 -0.00710886 0.0287032
41 -0.559621 -0.0169649 0.0530251
42 -0.601675 0.00551689 0.0406457
43 -0.64619 0.0999609 -0.0249919
44 -0.646228 0.0999675 -9.26327e-06
45 -0.646182 0.0734344 -0.0113176
46 -0.612963 0.0895938 -0.0228726
47 -0.497193 0.00369373 0.0205506
48 -0.536256 0.0053432 -0.00340867
49 -0.645972 0.0473663 0.0507713
50 -0.608386 0.0608534 0.0627362
51 -0.609038 -0.05822 0.0884037
52 -0.605791 -0.0882687 0.0653645
53 -0.605608 -0.0884538 0.0878158
54 -0.615829 -0.0660134 0.0609923
55 -0.563233 0.0241284 0.0205397
56 -0.616356 0.0122062 0.0145419
57 -0.479494 0.039341 0.0333692
58 -0.476165 0.0290165 -0.00190094
59 -0.524036 0.0334003 0.00983205
60 -0.646113 -0.0491939 -0.0296998
61 -0.605727 -0.0341726 -0.0121149
62 -0.606943 -0.0500815 -0.054176
63 -0.576237 -0.0592781 -0.0239367
64 -0.61169 -0.0632568 0.0143031
65 -0.615693 -0.0694678 -0.0161774
66 -0.554953 -0.0339305 -0.0613982
67 -0.646165 -0.0326268 -0.00161649
68 -0.646155 -0.0459106 0.0248193
69 -0.646048 -0.0166607 0.0282856
70 -0.562826 -0.0254803 -0.0165175
71 -0.557288 -0.0242904 0.00636663
72 -0.52247 0.0616896 -0.034037
73 -0.495276 0.0597992 0.00681697
74 -0.541126 0.0572154 0.0339743
75 -0.550671 0.0522355 -0.00418395
76 -0.532059 0.0827922 -0.0221493
77 -0.565206 0.0470027 -0.0309078
78 -0.570174 0.00188121 0.0837164
79 -0.580539 0.0322856 0.0856726
80 -0.560009 0.00966187 0.0601015
81 -0.612306 0.023459 0.068552
82 -0.511607 0.0335425 -0.0261038
83 -0.479168 -0.0546655 0.0544047
84 -0.504359 -0.0237361 0.0556126
85 -0.532714 -0.0569191 0.0513401
86 -0.57565 -0.00214381 -0.0144553
87 -0.584116 0.0156852 -0.0259008
88 -0.547505 0.0216233 -0.0181176
89 -0.534543 -0.00596507 -0.035153
90 -0.608424 -0.0880914 -0.0656607
91 -0.646222 -0.0667567 -0.050405
92 -0.646075 -0.0998329 -0.0499972
93 -0.611465 -0.0885165 -0.0352874
94 -0.526282 0.00302286 0.0827
95 -0.540952 -0.0197251 0.0827201
96 -0.522046 0.0837646 -0.0835043
97 -0.550935 0.00558146 -0.0826435
98 -0.569553 0.0327545 -0.0831407
99 -0.602307 0.00782116 -0.0640824
100 -0.572315 0.0156141 -0.0485003
101 -0.596007 -0.00379046 0.00539245
102 -0.459033 -0.054492 0.0186517
103 -0.608898 0.058546 -0.0888775
104 -0.645963 0.0668111 -0.0653759
105 -0.602246 0.0420125 -0.0584776
106 -0.587459 0.0661674 -0.0500723
107 -0.491203 -0.0831783 0.0310281
108 -0.577071 0.0384202 0.0570249
109 -0.519491 -0.0496732 0.0834638
110 -0.553566 -0.0342615 0.0659016
111 -0.571274 -0.0615697 0.0654063
112 -0.540793 -0.0833898 0.0687106
113 -0.565078 0.0845081 0.0840826
114 -0.56491 0.0601223 0.0846122
115 -0.544588 0.0610676 0.0609364
116 -0.522578 0.0841907 0.0837345
117 -0.646101 -0.0157116 -0.0295538
118 -0.646232 -0.000847929 -0.0523709
119 -0.645925 -0.031869 -0.0645239
120 -0.491822 -0.0386372 0.0839303
121 -0.476914 0.0607774 0.084526
122 -0.480237 0.0847986 0.084518
123 -0.501552 0.0579056 0.061613
124 -0.540735 0.0276901 -0.0537328
125 -0.646223 -0.00141706 -0.0715381
126 -0.570956 -0.0347366 0.0838251
127 -0.543844 0.0295105 0.0833141
128 -0.517458 0.0288344 0.0519772
129 -0.58417 0.0311354 9.39091e-05
130 -0.607873 0.065444 0.00156857
131 -0.563805 0.0615947 0.0152303
132 -0.619359 -0.000272212 -0.0169759
133 -0.604827 -0.0190043 0.066105
134 -0.563598 -0.0209964 -0.0833653
135 -0.543058 -0.00297869 -0.0625909
136 -0.549999 -0.0557697 -0.0446153
137 -0.540708 -0.0825404 -0.0192939
138 -0.614042 0.023866 -0.0377453
139 -0.646052 0.0231781 0.0686281
140 -0.646267 -0.00217509 0.0574626
141 -0.469372 -0.0550151 0.0846001
142 -0.487386 0.00331033 -0.0214988
143 -0.468277 -0.0250558 0.0843727
144 -0.529869 0.08241 0.00861518
145 -0.568571 0.0837948 -0.0111027
146 -0.613128 -0.0888474 -0.00359474
147 -0.646201 -0.0685429 0.00308942
148 -0.646257 0.077631 -0.0378072
149 -0.605751 0.0538929 -0.0235639
150 -0.512977 0.023585 -0.0827256
151 -0.496893 0.00843822 -0.0533815
152 -0.521358 0.051897 0.0835738
153 -0.49667 0.0263537 0.0837281
154 -0.613745 0.0264352 -0.0890756
155 -0.562028 -0.0833771 0.0541391
156 -0.646004 0.0502901 -0.0347154
157 -0.609142 -0.0310301 -0.0868028
158 -0.646158 -3.3133e-05 -0.0998754
159 -0.645768 -0.0370012 0.0595689
160 -0.64611 -0.0711623 0.0383693
161 -0.565905 -0.0646792 0.0844096
162 -0.572458 -0.0498757 -0.0841417
163 -0.614077 -0.0661501 -0.0891807
164 -0.582956 -0.0666011 -0.0636495
165 -0.53673 0.0834924 0.05503
166 -0.57936 0.0843662 -0.0631201
167 -0.645947 0.0261339 -0.0656525
168 -0.514888 -0.0834448 0.0571259
169 -0.463813 -0.084093 0.0591436
170 -0.584683 0.0850534 0.0518885
171 -0.551421 0.083436 0.0312852
172 -0.468494 0.038621 0.057014
173 -0.478222 0.083785 -0.00949725
174 -0.500166 0.0834173 -0.036508
175 -0.646295 0.0750156 0.0998948
176 -0.610132 0.0524323 0.0897052
177 -0.645975 0.0745724 0.0709318
178 -0.465877 0.0314633 -0.0388214
179 -0.459726 0.0189596 -0.0651082
180 -0.59292 0.0847252 0.0143324
181 -0.479844 0.0841012 0.0237102
182 -0.515579 0.083197 0.0337536
183 -0.492886 0.0625401 0.0425954
184 -0.465146 -0.0490309 -0.0524544
185 -0.495923 -0.0562083 -0.0832127
186 -0.528304 -0.0608679 -0.0609701
187 -0.512485 -0.0343611 -0.0581552
188 -0.646118 0.0998608 -0.0499894
189 -0.646104 0.0995188 0.050035
190 -0.579987 -0.0843796 -0.0207872
191 -0.563774 -0.0835628 -0.0463653
192 -0.476322 -0.014399 -0.056813
193 -0.598152 -0.0862908 0.0301106
194 -0.646158 -0.0998776 0.0250353
195 -0.646041 0.0500147 -0.0997381
196 -0.646066 -0.0500231 0.0997699
197 -0.609323 -0.0200789 0.0875462
198 -0.646206 -0.0999259 -0.0999644
199 -0.646166 -0.0710958 -0.0775115
200 -0.646057 -0.0803054 -0.026205
201 -0.613391 0.0882205 -0.059251
202 -0.575019 0.0839975 -0.0376216
203 -0.480309 -0.0840309 0.084364
204 -0.522222 -0.0833662 0.0841809
205 -0.46935 0.0570525 -0.0211273
206 -0.508021 -0.022009 0.0832748
207 -0.488011 0.0843467 0.0549197
208 -0.645946 0.0168878 0.0345797
209 -0.459137 0.0847583 -0.0393049
210 -0.520913 -0.00990961 -0.0824277
211 -0.607691 0.0876245 0.089716
212 -0.603523 0.0879681 -0.0883815
213 -0.45502 -0.0493745 -0.0135487
214 -0.470744 -0.0242458 0.000122227
215 -0.518979 -0.0831632 -0.0405613
216 -0.59069 0.000997561 -0.0850239
217 -0.646026 -0.071958 0.0699076
218 -0.51651 -0.0824021 0.00474895
219 -0.646147 -0.0499705 -0.0999119
220 -0.646197 8.66407e-06 0.0999003
221 -0.646061 0.0499895 0.0998452
222 -0.611609 0.0190238 0.0892726
223 -0.472122 -0.00320718 -0.0833772
224 -0.479973 0.0843606 -0.0840253
225 -0.563311 -0.0848141 -0.0839964
226 -0.521482 -0.0835818 -0.0830786
227 -0.538066 -0.0617871 -0.0828936
228 -0.519812 -0.0835088 -0.0643802
229 -0.646265 -0.0999264 -0.0250076
230 -0.646153 0.0998971 -0.0999075
231 -0.493456 -0.082841 -0.0223653
232 -0.473707 -0.0839723 -0.0546074
233 -0.479485 -0.0841241 -0.083542
234 -0.460826 0.0618754 0.0609864
235 -0.646175 0.0999413 0.0999809
236 -0.460775 -0.0157442 0.0255651
237 -0.646145 -0.0998115 0.0499926
238 -0.463325 -0.0836396 0.00273836
239 -0.493871 -0.0281922 -0.0828671
240 -0.53168 -0.0375621 -0.0827816
241 -0.646171 -0.0998761 0.0998741
242 -0.459842 0.02803 -0.0838968
243 -0.605074 -0.0871607 -0.0874874
244 -0.452141 -0.0323204 0.0423226
245 -0.563652 -0.0843572 0.0844951
246 -0.646214 -0.0999633 -4.93102e-06
247 -0.646217 -0.075022 -0.0999735
248 -0.451408 -0.0154522 0.0659842
249 -0.46212 0.00523316 0.0844644
250 -0.391127 0.038461 0.0347989
251 -0.436431 0.0181584 0.0241758
252 -0.397984 0.030422 0.00550644
253 -0.384631 0.00594171 0.0341556
254 -0.431853 0.0566865 -0.00387333
255 -0.436258 0.0851068 0.0116907
256 -0.39456 -0.0860175 -0.0013533
257 -0.402586 -0.0524268 0.00191249
258 -0.425765 -0.0847425 0.0101903
259 -0.402825 -0.0856613 0.0218042
260 -0.42249 -0.0441169 0.0858747
261 -0.372894 -0.0398506 0.0875754
262 -0.405475 -0.0359343 0.0568948
263 -0.397345 -0.0221542 0.0866646
264 -0.346866 0.061438 -0.0263268
265 -0.366032 0.0546209 0.00196777
266 -0.356757 0.0358106 -0.0286322
267 -0.333672 0.036543 -0.00287418
268 -0.356468 -0.0538562 0.0574958
269 -0.385866 -0.0282058 0.033841
270 -0.35705 -0.0212912 0.0619187
271 -0.444439 -0.0844777 -0.0299151
272 -0.424487 -0.0848171 -0.0105543
273 -0.439872 0.0569697 0.0319392
274 -0.419802 0.0528051 0.0607765
275 -0.356136 -0.0871831 -0.0148205
276 -0.314138 -0.0885973 -0.0225033
277 -0.315455 -0.0568041 -0.0151746
278 -0.328657 -0.0879001 0.00956775
279 -0.384225 0.0590888 -0.0429347
280 -0.388796 0.0610816 -0.0147648
281 -0.437806 -0.0846911 0.0336722
282 -0.341196 -0.0422733 0.0314981
283 -0.380106 -0.0581824 0.0265626
284 -0.397507 -0.0858026 0.0869444
285 -0.357289 -0.0870412 0.0882339
286 -0.383214 -0.0864069 0.0693227
287 -0.387299 -0.0668044 0.0871473
288 -0.366344 -0.000618936 -0.00473002
289 -0.355336 0.025712 0.0147213
290 -0.43305 0.0261126 0.05349
291 -0.413896 -0.0620791 -0.0303411
292 -0.402974 0.000761257 -0.0356907
293 -0.417462 -0.0193989 -0.00815144
294 -0.410524 0.006733 -0.0091653
295 -0.360258 0.0876729 0.0155491
296 -0.394508 0.0865442 -0.00016944
297 -0.39893 0.0624183 0.0151995
298 -0.392568 -0.0651719 0.0631491
299 -0.418915 -0.0853275 0.0632025
300 -0.358019 0.0507924 0.064217
301 -0.410635 0.013802 0.0602609
302 -0.424395 -0.0309202 0.0186658
303 -0.41897 -0.0602327 0.0364501
304 -0.411298 -0.00515699 0.0143484
305 -0.38391 -0.0178547 -0.0582266
306 -0.426778 -0.0257401 -0.0594021
307 -0.42599 -0.0335367 -0.0364583
308 -0.390416 -0.0551429 -0.0568418
309 -0.424644 -0.0625038 -0.062004
310 -0.437493 0.0244484 -0.0169121
311 -0.424482 0.0579859 -0.0337058
312 -0.302908 0.0607376 -0.0250421
313 -0.315959 0.0892968 -0.0294657
314 -0.310927 0.0662152 -0.057675
315 -0.386513 0.0330668 -0.0198249
316 -0.378388 0.0282858 -0.0569918
317 -0.322703 0.0597044 0.0498756
318 -0.368265 0.0876631 0.0451369
319 -0.339268 0.0885042 0.0638096
320 -0.369135 -0.0574363 -0.0199103
321 -0.354743 -0.0662648 0.00687297
322 -0.339318 0.0490567 -0.053159
323 -0.33598 -0.0606939 0.0888708
324 -0.299045 -0.044937 0.0903161
325 -0.326436 -0.0583362 0.067294
326 -0.331615 -0.0297542 0.0890391
327 -0.417893 -0.059364 -0.0850299
328 -0.419819 -0.0854151 -0.0590694
329 -0.396904 -0.0860935 -0.0856059
330 -0.424164 -0.00809969 0.0416233
331 -0.427265 0.0855457 -0.01852
332 -0.451155 -0.00161067 0.00154998
333 -0.446543 -0.0119299 -0.0260992
334 -0.392528 -0.086104 -0.0343655
335 -0.380129 -0.0864989 -0.0646268
336 -0.35646 -0.0696121 -0.0677598
337 -0.314218 0.0307724 -0.0285318
338 -0.440646 0.0454457 0.00982842
339 -0.326246 -0.0235712 0.00993018
340 -0.295507 -0.0277009 0.0308491
341 -0.310961 -0.0567831 0.0138473
342 -0.386885 -0.086114 0.044382
343 -0.350435 -0.0872636 0.0648224
344 -0.449135 0.0332232 0.0850159
345 -0.428558 0.0122617 0.0854906
346 -0.380668 0.0627174 0.0872256
347 -0.354372 0.0437032 0.088181
348 -0.344744 0.0675483 0.0885707
349 -0.310761 0.0260307 0.0278054
350 -0.316565 0.00827909 0.0646439
351 -0.309781 0.0366476 0.0632888
352 -0.34355 0.0288102 0.0433593
353 -0.396747 0.00344841 -0.08555
354 -0.402064 -0.0300902 -0.0854164
355 -0.357832 -0.0178714 -0.0868005
356 -0.353394 -0.0386092 -0.0627614
357 -0.311542 -0.0329251 -0.088387
358 -0.330755 -0.0222677 -0.0636217
359 -0.318764 -0.0518057 -0.067534
360 -0.424016 0.0339517 -0.048675
361 -0.340985 -0.0598981 -0.0423366
362 -0.296739 -0.0893908 -0.0558315
363 -0.343566 -0.08767 -0.0534268
364 -0.354297 0.0106906 -0.0869987
365 -0.330882 0.0225512 -0.058907
366 -0.359327 0.00129516 -0.0599989
367 -0.325498 -0.00195826 -0.0879217
368 -0.442711 0.0852533 0.0410795
369 -0.409836 0.0862991 0.0602675
370 -0.391394 0.0689882 0.044557
371 -0.400102 0.0327309 0.0866109
372 -0.349928 0.0882752 -0.0425052
373 -0.355197 0.087919 -0.0139192
374 -0.435529 -0.057154 0.0637835
375 -0.379665 -0.0314769 -0.027419
376 -0.34522 -0.0265608 -0.0350026
377 -0.445508 0.0423755 -0.0647079
378 -0.429919 0.0632364 -0.0566561
379 -0.451876 -0.0361071 -0.0840832
380 -0.374501 0.0875039 0.0688402
381 -0.347808 0.0574969 0.0289236
382 -0.438332 -0.0846979 0.0855512
383 -0.312497 -0.0353674 -0.0433879
384 -0.386673 0.0868928 -0.0297521
385 -0.376004 0.0872998 -0.0599396
386 -0.424901 0.0600536 0.0857968
387 -0.35697 -0.0874033 -0.0867169
388 -0.365059 -0.0543284 -0.0866496
389 -0.447223 0.0052792 -0.0515673
390 -0.437062 0.00898426 -0.0843961
391 -0.364572 -0.0128638 0.0876852
392 -0.360876 0.0146456 0.0661412
393 -0.395491 -0.0125826 0.0648253
394 -0.414553 0.0119003 -0.0639238
395 -0.318576 0.0699765 0.00152935
396 -0.415488 0.0860564 -0.049118
397 -0.403018 0.052023 -0.0643624
398 -0.456348 -0.0640586 -0.0841958
399 -0.322195 0.0286744 0.0891143
400 -0.313835 -0.0224003 -0.0137094
401 -0.317824 -0.0882419 0.0895771
402 -0.351608 -0.0395298 -0.00110331
403 -0.376865 -0.0257797 0.0105679
404 -0.35761 0.0880329 0.0881148
405 -0.316334 0.032104 -0.0883852
406 -0.340144 0.0633195 -0.0876958
407 -0.446821 0.085133 -0.0665262
408 -0.431339 -0.0117563 -0.0846267
409 -0.312295 -0.00292311 -0.0458661
410 -0.320693 0.00595998 -0.00256391
411 -0.355101 0.00610232 -0.0300657
412 -0.341239 -0.0875285 0.038513
413 -0.336723 -0.00506734 0.0316361
414 -0.310372 -0.0311257 0.0591943
415 -0.301745 -0.063739 0.0418282
416 -0.318441 0.0892289 0.000346108
417 -0.296727 0.0593471 0.0303627
418 -0.326323 -3.83073e-05 0.0891791
419 -0.42971 -0.012473 0.0853418
420 -0.318162 0.0893615 0.089456
421 -0.377853 0.0401326 -0.0863011
422 -0.326935 -0.064762 -0.0878818
423 -0.312148 -0.0884621 0.0621019
424 -0.361053 0.0157045 0.0879142
425 -0.397224 0.00178642 0.0866783
426 -0.305251 0.066206 -0.0887863
427 -0.287978 0.040432 -0.0576859
428 -0.429381 0.0510274 -0.0848266
429 -0.362262 0.0645227 -0.064158
430 -0.40161 0.0863324 0.0292134
431 -0.317533 -0.0885117 -0.0881332
432 -0.318279 0.0892342 -0.0884763
433 -0.420317 0.026504 -0.0849922
434 -0.43786 -0.0849135 -0.084423
435 -0.325064 0.0889677 0.0331965
436 -0.357378 0.0879802 -0.0871215
437 -0.343632 0.0885643 -0.0667567
438 -0.291826 -0.00604654 0.0160708
439 -0.438278 0.0852484 -0.0848709
440 -0.397719 0.0866679 0.086627
441 -0.450668 0.0852112 0.0651287
442 -0.373502 0.0684372 -0.0865632
443 -0.402059 0.0662589 -0.0857941
444 -0.310006 0.0659795 0.0713542
445 -0.315979 0.0555971 0.0894363
446 -0.313705 0.0893708 -0.0570708
447 -0.438636 0.0855738 0.0853982
448 -0.302399 -0.0888742 0.0345013
449 -0.367914 -0.0868188 0.0168857
450 -0.397429 0.0866492 -0.085932
451 -0.291794 0.0902875 0.0594579
452 -0.288619 0.0142218 0.090686
453 -0.201224 0.028712 0.00903002
454 -0.17413 0.0119365 0.0402397
455 -0.176198 0.0470721 0.0308559
456 -0.210652 0.0449907 0.0391332
457 -0.203072 -0.0379119 0.093905
458 -0.197824 -0.0145271 0.0682379
459 -0.190387 -0.0548712 0.0583155
460 -0.231089 -0.0360159 0.064338
461 -0.274815 0.0910529 -0.0448908
462 -0.277747 0.0909414 -0.0718389
463 -0.266012 0.0710344 -0.0690222
464 -0.16819 -0.0574135 -0.00223375
465 -0.19294 -0.0929584 -0.000617212
466 -0.177489 -0.0675563 -0.0308808
467 -0.159789 -0.094359 -0.0214856
468 -0.174977 0.0177118 -0.06104
469 -0.194347 0.0189647 -0.0282575
470 -0.214494 0.00457725 -0.0578497
471 -0.179883 -0.00662691 -0.0324452
472 -0.173664 -0.0285724 0.0217075
473 -0.164513 -0.0180404 0.0574691
474 -0.160342 -0.0605686 0.040037
475 -0.227254 -0.0686794 0.0707267
476 -0.221184 -0.0669184 -0.0917818
477 -0.217839 -0.0921082 -0.0621047
478 -0.205355 -0.0926235 -0.0922894
479 -0.225373 -0.067313 -0.0676309
480 -0.171394 -0.0195227 -0.0675838
481 -0.19091 -0.0366361 -0.0372943
482 -0.212437 -0.0382854 -0.0667417
483 -0.245199 0.0921145 0.0480358
484 -0.230375 0.0679422 0.0578596
485 -0.254728 0.0917478 0.0722342
486 -0.250451 0.0665397 0.0423587
487 -0.242179 0.0921935 0.0923387
488 -0.226289 0.0630998 0.0929509
489 -0.211474 0.0933876 0.072357
490 -0.275563 0.0909399 -0.0150796
491 -0.275113 0.0909577 0.0204855
492 -0.270658 0.0617841 -0.00616812
493 -0.215495 0.00157623 0.026584
494 -0.235934 0.000635751 0.0670013
495 -0.213027 0.0258548 0.0595134
496 -0.176614 -0.00378329 -0.0933055
497 -0.18348 0.0354438 -0.0930716
498 -0.153082 0.0183209 -0.0943416
499 -0.209505 -0.0220784 0.0432632
500 -0.275195 0.00210918 -0.0181753
501 -0.290461 0.0218778 0.00233067
502 -0.25015 -0.0297088 0.028827
503 -0.268075 -0.0630696 0.0177132
504 -0.228639 -0.0619184 0.0327534
505 -0.275685 -0.0481915 0.034689
506 -0.230225 -0.0133445 -0.032186
507 -0.236912 -0.0466422 -0.0375814
508 -0.27834 -0.023153 -0.0437579
509 -0.243559 -0.0263067 -0.0644527
510 -0.275932 -0.0663642 -0.00853333
511 -0.271288 -0.066995 -0.0319178
512 -0.263202 -0.0572453 0.0558542
513 -0.271575 -0.0179756 0.0650301
514 -0.261896 0.00526254 0.0162766
515 -0.2526 -0.000966225 0.042448
516 -0.246335 -0.0013078 -0.09073
517 -0.24036 -0.0371519 -0.0909658
518 -0.272039 -0.0224942 -0.0898139
519 -0.209015 -0.0692562 -0.0329657
520 -0.228101 -0.091685 -0.0286552
521 -0.211086 -0.0688445 -0.00132765
522 -0.240446 -0.0691755 -0.0283867
523 -0.270803 -0.0402833 -0.0223672
524 -0.288004 -0.0556009 -0.0495202
525 -0.17544 0.00549597 -0.000108191
526 -0.153893 0.0297729 0.00928118
527 -0.257855 -0.0658412 -0.0903601
528 -0.241798 -0.0913017 -0.0908925
529 -0.278854 -0.0338028 0.00520919
530 -0.27277 0.0578654 0.0583213
531 -0.145699 -0.0947688 0.0161431
532 -0.188971 -0.0675026 0.0224688
533 -0.288509 0.0131438 -0.0705979
534 -0.280096 -0.0896135 0.056943
535 -0.282579 -0.0688415 0.0717347
536 -0.191636 -0.0930823 -0.0385501
537 -0.287549 -0.0894923 0.0065589
538 -0.236892 -0.0228298 -0.00340552
539 -0.202904 -0.0402127 0.018591
540 -0.19369 -0.0655913 -0.0595809
541 -0.221125 0.0084952 -0.012621
542 -0.278838 0.0375508 -0.022193
543 -0.234409 0.0648138 -0.018611
544 -0.246674 0.0318467 -0.035224
545 -0.262915 0.064323 -0.0402223
546 -0.198697 0.070684 0.0319535
547 -0.191285 0.0668602 0.0654707
548 -0.144558 0.0663413 0.054145
549 -0.157696 0.0954585 0.031345
550 -0.255758 -0.0907407 -0.0570419
551 -0.279131 -0.0899496 -0.0895217
552 -0.195633 0.0940914 0.00672253
553 -0.164221 0.0677017 0.00992184
554 -0.202997 -0.0454312 -0.0106626
555 -0.259802 -0.0560757 -0.0630511
556 -0.292824 -0.0633265 -0.0892068
557 -0.146827 0.0174769 -0.0245653
558 -0.289477 -0.00011949 -0.0892579
559 -0.290011 -0.0234164 -0.0680909
560 -0.290663 0.0438662 0.00298741
561 -0.204079 0.0936164 -0.0577289
562 -0.190231 0.0696447 -0.0215698
563 -0.178689 0.0946842 -0.0311368
564 -0.230361 0.0925904 -0.0325613
565 -0.230858 0.0926382 0.0234317
566 -0.152448 0.0690864 -0.0469124
567 -0.163304 0.0658964 -0.0939887
568 -0.190096 0.0716495 -0.0687687
569 -0.170569 0.0949261 -0.070323
570 -0.239511 0.0364696 0.0360338
571 -0.213615 0.0398654 -0.0252446
572 -0.206574 -0.0923945 0.0556964
573 -0.265676 0.00515107 -0.0613189
574 -0.221991 0.000486702 0.093158
575 -0.203639 0.0315923 0.0938484
576 -0.181087 -0.000747385 0.0947136
577 -0.173724 0.00803859 0.0746057
578 -0.287674 0.0167989 -0.0445859
579 -0.250404 0.0391084 -0.0666576
580 -0.212828 -0.0139677 -0.092084
581 -0.211161 0.0602898 0.00670131
582 -0.210108 0.0933577 -0.0143812
583 -0.167086 0.0435171 0.0662204
584 -0.180928 0.0633387 0.094564
585 -0.205014 0.0705893 -0.0924209
586 -0.238373 0.0923712 -0.0644614
587 -0.205527 0.0935472 -0.092404
588 -0.288659 0.039694 0.0907296
589 -0.179205 0.0407022 -0.00927571
590 -0.156788 -0.0302393 0.0955191
591 -0.152856 -0.0407111 0.0727031
592 -0.250406 0.0309292 0.0919943
593 -0.184002 -0.0934683 -0.0679205
594 -0.190544 -0.0720157 -0.0927026
595 -0.156056 -0.0755536 -0.0737255
596 -0.242723 -0.0528165 -0.00279839
597 -0.193484 -0.0418595 -0.0927338
598 -0.163111 -0.0655889 -0.0937906
599 -0.169002 -0.0519121 -0.0686041
600 -0.24848 0.0338466 0.00115464
601 -0.266029 0.0212377 0.0644727
602 -0.258188 0.00110085 0.091926
603 -0.224846 0.0634885 -0.0542071
604 -0.27318 0.0659959 0.0910919
605 -0.213045 0.0142111 -0.0921637
606 -0.238193 0.0215664 -0.0911366
607 -0.241978 0.0922115 -0.0910646
608 -0.246153 0.0705755 -0.0908628
609 -0.240395 0.042821 0.06619
610 -0.179236 -0.0935897 0.0372505
611 -0.218559 -0.0681201 0.0933891
612 -0.192289 -0.0711415 0.0942337
613 -0.191233 0.0544888 -0.0423339
614 -0.274961 -0.0433665 -0.0896772
615 -0.159957 0.0397752 -0.0388755
616 -0.29083 0.0044936 0.0464473
617 -0.208413 0.0383749 -0.0645764
618 -0.143363 0.0527183 -0.0144455
619 -0.236423 0.0923222 -0.00168758
620 -0.247796 0.0611064 0.0171715
621 -0.195383 -0.0181296 -0.00742864
622 -0.264173 -0.0902943 0.0341097
623 -0.243602 -0.0909911 0.0658919
624 -0.27206 0.0345755 0.0354418
625 -0.164872 -0.0637604 0.0952824
626 -0.169969 -0.093717 0.0952757
627 -0.175928 -0.093661 0.0695678
628 -0.153205 -0.034272 -0.0943533
629 -0.165049 -0.0940906 -0.0491628
630 -0.243654 -0.0210004 0.0924302
631 -0.148872 -0.0432287 -0.0399815
632 -0.270983 -0.0901334 -0.0241998
633 -0.240421 -0.0911815 0.00692071
634 -0.274015 0.0552707 -0.0898548
635 -0.26588 0.0256275 -0.0901302
636 -0.231236 0.0429126 -0.0913452
637 -0.279632 0.0908381 -0.0896212
638 -0.209397 -0.0923282 0.0268267
639 -0.286594 -0.018106 0.0907969
640 -0.253254 -0.0497346 0.091981
641 -0.164963 0.0463047 -0.0703316
642 -0.205494 -0.0925089 0.0937874
643 -0.2012 0.0937845 0.0416349
644 -0.148107 -0.0257975 -0.013978
645 -0.286975 -0.0698445 0.0908268
646 -0.158639 0.0954544 -0.00185842
647 -0.169883 -0.0939872 -0.0934582
648 -0.232123 -0.0913124 0.0376455
649 -0.17027 0.0950859 0.094953
650 -0.168115 0.0950549 0.0659453
651 -0.279654 0.0906747 0.0909135
652 -0.205635 0.0936191 0.0936673
653 -0.149014 0.0749602 0.0959345
654 -0.162934 0.0296979 0.0953554
655 -0.153539 -0.0744332 -0.0527402
656 -0.242084 -0.0910244 0.0924859
657 -0.279611 -0.0897714 0.0911834
658 -0.16987 0.0949524 -0.0937948
659 -0.147499 -0.0947233 0.0526821
660 -0.124398 -0.0717286 0.0425557
661 -0.0369376 -0.0989405 -0.0985597
662 -0.0349093 -0.0741129 -0.0672006
663 -0.0687429 -0.0980124 -0.0975582
664 -0.0642585 -0.0980932 -0.0674693
665 -0.0338592 0.0142725 -0.0652315
666 -0.0351727 0.0253907 -0.0986993
667 -0.0655472 0.00680643 -0.0978271
668 -0.0579779 0.0365342 -0.0981772
669 -0.114464 0.0698824 -0.040131
670 -0.128681 0.0732017 -0.00959761
671 -0.0752322 0.0351994 0.0105906
672 -0.0334122 0.034801 -0.0117184
673 -0.0646333 0.036476 -0.0205688
674 -0.0634742 0.0711403 0.00158027
675 -0.0641431 0.00254544 0.0226656
676 -0.0334361 0.0132913 0.0445711
677 -0.0330952 0.0181772 0.0148427
678 -0.0608828 0.0276143 0.043941
679 -0.101311 -0.0681998 0.0598008
680 -0.0728735 -0.0974817 0.0661488
681 -0.0926864 -0.0968564 0.0431433
682 -0.0698348 -0.0713539 0.033537
683 -0.134927 0.0963644 -0.0543021
684 -0.132227 0.09651 -0.0198684
685 -0.134586 -0.057695 -0.0949267
686 -0.118235 -0.0246815 0.097103
687 -0.129174 -0.00641474 0.0601799
688 -0.101173 -0.0348338 0.0731959
689 -0.132235 -0.0399655 0.053501
690 -0.116531 -0.0959555 0.0684544
691 -0.0630507 0.0691015 0.0376713
692 -0.0337731 0.0509992 0.0192581
693 -0.0566998 -0.020907 -0.0111052
694 -0.0330395 -0.0127864 0.0233631
695 -0.0331552 -0.0310004 -0.00822337
696 -0.0329519 0.00250012 -0.00710693
697 -0.092997 0.00865396 0.0590961
698 -0.0995025 -0.0342483 0.0351126
699 -0.101292 -0.0189803 -0.0269762
700 -0.0678037 0.00155508 -0.0358567
701 -0.10414 -0.0131834 -0.0652456
702 -0.100728 0.0145154 -0.0335267
703 -0.098658 0.0239199 0.0358009
704 -0.0780859 0.0492893 0.0639287
705 -0.0935604 0.0545022 0.031507
706 -0.0652946 -0.0541372 -0.0258833
707 -0.0837686 -0.0212395 -0.00438372
708 -0.075254 -0.0297822 -0.0467543
709 -0.0965762 -0.0967879 -0.0225017
710 -0.0703053 -0.0527143 0.00708282
711 -0.0641438 -0.0978127 -0.00688748
712 -0.103594 -0.0558082 -0.0173594
713 -0.135146 -0.0953627 -0.0949028
714 -0.151315 -0.0947311 -0.0706688
715 -0.0642681 -0.0979287 -0.0364215
716 -0.0746674 -0.0678523 -0.0526215
717 -0.0344613 -0.0767032 -0.0397706
718 -0.140933 0.00170421 0.0961139
719 -0.139729 0.0209261 0.0675841
720 -0.0613204 -0.0690013 0.0743327
721 -0.140323 -0.0694044 0.0681756
722 -0.128568 -0.0592028 0.0968169
723 -0.0929955 -0.0511211 0.0983359
724 -0.135505 -0.067479 -0.0211024
725 -0.113082 0.0972054 0.0715157
726 -0.112126 0.0665259 0.0972541
727 -0.134231 -0.00599875 -0.049585
728 -0.0949579 0.0979672 -0.0356028
729 -0.0915942 0.07204 -0.0191126
730 -0.132254 0.0964333 0.00913209
731 -0.0979851 -0.000710259 0.0199272
732 -0.115247 0.0280402 0.00548168
733 -0.0645308 0.0648388 -0.0978747
734 -0.0712323 0.0988851 -0.0682408
735 -0.101807 0.0616278 -0.067889
736 -0.067441 0.0696145 -0.0476291
737 -0.133984 -0.0478863 0.0155739
738 -0.110383 -0.0704528 0.015417
739 -0.0956546 0.0205381 -0.0654754
740 -0.0645158 -0.00343087 -0.0707184
741 -0.0626367 -0.0350121 0.0993431
742 -0.0338396 -0.028245 0.0643817
743 -0.0615451 -0.0118021 0.0642324
744 -0.0349897 -0.0241499 0.100096
745 -0.0349267 0.0688155 -0.0698966
746 -0.0346524 0.0718761 -0.0474497
747 -0.0897208 0.046044 -0.0440125
748 -0.128905 0.0383108 -0.0548
749 -0.110585 0.0392619 -0.0212166
750 -0.0357128 0.0502059 -0.098684
751 -0.0369558 0.0999457 -0.0987101
752 -0.0342272 0.0433086 0.0642755
753 -0.134767 0.0597562 -0.0952002
754 -0.120121 0.00262849 -0.00897918
755 -0.0727279 0.09901 0.0287468
756 -0.103929 0.0629393 0.01165
757 -0.0666341 0.0992186 -0.00261238
758 -0.060282 0.0993907 -0.0313218
759 -0.034167 0.0682549 -0.0223474
760 -0.135477 -0.00295395 0.0234231
761 -0.14151 0.0150449 -0.0710992
762 -0.034947 0.000575355 -0.0986533
763 -0.119207 -0.0958647 0.0395237
764 -0.106483 0.0976318 -0.07002
765 -0.060783 0.0145724 0.0779603
766 -0.102766 0.00572539 0.0978274
767 -0.0879537 0.0354536 0.0983517
768 -0.0354403 -0.0988668 -0.0488108
769 -0.124591 0.03143 0.0968932
770 -0.0697037 -0.0664297 -0.0976891
771 -0.088852 -0.0970535 -0.0760753
772 -0.113344 0.0972027 0.0378318
773 -0.136966 0.0964251 0.0604886
774 -0.105594 0.0709538 0.0512579
775 -0.0350984 -0.0987071 0.0505259
776 -0.0343302 -0.070454 0.041053
777 -0.101731 0.00142705 -0.0964774
778 -0.0894419 0.0663777 0.0793108
779 -0.0578414 0.0724485 0.0755637
780 -0.135282 -0.0949843 0.0966374
781 -0.0991288 -0.0966834 0.012327
782 -0.101721 0.0977654 0.00165825
783 -0.134012 0.0612355 0.0206067
784 -0.129298 0.0351323 0.0391732
785 -0.035014 -0.0987823 0.00078013
786 -0.0337471 -0.0674988 -0.0114119
787 -0.0339671 -0.076384 0.0152284
788 -0.101735 0.0976637 -0.0967309
789 -0.101689 0.0685751 -0.0965618
790 -0.0613124 -0.0979347 0.0276345
791 -0.0339605 0.0461206 -0.0466394
792 -0.0633411 0.0405861 -0.0732338
793 -0.0875817 -0.0192696 0.0985162
794 -0.0333334 -0.048032 0.0214843
795 -0.0581652 -0.040717 -0.0678452
796 -0.0342008 -0.0188843 -0.069267
797 -0.0333373 -0.0109753 -0.0373578
798 -0.0801248 0.0986326 0.0656585
799 -0.10183 0.0977025 0.0978675
800 -0.0882432 0.0816504 0.098356
801 -0.0690355 0.0992341 0.0989269
802 -0.0352229 0.100293 0.0255882
803 -0.0352989 0.100184 0.000654083
804 -0.0346799 0.077926 0.0385307
805 -0.0341261 0.0112249 0.0748761
806 -0.0349331 0.000744002 0.100147
807 -0.0946429 -0.0480398 -0.0724963
808 -0.101457 -0.0964754 0.0979428
809 -0.113236 0.0423126 0.0684699
810 -0.0355465 -0.0493296 -0.0988232
811 -0.13176 -0.0954636 -0.0431783
812 -0.110152 -0.0286541 0.00402192
813 -0.0339047 -0.0469866 -0.047371
814 -0.0655269 -0.0481312 0.0562539
815 -0.0649534 -0.0265642 0.028171
816 -0.0619185 0.0288968 -0.0503713
817 -0.133569 -0.0424964 -0.0708426
818 -0.0630661 0.00431161 0.0993272
819 -0.0937753 -0.0969043 -0.0518431
820 -0.117089 -0.068534 -0.0557791
821 -0.145528 0.052807 0.0961591
822 -0.136637 -0.00435458 -0.0951972
823 -0.0357806 0.100055 -0.0490679
824 -0.0844964 -0.029269 -0.0970374
825 -0.0577165 -0.029419 -0.0981296
826 -0.0688606 0.0988817 -0.0977753
827 -0.115334 -0.0387189 -0.0449084
828 -0.079922 0.0082046 -0.00709134
829 -0.0358455 -0.098729 0.075353
830 -0.0688079 -0.0976331 0.0993238
831 -0.0617774 -0.0717876 0.0994623
832 -0.127111 -0.0956159 -0.0116182
833 -0.0353901 -0.048918 0.100274
834 -0.106156 -0.0624069 -0.096072
835 -0.117352 -0.0959569 -0.0717142
836 -0.149106 -0.0945718 0.0774247
837 -0.034612 0.0411019 -0.0758055
838 -0.135449 0.0964322 0.0964201
839 -0.135089 0.0962379 -0.0951713
840 -0.0696574 0.0640384 0.0990777
841 -0.123178 0.0303098 -0.0956087
842 -0.03553 0.100272 0.0503559
843 -0.0352359 0.0743178 0.0710346
844 -0.0525113 0.0997826 0.0776905
845 -0.0356673 0.0505497 0.100208
846 -0.0584724 0.0366442 0.0994994
847 -0.0373385 0.100323 0.100188
848 -0.0361574 0.0754536 0.100156
849 -0.117963 -0.0311325 -0.0957184
850 -0.0332634 0.0174538 -0.0329286
851 -0.0350669 -0.0698294 0.0715887
852 -0.0352265 -0.0988101 0.0255873
853 -0.0351288 -0.0988083 -0.0240841
854 -0.151186 0.0409459 -0.0944128
855 -0.10149 -0.09671 -0.0961216
856 -0.0860823 0.0348547 -0.097115
857 -0.0364645 0.10041 0.0752381
858 -0.0360787 -0.0738266 0.10019
859 -0.0350751 0.0256459 0.100146
860 -0.0367821 -0.0986788 0.100152
861 -0.0562534 0.0130503 0.00376231
862 -0.05023 0.00247325 0.00965456
863 -0.0447074 -0.0168944 0.00596607
864 -0.0457642 -0.0291766 0.00656159
865 -0.0486306 0.0195826 -0.0138123
866 -0.0573668 0.028056 0.0123637
867 -0.105333 0.0799884 0.0352822
868 -0.096197 0.0788938 0.04495
869 -0.0965924 0.0980675 0.0516389
870 -0.0804124 -0.0823476 0.0857575
871 -0.1166 0.0490304 0.0254725
872 -0.127061 0.0489074 0.0150457
873 -0.123554 0.0577392 -0.00154793
874 -0.131482 0.0672284 0.00548568
875 -0.107642 0.0499741 -0.00651036
876 -0.0353209 -0.024398 -0.0988691
877 -0.0458571 -0.0241586 -0.0838038
878 -0.136494 -0.0720608 -0.0648139
879 -0.0458396 0.0752866 0.0564764
880 -0.0353926 0.0873047 0.0606954
881 -0.0440205 0.100028 0.0639542
882 -0.0609148 0.0704794 0.053317
883 -0.0581482 0.0545425 0.0874824
884 -0.0456787 0.060522 0.0890206
885 -0.148938 0.0810405 -0.0742831
886 -0.161465 0.0819868 -0.0586485
887 -0.15664 0.0954062 -0.042536
888 -0.142233 0.0827795 -0.0333978
889 -0.0499748 -0.087942 -0.0543836
890 -0.0352363 -0.0865267 -0.0580541
891 -0.0798535 -0.0294551 -0.0719022
892 -0.0766998 -0.0444958 -0.0702378
893 -0.151418 0.0752098 -0.00791829
894 -0.120393 0.0784293 -0.0825408
895 -0.13095 0.0859901 0.0837956
896 -0.136006 0.0964087 0.0838995
897 -0.142585 0.08631 0.0770187
898 -0.159853 0.0864233 0.0787416
899 -0.168863 0.0710191 0.0811926
900 -0.176023 0.0753996 0.0836599
901 -0.180442 0.0811731 0.0803483
902 -0.157688 0.0593438 0.0812302
903 -0.0834765 -0.0748756 -0.00770683
904 -0.0449143 0.0245566 -0.08039
905 -0.256135 0.0785433 0.052166
906 -0.263505 0.0742324 0.0478914
907 -0.254837 -0.068852 0.071299
908 -0.258305 -0.0535056 0.0739419
909 -0.300685 -0.0788423 0.0810947
910 -0.306422 -0.0639924 0.0790188
911 -0.312678 -0.064877 0.0898101
912 -0.294833 -0.089045 0.077264
913 -0.214206 0.0207042 -0.0429281
914 -0.226861 0.0351272 -0.0502142
915 -0.236184 0.0256556 -0.063293
916 -0.223204 0.0298715 -0.0779252
917 -0.226124 0.0130262 -0.0744001
918 -0.251857 0.0133517 -0.0761969
919 -0.255847 0.0118354 -0.090422
920 -0.270499 0.0037095 -0.0397472
921 -0.284327 0.00166868 -0.0442509
922 -0.269496 -0.0710092 0.0343903
923 -0.266373 -0.0608006 0.0326425
924 -0.199429 -0.0817634 0.0749559
925 -0.281489 -0.0494803 -0.0696025
926 -0.271294 -0.0435646 -0.0649996
927 -0.204434 -0.0615087 0.0758982
928 -0.310555 0.0753758 -0.011887
929 -0.317512 0.0776914 -0.010735
930 -0.301077 -0.0722083 -0.0360967
931 -0.315227 -0.0768325 -0.0501582
932 -0.33369 -0.0735945 -0.0589544
933 -0.348773 -0.0647968 -0.0550199
934 -0.230576 0.0802347 0.0406631
935 -0.214032 0.0821779 0.0488835
936 -0.211766 0.0695098 0.0427057
937 -0.297882 0.0799266 -0.00631745
938 -0.298239 0.0796513 0.0102673
939 -0.293173 0.0656518 -0.00250851
940 -0.321783 0.0794787 0.0173849
941 -0.339183 0.078851 0.00857866
942 -0.333477 0.0635757 0.015552
943 -0.342825 0.0619969 0.00179046
944 -0.326428 0.0523122 -0.000793433
945 -0.236274 0.0800489 0.0751527
946 -0.236804 0.0924464 0.07238
947 -0.245856 0.0831003 0.0670477
948 -0.249722 0.0669935 0.0732169
949 -0.421481 0.0858807 -0.0763957
950 -0.425157 0.0760284 -0.0757228
951 -0.413553 0.0748818 -0.0712614
952 -0.407671 0.0746839 -0.0702122
953 -0.412462 0.0650938 -0.0747275
954 -0.426355 0.0790475 -0.0851842
955 -0.434966 0.0766447 -0.0738108
956 -0.458925 -0.0133291 0.0476285
957 -0.482337 -0.0197826 0.040755
958 -0.462651 -0.00662108 0.0370713
959 -0.482334 0.00454717 0.035579
960 -0.480823 -0.033951 0.032708
961 -0.437773 -0.0117897 0.0538205
962 -0.41612 0.0295328 0.0703692
963 -0.434384 0.0430257 0.0729732
964 -0.430538 0.0181698 0.0718595
965 -0.45162 0.0716156 0.0710286
966 -0.423595 0.0161649 0.0419753
967 -0.420242 0.000670322 0.072817
968 -0.368813 -0.0770405 0.0760329
969 -0.371631 -0.0866693 0.0776469
970 -0.411327 -0.0619603 0.075382
971 -0.430461 -0.0644197 0.0857681
972 -0.404634 -0.0770066 0.0740052
973 -0.395163 -0.0761997 0.0757762
974 -0.472984 -0.0706981 -0.0309137
975 -0.479339 -0.0708572 -0.0192069
976 -0.454342 -0.0664739 -0.041282
977 -0.436161 0.0567341 0.0146445
978 -0.428638 0.0501429 0.0114506
979 -0.414867 0.0436323 0.000798386
980 -0.412036 0.0464782 -0.01065
981 -0.392844 0.0475802 -0.00588026
982 -0.43475 0.0403609 -0.0105411
983 -0.451714 0.0438906 -0.00291548
984 -0.450691 0.0494909 -0.00117636
985 -0.409857 0.0165646 0.0442262
986 -0.412191 -0.0446215 -0.0749622
987 -0.404144 -0.057288 -0.0709445
988 -0.384081 0.032105 0.0622647
989 -0.589868 -0.0608849 -0.00186635
990 -0.595665 -0.0609734 -0.00422882
991 -0.534536 -0.0290836 0.0728568
992 -0.529391 -0.0211061 0.0741129
993 -0.577011 0.0694503 0.0305293
994 -0.587575 0.0853741 0.0330418
995 -0.561976 0.0704789 0.0425432
996 -0.564371 -0.0241604 0.066393
997 -0.610513 -0.0424591 0.0644683
998 -0.626771 -0.0335467 0.0823381
999 -0.608652 -0.0391193 0.0880961
1000 -0.626299 -0.026143 0.0790038
1001 -0.600712 -0.0495268 0.0619697
1002 -0.628248 -0.0500882 -0.0750962
1003 -0.646241 -0.051523 -0.0710294
1004 -0.627569 0.00409428 -0.0588171
1005 -0.632661 -0.00446137 -0.0579199
1006 -0.631578 0.0121352 -0.0457172
1007 -0.646239 0.0213043 -0.0452639
1008 -0.627917 -0.015942 -0.0803845
1009 -0.530543 -0.0669703 0.0761194
1010 -0.517369 -0.065441 0.0715095
1011 -0.500358 -0.0660755 0.084116
1012 -0.551238 -0.0264885 -0.0404089
1013 -0.194711 0.00672656 0.0332886
1014 -0.521098 0.0311057 0.0311117
1015 -0.630002 0.0363767 0.0829873
1016 -0.524845 -0.0154791 0.0423074
1017 -0.610436 0.07439 -0.0750235
1018 -0.552396 0.00104104 0.0447899
1019 -0.0890532 -0.0618013 -0.0349446
1020 -0.457146 0.0288489 0.0287692
1021 -0.327751 0.0405957 -0.0707649
1022 -0.589837 0.0477479 0.0442205
1023 -0.646219 -0.00109906 0.0787727
1024 -0.540544 0.0265494 0.0364958
1025 -0.143516 0.0644318 -0.0710461
1026 -0.152529 -0.0128214 -0.0587011
1027 -0.141732 -0.0142572 0.00466252
1028 -0.133265 -0.04394 0.0345466
