1 -0.48597 -0.0285399 -0.0382623
2 -0.497388 -0.0658973 -0.0366363
3 -0.506011 -0.0293529 -0.00803564
4 -0.524552 -0.0425419 -0.0408628
5 -0.528187 -0.0954537 0.0336237
6 -0.544752 -0.0612464 0.0131352
7 -0.54676 -0.0953845 0.00416931
8 -0.551556 -0.0742691 0.0421018
9 -0.570408 -0.0490725 0.0526597
10 -0.577156 -0.0272184 0.0292719
11 -0.536368 -0.0433553 0.0432388
12 -0.493107 0.0479853 -0.0683056
13 -0.472027 0.0669815 -0.0544726
14 -0.482322 0.0674026 -0.0964641
15 -0.490212 0.0971898 -0.0696069
16 -0.489744 -0.00230198 0.096105
17 -0.468582 0.00717374 0.0606907
18 -0.503728 -0.000814953 0.070812
19 -0.476153 0.016613 0.0797996
20 -0.577491 0.0615541 0.0323433
21 -0.646235 0.0407607 0.00518143
22 -0.589187 0.0349416 0.0390943
23 -0.646235 0.0730172 0.0271599
24 -0.5293 0.0668565 -0.0684422
25 -0.520785 0.0606369 -0.0962115
26 -0.547617 0.0967253 -0.0959393
27 -0.527244 0.0968437 -0.0627272
28 -0.549324 0.0747365 -0.0959838
29 -0.581713 -0.0110003 -0.0409223
30 -0.551114 -0.0117333 -0.0542307
31 -0.553278 -0.0326284 -0.0421987
32 -0.576496 -0.0197864 -0.0711367
33 -0.521233 -0.063457 -0.00960066
34 -0.502506 -0.0401108 0.0268813
35 -0.510888 -0.0702009 0.0306403
36 -0.492462 -0.0656319 0.00239137
37 -0.58702 0.0217015 -0.0127644
38 -0.646235 0.0020105 0.000880758
39 -0.646235 0.0175192 -0.0293126
40 -0.530504 -0.00786168 0.0332189
41 -0.541795 -0.0187422 0.0608859
42 -0.576128 0.00607129 0.0441651
43 -0.646235 0.1 -0.025
44 -0.646235 0.1 0
45 -0.646235 0.0734273 -0.0112679
46 -0.58669 0.0961299 -0.0238517
47 -0.492818 0.00465238 0.023356
48 -0.524001 0.00642476 -0.00377913
49 -0.646235 0.0473314 0.0508233
50 -0.581417 0.066026 0.0665275
51 -0.582693 -0.0614722 0.0961992
52 -0.579463 -0.0957477 0.0707892
53 -0.580782 -0.0956512 0.0961963
54 -0.586785 -0.0694592 0.0643436
55 -0.54568 0.0277476 0.0230347
56 -0.587964 0.0122382 0.0150878
57 -0.480574 0.0460046 0.0378862
58 -0.477687 0.034211 -0.00236671
59 -0.514956 0.0393493 0.0110616
60 -0.646235 -0.0492512 -0.0296903
61 -0.578947 -0.0369696 -0.0128817
62 -0.58035 -0.0535517 -0.0585451
63 -0.554472 -0.0669231 -0.0268218
64 -0.584425 -0.0669797 0.0152425
65 -0.586464 -0.0736546 -0.0170704
66 -0.538691 -0.038125 -0.0708973
67 -0.646235 -0.032644 -0.00155263
68 -0.646235 -0.0459375 0.024835
69 -0.646235 -0.0165666 0.0283487
70 -0.544438 -0.0287582 -0.0185637
71 -0.539995 -0.0280342 0.00751755
72 -0.513786 0.0724315 -0.0396454
73 -0.492667 0.070261 0.00755907
74 -0.528548 0.0667721 0.0389339
75 -0.535586 0.0612021 -0.00465121
76 -0.521356 0.0969716 -0.0257599
77 -0.546645 0.053941 -0.0346688
78 -0.551363 0.00165057 0.0959042
79 -0.559967 0.0357491 0.0960229
80 -0.542441 0.0106308 0.0694932
81 -0.584633 0.0248443 0.0728076
82 -0.505187 0.0397394 -0.0303168
83 -0.479499 -0.0624105 0.0625649
84 -0.499036 -0.0268285 0.0645407
85 -0.521312 -0.0649511 0.0588482
86 -0.554679 -0.00231757 -0.015988
87 -0.561343 0.0176188 -0.0289088
88 -0.533044 0.025292 -0.0206415
89 -0.522921 -0.00621441 -0.0408963
90 -0.579956 -0.0957587 -0.0704979
91 -0.646235 -0.0667146 -0.0503956
92 -0.646235 -0.1 -0.05
93 -0.583069 -0.0956245 -0.0372196
94 -0.516066 0.00365831 0.0962332
95 -0.527888 -0.0223307 0.0962186
96 -0.513897 0.0968688 -0.0961352
97 -0.536793 0.00666658 -0.0960201
98 -0.55009 0.0374157 -0.0958324
99 -0.576895 0.0096657 -0.070498
100 -0.552302 0.0175819 -0.0550367
101 -0.570639 -0.00445718 0.00626695
102 -0.463191 -0.062173 0.0212957
103 -0.582708 0.0632987 -0.0958461
104 -0.646235 0.0668459 -0.0654286
105 -0.575664 0.0465996 -0.0640892
106 -0.565428 0.0749847 -0.0553626
107 -0.488373 -0.0956592 0.0354001
108 -0.555898 0.042909 0.0639604
109 -0.511207 -0.0568105 0.0964679
110 -0.537562 -0.0384629 0.0762202
111 -0.551583 -0.0693421 0.0742223
112 -0.528231 -0.0954237 0.0787153
113 -0.547708 0.0965658 0.0959104
114 -0.547259 0.067807 0.096143
115 -0.531453 0.0706714 0.0699017
116 -0.513908 0.0971321 0.0960761
117 -0.646235 -0.0156538 -0.0295892
118 -0.646235 -0.000828139 -0.0523479
119 -0.646235 -0.0319327 -0.0645593
120 -0.489134 -0.0438355 0.0964496
121 -0.477608 0.07019 0.0963599
122 -0.480063 0.0976274 0.0963384
123 -0.497693 0.0671305 0.0706924
124 -0.527856 0.0321957 -0.0622903
125 -0.646235 -0.00138515 -0.0714992
126 -0.55213 -0.0381489 0.0960303
127 -0.530406 0.0335433 0.0961282
128 -0.509804 0.0336823 0.0600196
129 -0.562367 0.0354631 0.000509073
130 -0.581398 0.0709919 0.00191429
131 -0.545984 0.0715884 0.0172432
132 -0.589884 -0.000106081 -0.0177762
133 -0.578508 -0.0204045 0.0717179
134 -0.54605 -0.0225215 -0.0961202
135 -0.529948 -0.00292324 -0.0732731
136 -0.534378 -0.0634755 -0.051508
137 -0.527008 -0.0954905 -0.0220788
138 -0.585906 0.0259848 -0.0404474
139 -0.646235 0.0232858 0.0686351
140 -0.646235 -0.00210221 0.0574566
141 -0.471152 -0.062427 0.0964778
142 -0.486378 0.0046118 -0.0250538
143 -0.4702 -0.0281107 0.0966332
144 -0.519656 0.097014 0.00952894
145 -0.550389 0.0963322 -0.0124332
146 -0.585953 -0.0954812 -0.00331814
147 -0.646235 -0.0685292 0.00314744
148 -0.646235 0.0776621 -0.0377538
149 -0.579175 0.0585972 -0.0254377
150 -0.506104 0.0276201 -0.0962146
151 -0.494088 0.0103786 -0.0621502
152 -0.512867 0.0598428 0.0961824
153 -0.493166 0.0307159 0.0965215
154 -0.586075 0.0293563 -0.0960746
155 -0.544362 -0.0955679 0.0614909
156 -0.646235 0.0502716 -0.0347161
157 -0.581217 -0.0323314 -0.0961021
158 -0.646235 0 -0.1
159 -0.646235 -0.0371008 0.0597063
160 -0.646235 -0.0711414 0.038456
161 -0.54823 -0.0729849 0.0961876
162 -0.55252 -0.0554997 -0.0959181
163 -0.586085 -0.0707108 -0.0961163
164 -0.560292 -0.0734124 -0.0710748
165 -0.525649 0.0969378 0.0632795
166 -0.55945 0.0964687 -0.071416
167 -0.646235 0.0261169 -0.0656522
168 -0.50755 -0.0957224 0.065829
169 -0.466824 -0.0952316 0.0673852
170 -0.56339 0.096511 0.0579742
171 -0.537188 0.0967859 0.0357916
172 -0.47159 0.0448536 0.06498
173 -0.478917 0.097342 -0.0111626
174 -0.496122 0.0971477 -0.0423025
175 -0.646235 0.075 0.1
176 -0.58403 0.0568088 0.0960881
177 -0.646235 0.0744889 0.0709772
178 -0.469458 0.0368199 -0.0449128
179 -0.464326 0.0225534 -0.0747613
180 -0.569838 0.0959907 0.0157304
181 -0.480517 0.0973243 0.0267285
182 -0.50886 0.097205 0.0387101
183 -0.491155 0.072836 0.0486009
184 -0.468498 -0.0553582 -0.0605323
185 -0.4924 -0.0640235 -0.096271
186 -0.517766 -0.0699652 -0.0708309
187 -0.505702 -0.0390208 -0.0676556
188 -0.646235 0.1 -0.05
189 -0.646235 0.1 0.05
190 -0.558189 -0.0956021 -0.0224245
191 -0.545268 -0.0957019 -0.0523896
192 -0.477826 -0.0157384 -0.0659161
193 -0.573039 -0.0954721 0.0329767
194 -0.646235 -0.1 0.025
195 -0.646235 0.05 -0.1
196 -0.646235 -0.05 0.1
197 -0.584144 -0.0209287 0.0958992
198 -0.646235 -0.1 -0.1
199 -0.646235 -0.0710655 -0.0775316
200 -0.646235 -0.08027 -0.0262146
201 -0.585303 0.0962403 -0.0623281
202 -0.555548 0.0964995 -0.0417809
203 -0.47951 -0.0954528 0.0965775
204 -0.513248 -0.0954304 0.096342
205 -0.472113 0.0663875 -0.0243267
206 -0.501654 -0.0248696 0.0962839
207 -0.486871 0.0971012 0.06263
208 -0.646235 0.0169698 0.0345753
209 -0.463229 0.0971621 -0.0454814
210 -0.512473 -0.0107189 -0.0963529
211 -0.581511 0.0963861 0.0959501
212 -0.581418 0.0964572 -0.0959217
213 -0.459984 -0.0558425 -0.0160725
214 -0.472711 -0.0272357 -0.000330002
215 -0.510155 -0.095556 -0.0468348
216 -0.569038 0.00214987 -0.096009
217 -0.646235 -0.0718804 0.0698327
218 -0.50802 -0.095295 0.00510092
219 -0.646235 -0.05 -0.1
220 -0.646235 0 0.1
221 -0.646235 0.05 0.1
222 -0.584782 0.0196169 0.09603
223 -0.473274 -0.0031919 -0.0957115
224 -0.47963 0.0967123 -0.0962269
225 -0.546202 -0.0958397 -0.0958643
226 -0.512397 -0.0957174 -0.0958308
227 -0.525712 -0.0707822 -0.0959523
228 -0.510979 -0.095768 -0.0745659
229 -0.646235 -0.1 -0.025
230 -0.646235 0.1 -0.1
231 -0.489595 -0.0952066 -0.0260189
232 -0.474644 -0.0956613 -0.0628241
233 -0.478308 -0.0954022 -0.0961165
234 -0.465418 0.0710195 0.0693018
235 -0.646235 0.1 0.1
236 -0.464697 -0.0176764 0.0293237
237 -0.646235 -0.1 0.05
238 -0.465404 -0.0951354 0.00285084
239 -0.491032 -0.0316889 -0.0961783
240 -0.520684 -0.04263 -0.0960428
241 -0.646235 -0.1 0.1
242 -0.463885 0.0330131 -0.0961637
243 -0.57984 -0.0960294 -0.0960587
244 -0.45681 -0.0363179 0.0481483
245 -0.547052 -0.0954551 0.0960954
246 -0.646235 -0.1 0
247 -0.646235 -0.075 -0.1
248 -0.456597 -0.017065 0.0751994
249 -0.46517 0.0064365 0.0964318
250 -0.408588 0.0443086 0.0390773
251 -0.444776 0.0215242 0.0272525
252 -0.413754 0.0353841 0.00578646
253 -0.403046 0.00736797 0.0383514
254 -0.441163 0.065635 -0.00477087
255 -0.444602 0.0980108 0.0127483
256 -0.410061 -0.0961247 -0.00203246
257 -0.417024 -0.058622 0.00169626
258 -0.435454 -0.0960052 0.011122
259 -0.416855 -0.0959974 0.0245281
260 -0.433029 -0.0493703 0.097354
261 -0.392638 -0.0438651 0.0977674
262 -0.419645 -0.0398863 0.0642298
263 -0.412738 -0.0243058 0.0974561
264 -0.371813 0.0691952 -0.0295509
265 -0.387675 0.0620543 0.00181803
266 -0.38018 0.0408639 -0.0323236
267 -0.361103 0.0414622 -0.00343926
268 -0.379343 -0.0591346 0.0638989
269 -0.40385 -0.0310028 0.0379727
270 -0.380206 -0.0228759 0.0688659
271 -0.450151 -0.0958801 -0.0346215
272 -0.434207 -0.096036 -0.0124415
273 -0.447486 0.065957 0.036213
274 -0.431544 0.0608668 0.0687969
275 -0.378418 -0.0961762 -0.016769
276 -0.343174 -0.0959005 -0.0249531
277 -0.345496 -0.0613737 -0.016891
278 -0.355113 -0.0957554 0.0102261
279 -0.402426 0.067329 -0.0486081
280 -0.406258 0.069728 -0.0170155
281 -0.444928 -0.09594 0.0383892
282 -0.36703 -0.045989 0.0348554
283 -0.398773 -0.0646476 0.0298248
284 -0.411932 -0.0956435 0.0976783
285 -0.378509 -0.0959928 0.0978856
286 -0.400348 -0.0959188 0.0775983
287 -0.403909 -0.0742178 0.097712
288 -0.388112 0.000140412 -0.00565906
289 -0.37885 0.0297112 0.0161493
290 -0.44206 0.0304759 0.060814
291 -0.425959 -0.069822 -0.0348772
292 -0.417601 0.00159938 -0.0408722
293 -0.429183 -0.0213541 -0.00972547
294 -0.423943 0.00830148 -0.01086
295 -0.382515 0.0987788 0.0171702
296 -0.410712 0.0984239 -0.000783212
297 -0.414644 0.0713202 0.0166899
298 -0.408653 -0.0725098 0.0710134
299 -0.429621 -0.0958113 0.0714859
300 -0.381242 0.05765 0.0713901
301 -0.424206 0.0163156 0.0680099
302 -0.434785 -0.0344965 0.0208642
303 -0.43021 -0.0677135 0.0413039
304 -0.424886 -0.00515987 0.0157357
305 -0.402005 -0.0192868 -0.0660211
306 -0.436423 -0.0286635 -0.0681733
307 -0.435845 -0.0375151 -0.042058
308 -0.406753 -0.061411 -0.0644211
309 -0.434246 -0.0704145 -0.0709358
310 -0.445438 0.0289953 -0.0197361
311 -0.435082 0.0668398 -0.0386917
312 -0.334974 0.0674218 -0.0276465
313 -0.345416 0.0992295 -0.0324925
314 -0.34135 0.0736789 -0.0633464
315 -0.404545 0.038219 -0.0227122
316 -0.397761 0.032752 -0.0644025
317 -0.351877 0.0668876 0.0546976
318 -0.389101 0.0987903 0.0502725
319 -0.364705 0.0989558 0.0703413
320 -0.389682 -0.0634781 -0.0226782
321 -0.37795 -0.0730719 0.00743533
322 -0.365441 0.0553393 -0.0591537
323 -0.361568 -0.0662263 0.0981269
324 -0.330861 -0.0481328 0.0983812
325 -0.354127 -0.0634399 0.0741084
326 -0.358559 -0.0319213 0.0982579
327 -0.428615 -0.0666506 -0.0967394
328 -0.429996 -0.0961255 -0.0674826
329 -0.411122 -0.0962154 -0.0967551
330 -0.434855 -0.00846769 0.0472058
331 -0.437338 0.0981146 -0.0215462
332 -0.456366 -0.00108335 0.00132759
333 -0.452219 -0.0129087 -0.0302657
334 -0.408137 -0.0961424 -0.0391711
335 -0.397594 -0.0962279 -0.0728171
336 -0.378461 -0.0767599 -0.0758596
337 -0.344862 0.03487 -0.0316613
338 -0.4482 0.052815 0.0108221
339 -0.354727 -0.0251689 0.0107649
340 -0.32884 -0.0292179 0.0337285
341 -0.341283 -0.0611966 0.014906
342 -0.40367 -0.0959466 0.049799
343 -0.373426 -0.0960812 0.07182
344 -0.454736 0.0387075 0.0969206
345 -0.438325 0.0145162 0.0971012
346 -0.399345 0.0713473 0.0976393
347 -0.377537 0.0498128 0.0977921
348 -0.369392 0.0759031 0.0977794
349 -0.342015 0.0296625 0.0303904
350 -0.346577 0.0100306 0.0707168
351 -0.341127 0.0413349 0.0690332
352 -0.369552 0.0330782 0.0478512
353 -0.412195 0.00443175 -0.0969869
354 -0.41624 -0.0332531 -0.0969427
355 -0.379956 -0.0191557 -0.097103
356 -0.376729 -0.0420662 -0.0702973
357 -0.341118 -0.0351744 -0.0970729
358 -0.35809 -0.023635 -0.0705918
359 -0.347423 -0.0559807 -0.0744087
360 -0.434723 0.0395297 -0.0558089
361 -0.366322 -0.0654861 -0.0473426
362 -0.327761 -0.0962048 -0.0609251
363 -0.367284 -0.0961296 -0.0595793
364 -0.377288 0.012716 -0.0970866
365 -0.35852 0.0259186 -0.0654046
366 -0.382059 0.00235979 -0.0674647
367 -0.353121 -0.00128541 -0.0971569
368 -0.449748 0.0980808 0.0467025
369 -0.42309 0.0984005 0.0679224
370 -0.408493 0.0785989 0.0499415
371 -0.41525 0.0379943 0.097529
372 -0.3738 0.0989363 -0.04744
373 -0.378169 0.098726 -0.0157897
374 -0.44348 -0.0643609 0.0725656
375 -0.398653 -0.0346895 -0.0312813
376 -0.370514 -0.0285366 -0.0392128
377 -0.451816 0.0492526 -0.0743205
378 -0.439379 0.0727736 -0.064747
379 -0.456167 -0.0407769 -0.0967356
380 -0.393993 0.0987247 0.0768305
381 -0.372883 0.0648749 0.0319171
382 -0.445428 -0.0954599 0.097048
383 -0.342963 -0.0378367 -0.0478392
384 -0.4042 0.0985072 -0.0337718
385 -0.395232 0.0984921 -0.0672853
386 -0.435481 0.06912 0.0970389
387 -0.377844 -0.0962442 -0.0967165
388 -0.385582 -0.0598715 -0.0969919
389 -0.45293 0.00659765 -0.0593656
390 -0.445271 0.0108732 -0.0965432
391 -0.385837 -0.0135458 0.0976479
392 -0.38335 0.0172251 0.0735245
393 -0.411676 -0.0134421 0.0730198
394 -0.426788 0.0141474 -0.0730039
395 -0.34783 0.077913 0.00132112
396 -0.427616 0.098147 -0.0559855
397 -0.417637 0.0596764 -0.0730747
398 -0.459623 -0.0726748 -0.0966454
399 -0.350821 0.0327995 0.0979348
400 -0.344668 -0.0236947 -0.0152816
401 -0.345334 -0.0956198 0.0983083
402 -0.375853 -0.0431665 -0.00139268
403 -0.396623 -0.028124 0.0115671
404 -0.379577 0.0988657 0.0975824
405 -0.345343 0.0364274 -0.097088
406 -0.365303 0.071156 -0.097195
407 -0.453073 0.0977693 -0.0760269
408 -0.440198 -0.0127604 -0.096907
409 -0.343213 -0.00218685 -0.0506416
410 -0.349947 0.00732474 -0.00309128
411 -0.3789 0.00773551 -0.0339604
412 -0.365865 -0.0959622 0.0426553
413 -0.363678 -0.00470832 0.034825
414 -0.341193 -0.0332027 0.0648546
415 -0.333399 -0.0687323 0.0457289
416 -0.3472 0.0988742 0.000226178
417 -0.330048 0.0659062 0.0329367
418 -0.354038 0.000832424 0.0980901
419 -0.439025 -0.0135781 0.0969879
420 -0.346276 0.0990019 0.0978664
421 -0.396768 0.0460048 -0.0970131
422 -0.353434 -0.0704267 -0.0970092
423 -0.341224 -0.0960207 0.068188
424 -0.383138 0.0186068 0.0977148
425 -0.412744 0.00276234 0.0973698
426 -0.335689 0.0732662 -0.0969236
427 -0.322121 0.0451204 -0.0626339
428 -0.438687 0.0588972 -0.096745
429 -0.38409 0.0728895 -0.0718173
430 -0.416442 0.09841 0.0327764
431 -0.344559 -0.0960953 -0.0969767
432 -0.346009 0.0988639 -0.0970571
433 -0.431531 0.0310648 -0.0969374
434 -0.444513 -0.0958554 -0.0965213
435 -0.353199 0.0990759 0.0363788
436 -0.379206 0.0987647 -0.0968488
437 -0.368124 0.0990101 -0.0740998
438 -0.324944 -0.00540721 0.0173366
439 -0.446015 0.0979794 -0.0965478
440 -0.413037 0.0985888 0.0970914
441 -0.456221 0.0979244 0.0739981
442 -0.392903 0.0775377 -0.0970096
443 -0.41643 0.0756622 -0.0968948
444 -0.340542 0.0734369 0.0779025
445 -0.345271 0.062306 0.0979841
446 -0.342998 0.0989593 -0.0627189
447 -0.446559 0.0981458 0.0966371
448 -0.332901 -0.0958919 0.0374773
449 -0.3881 -0.0959769 0.0188842
450 -0.412467 0.09827 -0.0968822
451 -0.324502 0.0994943 0.0643396
452 -0.321623 0.0165346 0.0985353
453 -0.245966 0.0318555 0.00947595
454 -0.221625 0.0140131 0.0422775
455 -0.223388 0.0509776 0.0324904
456 -0.254251 0.0491769 0.0417609
457 -0.246376 -0.0386485 0.0995625
458 -0.242495 -0.0139915 0.0722959
459 -0.235472 -0.056396 0.0617064
460 -0.271885 -0.0372709 0.0688981
461 -0.30944 0.0997774 -0.0488268
462 -0.311589 0.0997425 -0.0780507
463 -0.301807 0.0779686 -0.0747264
464 -0.215635 -0.0585788 -0.00225418
465 -0.236843 -0.0966162 -0.000601633
466 -0.223585 -0.0694365 -0.0324421
467 -0.206646 -0.0967365 -0.0224871
468 -0.221699 0.0198878 -0.063907
469 -0.239523 0.0214354 -0.0299199
470 -0.257424 0.00605981 -0.061668
471 -0.226759 -0.00553156 -0.034126
472 -0.221038 -0.0284892 0.0228897
473 -0.212511 -0.0173109 0.0602277
474 -0.208181 -0.0614911 0.0419686
475 -0.267729 -0.0719226 0.0756874
476 -0.261384 -0.0700089 -0.0976537
477 -0.258563 -0.0967107 -0.0660716
478 -0.246579 -0.0967605 -0.0976481
479 -0.265796 -0.070599 -0.0721693
480 -0.218277 -0.0190523 -0.0707826
481 -0.236236 -0.0372642 -0.0393137
482 -0.254889 -0.0393933 -0.0708995
483 -0.283971 0.100252 0.0516203
484 -0.271181 0.0740414 0.0619496
485 -0.292032 0.100175 0.0777709
486 -0.288891 0.0729918 0.0455966
487 -0.280566 0.100296 0.098871
488 -0.266942 0.0687988 0.0990777
489 -0.253786 0.100647 0.0768737
490 -0.310359 0.0996961 -0.016482
491 -0.309916 0.0998457 0.0220568
492 -0.306504 0.0681553 -0.0067501
493 -0.258804 0.00294237 0.0283853
494 -0.276269 0.00194613 0.0719099
495 -0.256374 0.028989 0.0634088
496 -0.222304 -0.00256974 -0.0978986
497 -0.228588 0.0387982 -0.0979481
498 -0.200826 0.0208367 -0.0980634
499 -0.253302 -0.0220934 0.0461556
500 -0.310573 0.00347036 -0.0198605
501 -0.323623 0.0252145 0.00248975
502 -0.288917 -0.0308531 0.0311232
503 -0.303774 -0.0671211 0.0191472
504 -0.269588 -0.0649108 0.0351888
505 -0.310644 -0.051208 0.0376021
506 -0.271543 -0.0130926 -0.0345539
507 -0.276817 -0.0488422 -0.0403885
508 -0.312832 -0.0241952 -0.0477495
509 -0.282501 -0.0271548 -0.0694792
510 -0.310469 -0.0708947 -0.00947983
511 -0.306332 -0.0714473 -0.0348107
512 -0.29967 -0.0607149 0.0604007
513 -0.307196 -0.0183243 0.070462
514 -0.299282 0.00678256 0.017448
515 -0.291208 0.000218804 0.0458066
516 -0.284569 -0.000487685 -0.0977383
517 -0.278865 -0.0387505 -0.0976087
518 -0.306726 -0.0233907 -0.0975764
519 -0.251728 -0.0722173 -0.0349715
520 -0.268 -0.0965975 -0.0306465
521 -0.25385 -0.0717687 -0.00143027
522 -0.279584 -0.0730163 -0.0306262
523 -0.306463 -0.0425678 -0.0244509
524 -0.320727 -0.0597445 -0.0544316
525 -0.222653 0.0072339 -7.99361e-05
526 -0.202641 0.0326357 0.00974559
527 -0.293659 -0.0698769 -0.0974566
528 -0.278957 -0.0966778 -0.097416
529 -0.313503 -0.0356652 0.00544132
530 -0.308191 0.0641351 0.0631131
531 -0.193459 -0.0968887 0.0168208
532 -0.234134 -0.069712 0.0238255
533 -0.321492 0.015315 -0.0770944
534 -0.313317 -0.0961439 0.0618891
535 -0.3159 -0.0737169 0.0779491
536 -0.23534 -0.096744 -0.040737
537 -0.32 -0.096277 0.00685013
538 -0.277389 -0.023362 -0.00376213
539 -0.247326 -0.0412487 0.0197162
540 -0.237812 -0.0679304 -0.0629386
541 -0.263764 0.0102322 -0.0135625
542 -0.313608 0.0420755 -0.0241922
543 -0.275015 0.0707208 -0.0200316
544 -0.28583 0.0354849 -0.0379887
545 -0.29965 0.0706814 -0.0435475
546 -0.243389 0.0762571 0.0339697
547 -0.236279 0.0721606 0.0690646
548 -0.193925 0.0704902 0.0563339
549 -0.205618 0.101103 0.0327273
550 -0.292036 -0.0966018 -0.0615496
551 -0.311549 -0.0965075 -0.097108
552 -0.24013 0.100726 0.00707702
553 -0.21217 0.0723035 0.0103368
554 -0.247178 -0.0467317 -0.0113123
555 -0.29623 -0.0593771 -0.068247
556 -0.323857 -0.0680525 -0.0974323
557 -0.19607 0.0197375 -0.025356
558 -0.321784 0.000840842 -0.0973848
559 -0.322426 -0.0246248 -0.0744583
560 -0.323843 0.0491429 0.00312785
561 -0.247133 0.10054 -0.061182
562 -0.235752 0.0749008 -0.0227438
563 -0.224675 0.100824 -0.0326126
564 -0.270903 0.100264 -0.0349351
565 -0.271495 0.100462 0.0252017
566 -0.200996 0.07344 -0.0488114
567 -0.209826 0.0703511 -0.0980832
568 -0.234883 0.0769389 -0.0725109
569 -0.216563 0.100841 -0.0734831
570 -0.279767 0.0404948 0.0386332
571 -0.256846 0.0438544 -0.0269591
572 -0.24904 -0.0964916 0.0592485
573 -0.301915 0.00662448 -0.0665441
574 -0.263375 0.00176723 0.0992543
575 -0.247195 0.0350567 0.0994604
576 -0.226547 0.000669752 0.0994972
577 -0.220563 0.00995031 0.0781902
578 -0.320983 0.0194893 -0.0487253
579 -0.28865 0.043458 -0.0718544
580 -0.254816 -0.0135983 -0.0978217
581 -0.254694 0.0654981 0.0070472
582 -0.253087 0.100532 -0.0153732
583 -0.214721 0.0472096 0.0693902
584 -0.226181 0.0682034 0.0993513
585 -0.247609 0.076177 -0.0979032
586 -0.277523 0.10017 -0.0691692
587 -0.247441 0.100401 -0.0978661
588 -0.321461 0.044629 0.0985771
589 -0.226143 0.044304 -0.00977936
590 -0.20427 -0.0299233 0.099759
591 -0.201378 -0.0408281 0.0758896
592 -0.288528 0.0348493 0.0990124
593 -0.227924 -0.0967646 -0.0714372
594 -0.233873 -0.0745539 -0.0977174
595 -0.20286 -0.0770894 -0.0767289
596 -0.28203 -0.0555628 -0.00310908
597 -0.237217 -0.0428285 -0.0978716
598 -0.208985 -0.0669467 -0.0978506
599 -0.215584 -0.0529096 -0.0718029
600 -0.287534 0.0376906 0.00109002
601 -0.302396 0.0243593 0.0696734
602 -0.295226 0.00231877 0.0990454
603 -0.266228 0.0691168 -0.0578856
604 -0.307946 0.0729213 0.098585
605 -0.254983 0.016388 -0.0977841
606 -0.277384 0.0244067 -0.0977426
607 -0.279977 0.100135 -0.0976145
608 -0.283947 0.077032 -0.0976105
609 -0.280236 0.0474369 0.071036
610 -0.224526 -0.0966135 0.0393142
611 -0.25956 -0.0710327 0.0995194
612 -0.235975 -0.0734442 0.099708
613 -0.236569 0.0589519 -0.0447159
614 -0.308943 -0.0460023 -0.09746
615 -0.208364 0.0431139 -0.0404936
616 -0.324012 0.0060408 0.0505812
617 -0.251722 0.0420933 -0.0686154
618 -0.19317 0.056272 -0.014971
619 -0.276373 0.100271 -0.00193403
620 -0.287012 0.0670437 0.0185034
621 -0.240662 -0.0177994 -0.00782701
622 -0.299821 -0.0963327 0.0368732
623 -0.281577 -0.096259 0.0707837
624 -0.307948 0.0388299 0.0383578
625 -0.211323 -0.0650794 0.0998184
626 -0.214699 -0.0964202 0.0997495
627 -0.221192 -0.0965634 0.0731808
628 -0.20061 -0.034024 -0.0980086
629 -0.210964 -0.0967413 -0.0513318
630 -0.282537 -0.021369 0.0992152
631 -0.197852 -0.0433996 -0.0414327
632 -0.305569 -0.0964598 -0.0263932
633 -0.279163 -0.0965013 0.00720965
634 -0.308401 0.0610681 -0.0975164
635 -0.301501 0.0289633 -0.0975366
636 -0.271211 0.0472123 -0.0976905
637 -0.312621 0.0996551 -0.0973222
638 -0.251735 -0.0965675 0.0287482
639 -0.319781 -0.0185334 0.0986533
640 -0.290614 -0.0523001 0.0990239
641 -0.212361 0.0499178 -0.0734755
642 -0.247185 -0.0963287 0.0996633
643 -0.244888 0.100703 0.0441955
644 -0.197714 -0.0251616 -0.0143941
645 -0.319315 -0.0749069 0.098651
646 -0.206513 0.101074 -0.00193271
647 -0.21425 -0.0967605 -0.0977108
648 -0.271813 -0.096374 0.0403674
649 -0.215661 0.10102 0.0993133
650 -0.214691 0.101045 0.0691477
651 -0.313329 0.0997181 0.0984255
652 -0.248021 0.100678 0.0991718
653 -0.196608 0.0796008 0.0997936
654 -0.210209 0.0326981 0.0996087
655 -0.201103 -0.0758256 -0.0548447
656 -0.279669 -0.0962503 0.0992258
657 -0.312336 -0.0961219 0.0988468
658 -0.215139 0.100827 -0.098003
659 -0.194689 -0.0968807 0.055067
660 -0.174045 -0.072338 0.0441888
661 -0.0874959 -0.0973564 -0.0986772
662 -0.087107 -0.0723787 -0.0671361
663 -0.118845 -0.097279 -0.098475
664 -0.11526 -0.0972494 -0.0680317
665 -0.087329 0.0163743 -0.065129
666 -0.0875548 0.0275911 -0.0987936
667 -0.117592 0.00884014 -0.0986452
668 -0.109934 0.0389431 -0.0987598
669 -0.165237 0.073657 -0.0410964
670 -0.178821 0.0773607 -0.00982802
671 -0.128474 0.0377057 0.0110469
672 -0.0873361 0.0369605 -0.0114611
673 -0.118071 0.0389467 -0.0205139
674 -0.116608 0.0738977 0.00186925
675 -0.117766 0.00450417 0.0232874
676 -0.0873798 0.0153459 0.0451187
677 -0.0872052 0.0202876 0.0152434
678 -0.114374 0.029922 0.0447616
679 -0.152088 -0.0680784 0.0615017
680 -0.123877 -0.0970318 0.0674127
681 -0.143298 -0.0970467 0.0443093
682 -0.122084 -0.0704325 0.0343418
683 -0.183765 0.101418 -0.0560366
684 -0.181583 0.101475 -0.0205122
685 -0.18262 -0.0580543 -0.0981236
686 -0.168121 -0.0236873 0.100293
687 -0.17941 -0.00493792 0.0624599
688 -0.152471 -0.0339289 0.075272
689 -0.181896 -0.0397591 0.0556764
690 -0.165587 -0.0969491 0.0707043
691 -0.116083 0.07187 0.0384769
692 -0.0876276 0.0532795 0.0197084
693 -0.110339 -0.0192077 -0.0109577
694 -0.0870706 -0.0108415 0.0237418
695 -0.0869807 -0.0290185 -0.00785933
696 -0.0871129 0.00451706 -0.00671369
697 -0.145279 0.0105835 0.060625
698 -0.151454 -0.0332833 0.0363559
699 -0.15325 -0.0177004 -0.0274875
700 -0.121126 0.0034574 -0.0360494
701 -0.155367 -0.0117637 -0.0666292
702 -0.152845 0.0166551 -0.0341716
703 -0.150949 0.0263274 0.0369037
704 -0.130634 0.0520203 0.0652397
705 -0.145864 0.0575444 0.0324439
706 -0.118058 -0.0529127 -0.0259457
707 -0.136626 -0.0197863 -0.00425178
708 -0.127836 -0.0283737 -0.0472331
709 -0.147178 -0.097094 -0.0227665
710 -0.123277 -0.0515913 0.00742556
711 -0.115924 -0.0970968 -0.00669237
712 -0.154998 -0.0554325 -0.0175496
713 -0.182228 -0.097016 -0.0980728
714 -0.197713 -0.096933 -0.073388
715 -0.11579 -0.0971711 -0.0365829
716 -0.126557 -0.0670223 -0.0531005
717 -0.0870142 -0.0750792 -0.039574
718 -0.189495 0.00344133 0.100027
719 -0.189054 0.0234737 0.0703493
720 -0.113275 -0.0678627 0.0754917
721 -0.188612 -0.0703654 0.0709873
722 -0.177275 -0.0595354 0.100263
723 -0.143694 -0.050327 0.100615
724 -0.184615 -0.0682067 -0.0217446
725 -0.163094 0.101757 0.0737099
726 -0.162228 0.0702064 0.100225
727 -0.184039 -0.00456553 -0.0512396
728 -0.1461 0.101882 -0.0361401
729 -0.143764 0.0753681 -0.0192597
730 -0.181854 0.101483 0.00945593
731 -0.150283 0.00105593 0.0206048
732 -0.16673 0.0305931 0.00581635
733 -0.116072 0.0676149 -0.0987272
734 -0.122772 0.102165 -0.0688697
735 -0.15297 0.0649273 -0.0693381
736 -0.120052 0.0724414 -0.0479527
737 -0.183757 -0.0479663 0.016273
738 -0.161149 -0.0705804 0.016068
739 -0.147455 0.0228827 -0.0666968
740 -0.11721 -0.00157083 -0.0712182
741 -0.114583 -0.0334118 0.100812
742 -0.0871847 -0.0262782 0.0650137
743 -0.114683 -0.00998898 0.0652591
744 -0.0875764 -0.0221455 0.100947
745 -0.0877161 0.0711628 -0.0698607
746 -0.0876959 0.074204 -0.0472832
747 -0.141991 0.0488715 -0.0446536
748 -0.178981 0.0413017 -0.0564621
749 -0.162144 0.0420981 -0.0215748
750 -0.0877773 0.052547 -0.0988016
751 -0.0882755 0.102496 -0.0988173
752 -0.0876908 0.0455329 0.0648873
753 -0.183257 0.0636154 -0.0983351
754 -0.171246 0.0043724 -0.00909203
755 -0.124951 0.102297 0.0294984
756 -0.1558 0.0663405 0.0121223
757 -0.119064 0.10231 -0.00243013
758 -0.11256 0.102347 -0.0313981
759 -0.0876601 0.0705803 -0.022062
760 -0.185558 -0.00143352 0.0244869
761 -0.190602 0.0173036 -0.0735628
762 -0.0874536 0.00261027 -0.0987788
763 -0.168464 -0.0969642 0.040977
764 -0.156591 0.101788 -0.0714974
765 -0.11382 0.0166863 0.0790576
766 -0.153802 0.00762175 0.100457
767 -0.139496 0.0379965 0.100508
768 -0.0871502 -0.0972441 -0.0487425
769 -0.174208 0.0342696 0.100151
770 -0.120681 -0.0654034 -0.098601
771 -0.138975 -0.0971339 -0.0773614
772 -0.16375 0.101725 0.0390458
773 -0.185623 0.101497 0.0627816
774 -0.156827 0.0746033 0.0527748
775 -0.0871479 -0.0971007 0.0511352
776 -0.0870936 -0.0686876 0.041661
777 -0.152359 0.00320675 -0.098486
778 -0.141085 0.0696126 0.081167
779 -0.110414 0.0751719 0.0766646
780 -0.182535 -0.0967428 0.100171
781 -0.149714 -0.0970582 0.0128261
782 -0.152931 0.101866 0.00190185
783 -0.183958 0.0651441 0.0215206
784 -0.17972 0.0380746 0.0407299
785 -0.0871399 -0.0971401 0.00117201
786 -0.0869026 -0.0657635 -0.0110911
787 -0.0869788 -0.0747398 0.0157127
788 -0.151353 0.101737 -0.0986494
789 -0.151909 0.0720561 -0.0985491
790 -0.113077 -0.0970945 0.0283336
791 -0.0874303 0.048362 -0.0464791
792 -0.115941 0.0430418 -0.0737845
793 -0.139065 -0.0177924 0.100625
794 -0.0869496 -0.0461696 0.0219577
795 -0.11062 -0.0392354 -0.0681745
796 -0.0871987 -0.0169255 -0.0692068
797 -0.0870609 -0.00898737 -0.0371028
798 -0.131696 0.102213 0.0670548
799 -0.151772 0.101948 0.10035
800 -0.139246 0.0851507 0.100497
801 -0.120177 0.10241 0.100581
802 -0.08819 0.102719 0.0259908
803 -0.08815 0.102635 0.000984063
804 -0.0879462 0.0802751 0.0390607
805 -0.0875594 0.0133117 0.0755545
806 -0.0877277 0.00285678 0.10093
807 -0.145728 -0.0472922 -0.0738402
808 -0.150688 -0.0969584 0.10049
809 -0.164161 0.0453716 0.0706467
810 -0.0873296 -0.0474149 -0.0987946
811 -0.180057 -0.0969899 -0.0444487
812 -0.161618 -0.0277203 0.00439209
813 -0.0869909 -0.0451859 -0.0471471
814 -0.11814 -0.0468326 0.0573196
815 -0.118324 -0.0250315 0.0288463
816 -0.115068 0.0312617 -0.0506439
817 -0.182641 -0.042344 -0.073161
818 -0.115381 0.00630014 0.10074
819 -0.144128 -0.0971201 -0.0527416
820 -0.166966 -0.0687711 -0.0572682
821 -0.193671 0.0566245 0.0999956
822 -0.185132 -0.00277483 -0.0982769
823 -0.0881181 0.102552 -0.0489265
824 -0.135632 -0.0279867 -0.0985106
825 -0.109508 -0.0277661 -0.098693
826 -0.119694 0.10214 -0.0987062
827 -0.166074 -0.0381274 -0.0460721
828 -0.133099 0.0101907 -0.00699482
829 -0.0873629 -0.0971005 0.0760886
830 -0.119116 -0.0969992 0.100825
831 -0.113055 -0.0706419 0.100852
832 -0.176059 -0.0969918 -0.011871
833 -0.0875675 -0.0470952 0.101042
834 -0.155785 -0.0622234 -0.0983089
835 -0.166098 -0.0970178 -0.0736488
836 -0.195831 -0.0967936 0.0807635
837 -0.0875066 0.0433479 -0.0757934
838 -0.183572 0.10151 0.0999401
839 -0.183061 0.101323 -0.0983298
840 -0.12156 0.0668381 0.100658
841 -0.172697 0.0330403 -0.0984021
842 -0.0882898 0.102727 0.0509497
843 -0.0881061 0.0766744 0.0717193
844 -0.104481 0.102586 0.0787482
845 -0.0881661 0.0528372 0.100937
846 -0.110881 0.0390311 0.10077
847 -0.088826 0.102767 0.100921
848 -0.0883863 0.0778058 0.100904
849 -0.167473 -0.0303595 -0.0982926
850 -0.0871767 0.019627 -0.0326572
851 -0.0873 -0.068128 0.0723055
852 -0.0872036 -0.097173 0.0261289
853 -0.0870954 -0.0971913 -0.0238181
854 -0.198652 0.0443036 -0.098168
855 -0.150448 -0.0971571 -0.0982422
856 -0.137305 0.0374316 -0.0986017
857 -0.0885479 0.102801 0.075918
858 -0.0876052 -0.0720877 0.101032
859 -0.0878604 0.0278732 0.100919
860 -0.0876559 -0.0970705 0.10102
861 -0.110069 0.0152397 0.00411926
862 -0.104203 0.00451862 0.0100631
863 -0.0986826 -0.0150375 0.00633735
864 -0.0995606 -0.0274212 0.00691409
865 -0.102541 0.0217828 -0.0136094
866 -0.111041 0.0303453 0.0128375
867 -0.156524 0.0838675 0.0363735
868 -0.147796 0.0824452 0.0462067
869 -0.147696 0.102037 0.0530455
870 -0.131194 -0.0818622 0.0875148
871 -0.167715 0.0522177 0.0264765
872 -0.177564 0.052329 0.0157421
873 -0.174201 0.0613187 -0.00144766
874 -0.181443 0.0712898 0.00575227
875 -0.15927 0.0529936 -0.0064585
876 -0.0873984 -0.0224083 -0.0988187
877 -0.098326 -0.0223414 -0.0839804
878 -0.184764 -0.0730053 -0.0670371
879 -0.0987807 0.0778082 0.0572348
880 -0.0881928 0.0897039 0.0613285
881 -0.096354 0.102657 0.0647812
882 -0.113747 0.0732349 0.0542442
883 -0.110646 0.0571024 0.0887131
884 -0.0982515 0.0629723 0.0899268
885 -0.196582 0.0858888 -0.0770802
886 -0.208778 0.0871416 -0.0611456
887 -0.204021 0.10104 -0.0442883
888 -0.191035 0.0875095 -0.0346575
889 -0.101798 -0.0867206 -0.0545352
890 -0.0871563 -0.0848322 -0.0579711
891 -0.131727 -0.0281595 -0.0728716
892 -0.128485 -0.0433398 -0.0710596
893 -0.199768 0.0799452 -0.00815011
894 -0.169865 0.0826298 -0.0848812
895 -0.179792 0.0906092 0.0868
896 -0.184285 0.101491 0.087001
897 -0.190734 0.0912054 0.0800864
898 -0.20669 0.0918709 0.0822342
899 -0.215316 0.0759324 0.085197
900 -0.221765 0.0806618 0.0878558
901 -0.225785 0.0868294 0.0844632
902 -0.20523 0.0636103 0.0846511
903 -0.135204 -0.074366 -0.00766136
904 -0.0976884 0.0268064 -0.0806141
905 -0.293626 0.0859601 0.0561888
906 -0.300108 0.0815476 0.0516601
907 -0.291808 -0.0728319 0.0768174
908 -0.29522 -0.0564966 0.0797393
909 -0.331008 -0.0851287 0.0885658
910 -0.336659 -0.0690155 0.086305
911 -0.341214 -0.0700519 0.0980917
912 -0.325709 -0.0959852 0.0842938
913 -0.257178 0.0234567 -0.0458147
914 -0.26827 0.0388638 -0.0537653
915 -0.276315 0.0288909 -0.0679361
916 -0.264524 0.0332219 -0.0831992
917 -0.267219 0.0152902 -0.0795889
918 -0.289631 0.0156422 -0.0821502
919 -0.292753 0.0140745 -0.0976036
920 -0.306277 0.00497417 -0.0432167
921 -0.317968 0.00290401 -0.0483528
922 -0.304762 -0.0756663 0.0372178
923 -0.302285 -0.0645841 0.0352957
924 -0.242497 -0.0849582 0.0794671
925 -0.314811 -0.0527724 -0.0758285
926 -0.306249 -0.0461142 -0.0706093
927 -0.247468 -0.0637146 0.0806491
928 -0.340905 0.0836796 -0.0132493
929 -0.34672 0.0863834 -0.0120571
930 -0.332113 -0.0778064 -0.039294
931 -0.343833 -0.0831325 -0.0551675
932 -0.359381 -0.0803656 -0.0653639
933 -0.372391 -0.0711149 -0.0616031
934 -0.271317 0.0872344 0.0435788
935 -0.256567 0.0888145 0.0521038
936 -0.254878 0.0753175 0.0455611
937 -0.329827 0.0882652 -0.00715087
938 -0.330287 0.0879084 0.0107931
939 -0.325888 0.0727583 -0.00293742
940 -0.350663 0.0884689 0.0189127
941 -0.364906 0.0881434 0.00917561
942 -0.360769 0.0712632 0.0169836
943 -0.368231 0.0697708 0.001571
944 -0.354794 0.0586311 -0.00107522
945 -0.275861 0.087164 0.0804267
946 -0.276187 0.10032 0.0773878
947 -0.28444 0.0906883 0.0720342
948 -0.287902 0.0735299 0.078747
949 -0.432271 0.0979909 -0.0867088
950 -0.435427 0.0870992 -0.086104
951 -0.426001 0.0855246 -0.0808599
952 -0.421195 0.0851804 -0.0795926
953 -0.425127 0.074549 -0.0848584
954 -0.436333 0.0906503 -0.0966857
955 -0.443405 0.08798 -0.0841098
956 -0.462534 -0.0146574 0.0543378
957 -0.481793 -0.0224357 0.0470654
958 -0.465618 -0.00701464 0.0423613
959 -0.481605 0.00556866 0.0407637
960 -0.480407 -0.0385806 0.0379854
961 -0.445784 -0.0128151 0.0612626
962 -0.428349 0.0343851 0.0796403
963 -0.443065 0.0497746 0.0829137
964 -0.439907 0.0214739 0.0816172
965 -0.457058 0.0824261 0.0806443
966 -0.434433 0.0191696 0.0475903
967 -0.431616 0.00142059 0.0825451
968 -0.388631 -0.0851421 0.0847925
969 -0.390715 -0.0958951 0.0866313
970 -0.423769 -0.0692834 0.0852022
971 -0.439278 -0.0724203 0.0972346
972 -0.418096 -0.0860996 0.0833571
973 -0.410314 -0.0848893 0.0851508
974 -0.47372 -0.0809969 -0.0358043
975 -0.478744 -0.0810426 -0.0224977
976 -0.458115 -0.0754417 -0.0477257
977 -0.444467 0.0657564 0.0165389
978 -0.438535 0.0581249 0.0128273
979 -0.427456 0.0505195 0.000504642
980 -0.425138 0.0537827 -0.0124355
981 -0.409536 0.054586 -0.00699581
982 -0.443311 0.0470534 -0.0123779
983 -0.4569 0.0512667 -0.00369047
984 -0.456239 0.0576817 -0.00180308
985 -0.423401 0.0195894 0.0500192
986 -0.424307 -0.0498619 -0.0853008
987 -0.417653 -0.0640079 -0.0805996
988 -0.402588 0.0371033 0.0698026
989 -0.565611 -0.0674376 -0.00190426
990 -0.570312 -0.0669363 -0.00442524
991 -0.522752 -0.0328497 0.0846165
992 -0.518662 -0.0237595 0.0861695
993 -0.557322 0.079147 0.0340505
994 -0.56681 0.0964856 0.0370029
995 -0.545127 0.0810145 0.0480922
996 -0.546198 -0.0269961 0.075799
997 -0.582691 -0.0449132 0.068064
998 -0.596928 -0.0343883 0.0841926
999 -0.583409 -0.0412363 0.0960963
1000 -0.596306 -0.0267783 0.0808962
1001 -0.574621 -0.0532755 0.0674397
1002 -0.597118 -0.0509126 -0.0774844
1003 -0.646235 -0.0514991 -0.0710455
1004 -0.597472 0.00405872 -0.0597136
1005 -0.602177 -0.00490571 -0.0583602
1006 -0.600802 0.0120398 -0.0457575
1007 -0.646235 0.0212917 -0.0452575
1008 -0.598155 -0.0168068 -0.0825488
1009 -0.520041 -0.0765354 0.0874703
1010 -0.509655 -0.0749688 0.082278
1011 -0.495937 -0.0753955 0.096547
1012 -0.535539 -0.0298524 -0.0463372
1013 -0.240205 0.00848291 0.0353215
1014 -0.512796 0.0364355 0.0356214
1015 -0.599757 0.0365743 0.084528
1016 -0.514703 -0.0173048 0.0488393
1017 -0.584143 0.0797777 -0.0791574
1018 -0.536683 0.0013528 0.0513134
1019 -0.14077 -0.061219 -0.0353225
1020 -0.461099 0.0337913 0.0327006
1021 -0.355372 0.0458447 -0.0780905
1022 -0.566617 0.0522267 0.0481138
1023 -0.646235 -0.0010511 0.0787283
1024 -0.52763 0.0306698 0.04158
1025 -0.191852 0.0685863 -0.0735639
1026 -0.201306 -0.0118061 -0.0611346
1027 -0.1913 -0.0131876 0.00493435
1028 -0.182805 -0.0438419 0.035995
