1 -0.552272 -0.0883732 -0.0408091
2 -0.580428 -0.116949 -0.0397713
3 -0.567883 -0.078933 -0.00916134
4 -0.58798 -0.0823868 -0.0439442
5 -0.61693 -0.131041 0.036235
6 -0.610782 -0.0918733 0.0138201
7 -0.629515 -0.1239 0.00428201
8 -0.62112 -0.101188 0.0452693
9 -0.622919 -0.0684742 0.0562683
10 -0.619877 -0.0444873 0.0306417
11 -0.596209 -0.077944 0.0455138
12 -0.522667 -0.0150349 -0.0698537
13 -0.495678 -0.0112185 -0.0555346
14 -0.503543 -0.00341454 -0.0975664
15 -0.496327 0.025607 -0.0697545
16 -0.542046 -0.0605461 0.0993657
17 -0.521737 -0.0646998 0.0615432
18 -0.552343 -0.0524797 0.0728339
19 -0.523206 -0.0514084 0.0812896
20 -0.594764 0.040945 0.032244
21 -0.646235 0.0407607 0.00518143
22 -0.61354 0.020395 0.039687
23 -0.646235 0.0730172 0.0271599
24 -0.54657 0.0218976 -0.0692159
25 -0.541278 0.0127447 -0.0973251
26 -0.551201 0.0582782 -0.0955619
27 -0.531642 0.0465994 -0.0628369
28 -0.562336 0.0402586 -0.096209
29 -0.619697 -0.0266478 -0.0431856
30 -0.595052 -0.0410057 -0.0571199
31 -0.604689 -0.060017 -0.0448162
32 -0.617874 -0.0369495 -0.0752735
33 -0.595618 -0.103967 -0.0108294
34 -0.57061 -0.0906221 0.0275104
35 -0.591436 -0.114913 0.0323003
36 -0.577181 -0.118782 0.00216279
37 -0.615436 0.00683074 -0.0133164
38 -0.646235 0.0020105 0.000880758
39 -0.646235 0.0175192 -0.0293126
40 -0.576858 -0.046432 0.0341222
41 -0.589722 -0.0513068 0.0636666
42 -0.609034 -0.0118818 0.0456706
43 -0.646235 0.1 -0.025
44 -0.646235 0.1 0
45 -0.646235 0.0734273 -0.0112679
46 -0.592453 0.0752159 -0.0240803
47 -0.542864 -0.0536587 0.0237356
48 -0.566677 -0.0361518 -0.00453612
49 -0.646235 0.0473314 0.0508233
50 -0.597196 0.0472552 0.0664214
51 -0.636046 -0.0751315 0.103637
52 -0.649042 -0.110657 0.0769662
53 -0.6496 -0.109626 0.104788
54 -0.642407 -0.0819977 0.0690487
55 -0.576404 -0.00593983 0.0230014
56 -0.618788 -0.00189009 0.0153004
57 -0.512385 -0.0243128 0.0375533
58 -0.516391 -0.0362215 -0.0033064
59 -0.545646 -0.0110932 0.0106631
60 -0.646235 -0.0492512 -0.0296903
61 -0.62538 -0.0537365 -0.0135342
62 -0.632387 -0.0691728 -0.0628706
63 -0.620744 -0.0930443 -0.0289999
64 -0.640004 -0.0814367 0.016111
65 -0.645783 -0.086896 -0.0184023
66 -0.596055 -0.0714114 -0.0756168
67 -0.646235 -0.032644 -0.00155263
68 -0.646235 -0.0459375 0.024835
69 -0.646235 -0.0165666 0.0283487
70 -0.596384 -0.0604036 -0.0198662
71 -0.592366 -0.0618937 0.00772189
72 -0.530215 0.0178156 -0.0403931
73 -0.512033 0.0035716 0.00658982
74 -0.545988 0.0213515 0.0382147
75 -0.555152 0.0196669 -0.00520259
76 -0.525964 0.0430847 -0.026335
77 -0.568578 0.0189752 -0.0355304
78 -0.589278 -0.0259775 0.0996907
79 -0.585359 0.00997042 0.097457
80 -0.579224 -0.0224722 0.0713752
81 -0.61179 0.00953118 0.0746316
82 -0.537525 -0.0159063 -0.0314911
83 -0.563407 -0.122047 0.065556
84 -0.56088 -0.0793174 0.0671459
85 -0.595111 -0.105004 0.0625824
86 -0.594987 -0.0301416 -0.0169476
87 -0.594094 -0.00772183 -0.0300872
88 -0.567124 -0.0146728 -0.0215868
89 -0.570394 -0.048889 -0.0432267
90 -0.652278 -0.110137 -0.0766563
91 -0.646235 -0.0667146 -0.0503956
92 -0.646235 -0.1 -0.05
93 -0.654538 -0.109379 -0.0404376
94 -0.559976 -0.0409733 0.0991091
95 -0.579746 -0.0599795 0.100726
96 -0.51803 0.0401572 -0.0958583
97 -0.576781 -0.0283059 -0.0999461
98 -0.576955 0.00702192 -0.0981484
99 -0.609216 -0.00809677 -0.0732951
100 -0.586353 -0.0117571 -0.0570755
101 -0.608251 -0.0250258 0.00656845
102 -0.553625 -0.130373 0.0212589
103 -0.599158 0.0458857 -0.0963661
104 -0.646235 0.0668459 -0.0654286
105 -0.597652 0.0266717 -0.0653729
106 -0.578169 0.0476708 -0.0559699
107 -0.590473 -0.14817 0.037498
108 -0.580049 0.0138588 0.0644865
109 -0.583227 -0.100791 0.102315
110 -0.594179 -0.0718024 0.080589
111 -0.618016 -0.0956558 0.0798015
112 -0.615756 -0.1302 0.0852573
113 -0.550926 0.0592989 0.0936955
114 -0.561839 0.0335541 0.0949578
115 -0.546385 0.0272257 0.0688609
116 -0.517032 0.0412125 0.0935281
117 -0.646235 -0.0156538 -0.0295892
118 -0.646235 -0.000828139 -0.0523479
119 -0.646235 -0.0319327 -0.0645593
120 -0.560972 -0.0991921 0.101481
121 -0.497656 -0.00361037 0.0953327
122 -0.485464 0.0205509 0.0943032
123 -0.517244 0.00473375 0.0697485
124 -0.559727 -0.0102682 -0.0641891
125 -0.646235 -0.00138515 -0.0714992
126 -0.604449 -0.0645564 0.102104
127 -0.559835 -0.00600359 0.0972066
128 -0.542893 -0.0181142 0.0603408
129 -0.588946 0.00934853 0.00031094
130 -0.595726 0.0513754 0.00168255
131 -0.560566 0.0349111 0.0166847
132 -0.623634 -0.0129728 -0.0188497
133 -0.618856 -0.03661 0.0756512
134 -0.594987 -0.0523323 -0.101585
135 -0.574508 -0.0414517 -0.0767529
136 -0.605002 -0.0979299 -0.0555273
137 -0.617325 -0.131398 -0.0246687
138 -0.613477 0.0108168 -0.041704
139 -0.646235 0.0232858 0.0686351
140 -0.646235 -0.00210221 0.0574566
141 -0.558446 -0.125017 0.102054
142 -0.536974 -0.0576642 -0.0265813
143 -0.539269 -0.0946699 0.100451
144 -0.523846 0.0420759 0.00873344
145 -0.554791 0.0582143 -0.01273
146 -0.655522 -0.109045 -0.00382006
147 -0.646235 -0.0685292 0.00314744
148 -0.646235 0.0776621 -0.0377538
149 -0.597838 0.038826 -0.0260533
150 -0.54283 -0.0245113 -0.0991564
151 -0.54029 -0.0481077 -0.0647995
152 -0.533413 0.00827142 0.0957428
153 -0.529312 -0.028873 0.097439
154 -0.612227 0.0150196 -0.0988461
155 -0.626889 -0.12424 0.0668152
156 -0.646235 0.0502716 -0.0347161
157 -0.62576 -0.0466319 -0.102343
158 -0.646235 0 -0.1
159 -0.646235 -0.0371008 0.0597063
160 -0.646235 -0.0711414 0.038456
161 -0.616868 -0.100109 0.103606
162 -0.613748 -0.0813313 -0.103336
163 -0.644179 -0.0821095 -0.103911
164 -0.628038 -0.0960693 -0.0770357
165 -0.52885 0.0462639 0.0614726
166 -0.563782 0.0640897 -0.0713536
167 -0.646235 0.0261169 -0.0656522
168 -0.602213 -0.139131 0.0708114
169 -0.576164 -0.157464 0.0716481
170 -0.568317 0.0662826 0.0564006
171 -0.540966 0.0517693 0.0346517
172 -0.50518 -0.0300471 0.0647746
173 -0.485664 0.0178144 -0.0120689
174 -0.501439 0.0283685 -0.0427844
175 -0.646235 0.075 0.1
176 -0.601408 0.0401945 0.0964616
177 -0.646235 0.0744889 0.0709772
178 -0.508736 -0.0387908 -0.0463627
179 -0.511223 -0.0538401 -0.0776389
180 -0.575279 0.0688332 0.0155098
181 -0.486447 0.0185857 0.0255202
182 -0.512841 0.0360417 0.0372928
183 -0.509035 0.00522231 0.047502
184 -0.55331 -0.121466 -0.0645032
185 -0.575242 -0.116303 -0.103069
186 -0.596491 -0.110581 -0.0763962
187 -0.571933 -0.0878002 -0.0719876
188 -0.646235 0.1 -0.05
189 -0.646235 0.1 0.05
190 -0.638062 -0.119141 -0.0244826
191 -0.629588 -0.123724 -0.0573562
192 -0.539622 -0.0805691 -0.0694314
193 -0.645927 -0.113718 0.0357169
194 -0.646235 -0.1 0.025
195 -0.646235 0.05 -0.1
196 -0.646235 -0.05 0.1
197 -0.623406 -0.0340679 0.101369
198 -0.646235 -0.1 -0.1
199 -0.646235 -0.0710655 -0.0775316
200 -0.646235 -0.08027 -0.0262146
201 -0.591356 0.0755575 -0.0627309
202 -0.559825 0.0612007 -0.0420516
203 -0.583029 -0.15096 0.103634
204 -0.605264 -0.136014 0.103987
205 -0.496168 -0.0117667 -0.0255769
206 -0.561145 -0.0753189 0.100769
207 -0.492052 0.0230793 0.0607663
208 -0.646235 0.0169698 0.0345753
209 -0.47158 0.0090486 -0.0459782
210 -0.564383 -0.0569106 -0.100998
211 -0.585544 0.0746517 0.0941053
212 -0.587277 0.075334 -0.0952887
213 -0.548794 -0.126392 -0.0172649
214 -0.542161 -0.0940041 -0.000935096
215 -0.605747 -0.138418 -0.0513414
216 -0.60481 -0.0180205 -0.100442
217 -0.646235 -0.0718804 0.0698327
218 -0.604546 -0.139385 0.00551907
219 -0.646235 -0.05 -0.1
220 -0.646235 0 0.1
221 -0.646235 0.05 0.1
222 -0.612908 0.00544497 0.0988157
223 -0.530889 -0.0702438 -0.100496
224 -0.486388 0.0200715 -0.0964077
225 -0.629649 -0.122199 -0.104576
226 -0.607047 -0.136179 -0.104253
227 -0.602138 -0.107284 -0.10369
228 -0.606325 -0.137316 -0.081128
229 -0.646235 -0.1 -0.025
230 -0.646235 0.1 -0.1
231 -0.592693 -0.147373 -0.0283426
232 -0.581472 -0.154232 -0.0681693
233 -0.584741 -0.151059 -0.103918
234 -0.486464 -0.011561 0.0683296
235 -0.646235 0.1 0.1
236 -0.531318 -0.0890723 0.0293463
237 -0.646235 -0.1 0.05
238 -0.577046 -0.158277 0.00258434
239 -0.557684 -0.0872413 -0.101919
240 -0.584683 -0.083089 -0.102443
241 -0.646235 -0.1 0.1
242 -0.505527 -0.0442863 -0.0990841
243 -0.652378 -0.109401 -0.104612
244 -0.536688 -0.109567 0.0497237
245 -0.627746 -0.122471 0.104581
246 -0.646235 -0.1 0
247 -0.646235 -0.075 -0.1
248 -0.524864 -0.092571 0.077519
249 -0.518511 -0.066292 0.0986355
250 -0.455912 -0.0687732 0.0380385
251 -0.496945 -0.0658123 0.0268593
252 -0.465822 -0.0730022 0.00474015
253 -0.47233 -0.103095 0.0377603
254 -0.470751 -0.0309519 -0.00586016
255 -0.455395 -0.00238849 0.0116344
256 -0.539973 -0.186561 -0.0028533
257 -0.521495 -0.151103 0.00108918
258 -0.556912 -0.17312 0.0113939
259 -0.54417 -0.182812 0.0249544
260 -0.525208 -0.133595 0.100664
261 -0.493363 -0.152068 0.10007
262 -0.51131 -0.133266 0.065777
263 -0.4963 -0.123637 0.0996218
264 -0.413244 -0.0720636 -0.0314276
265 -0.429916 -0.0674396 0.000321617
266 -0.436762 -0.0895224 -0.0342049
267 -0.421758 -0.101172 -0.0051002
268 -0.494427 -0.172798 0.0649233
269 -0.495393 -0.13491 0.0380079
270 -0.472634 -0.142217 0.0693285
271 -0.567257 -0.165374 -0.0374493
272 -0.556488 -0.173509 -0.0136782
273 -0.475784 -0.0265273 0.0350893
274 -0.464429 -0.0402288 0.0678145
275 -0.518696 -0.203975 -0.0184995
276 -0.494643 -0.224263 -0.0270726
277 -0.472921 -0.195169 -0.0186802
278 -0.502861 -0.217131 0.00975639
279 -0.438615 -0.0533613 -0.0502452
280 -0.440133 -0.049395 -0.0185044
281 -0.562963 -0.167925 0.0401589
282 -0.478096 -0.169592 0.0346151
283 -0.512093 -0.166321 0.0298436
284 -0.539107 -0.184871 0.101979
285 -0.516679 -0.203267 0.101329
286 -0.532094 -0.191304 0.080578
287 -0.519971 -0.170939 0.101128
288 -0.466087 -0.118275 -0.00697372
289 -0.442168 -0.0995223 0.0149026
290 -0.4896 -0.0595795 0.0605801
291 -0.534722 -0.155302 -0.0372846
292 -0.487394 -0.0989916 -0.0430185
293 -0.508778 -0.111965 -0.0108975
294 -0.488251 -0.089629 -0.0122528
295 -0.403161 -0.0417574 0.0152558
296 -0.426505 -0.0236172 -0.00206282
297 -0.44558 -0.0427968 0.0156062
298 -0.523057 -0.167137 0.0732263
299 -0.552024 -0.175458 0.0750645
300 -0.426195 -0.074936 0.0702316
301 -0.482826 -0.0822401 0.0683507
302 -0.520015 -0.12029 0.0211571
303 -0.535814 -0.151308 0.0424819
304 -0.495823 -0.10079 0.0151966
305 -0.487585 -0.125828 -0.0690407
306 -0.518153 -0.113647 -0.0715053
307 -0.522839 -0.121986 -0.044594
308 -0.516154 -0.158659 -0.0680851
309 -0.540728 -0.150994 -0.0753508
310 -0.494419 -0.0592467 -0.0209668
311 -0.465535 -0.0333572 -0.040033
312 -0.38598 -0.0975818 -0.0296684
313 -0.373653 -0.0663741 -0.0345835
314 -0.386941 -0.0883985 -0.0656185
315 -0.457055 -0.0763799 -0.0242563
316 -0.454901 -0.0847065 -0.0666378
317 -0.398157 -0.086991 0.0531124
318 -0.407768 -0.0373654 0.0482964
319 -0.387896 -0.0531802 0.0683077
320 -0.505569 -0.170568 -0.024548
321 -0.502853 -0.185432 0.00666118
322 -0.416772 -0.0870892 -0.0612637
323 -0.485562 -0.188966 0.100295
324 -0.452948 -0.192867 0.0995769
325 -0.479172 -0.191382 0.0750371
326 -0.462069 -0.162607 0.099398
327 -0.533886 -0.150676 -0.102313
328 -0.553879 -0.175356 -0.0721855
329 -0.54037 -0.185277 -0.102584
330 -0.504816 -0.0976154 0.0477082
331 -0.449207 -0.00679398 -0.0225537
332 -0.517708 -0.0788903 0.000498506
333 -0.521625 -0.0914049 -0.0322238
334 -0.539176 -0.187094 -0.0420717
335 -0.531539 -0.192908 -0.0773509
336 -0.505905 -0.187449 -0.0800601
337 -0.413362 -0.11694 -0.0336276
338 -0.483611 -0.0372719 0.00996831
339 -0.45676 -0.159804 0.00968708
340 -0.440542 -0.179091 0.0326397
341 -0.470228 -0.19737 0.0140662
342 -0.535144 -0.189494 0.0514693
343 -0.513898 -0.206404 0.0739322
344 -0.494444 -0.0441119 0.0972733
345 -0.493805 -0.0747981 0.0983504
346 -0.431764 -0.0516803 0.0962598
347 -0.427559 -0.08337 0.0971534
348 -0.405399 -0.0677512 0.0963914
349 -0.413975 -0.123045 0.0289195
350 -0.42849 -0.135671 0.0702497
351 -0.405425 -0.114232 0.0680313
352 -0.432231 -0.10269 0.0468671
353 -0.481129 -0.0989411 -0.100405
354 -0.505589 -0.128871 -0.101344
355 -0.471192 -0.138573 -0.101008
356 -0.483004 -0.159973 -0.0736499
357 -0.453381 -0.175661 -0.101245
358 -0.45832 -0.156223 -0.0737347
359 -0.470973 -0.189101 -0.0780945
360 -0.480083 -0.0563466 -0.0575815
361 -0.490457 -0.185559 -0.0501112
362 -0.484137 -0.23317 -0.0645191
363 -0.511382 -0.209932 -0.063228
364 -0.450464 -0.113529 -0.100332
365 -0.429185 -0.115357 -0.0678307
366 -0.460122 -0.119936 -0.0702122
367 -0.441147 -0.140385 -0.100703
368 -0.459454 0.00121907 0.0448522
369 -0.436052 -0.0151317 0.0659302
370 -0.435828 -0.0407286 0.0484174
371 -0.463478 -0.0689045 0.0974102
372 -0.396232 -0.0473317 -0.049119
373 -0.399858 -0.0446375 -0.0175498
374 -0.542435 -0.140935 0.0754051
375 -0.494372 -0.141073 -0.0332652
376 -0.47032 -0.152933 -0.0415282
377 -0.488341 -0.0373979 -0.0760994
378 -0.465434 -0.025412 -0.0660699
379 -0.538363 -0.112858 -0.10188
380 -0.411415 -0.0338321 0.0747662
381 -0.415981 -0.074853 0.030314
382 -0.561095 -0.167175 0.102814
383 -0.456413 -0.177421 -0.0504615
384 -0.421158 -0.0276892 -0.0351308
385 -0.413638 -0.0332504 -0.0686197
386 -0.462361 -0.0302678 0.0959125
387 -0.517924 -0.203789 -0.102416
388 -0.499828 -0.169161 -0.101774
389 -0.511502 -0.0736862 -0.0618993
390 -0.502263 -0.0739772 -0.100166
391 -0.4705 -0.130661 0.0990736
392 -0.451182 -0.106705 0.0734735
393 -0.48986 -0.115363 0.0740549
394 -0.487179 -0.0822958 -0.075685
395 -0.389089 -0.0809064 -0.000461174
396 -0.440849 -0.0126722 -0.0570287
397 -0.455084 -0.0496374 -0.0747485
398 -0.558883 -0.139569 -0.102817
399 -0.417371 -0.114514 0.097571
400 -0.448374 -0.164936 -0.0171895
401 -0.494224 -0.222502 0.100872
402 -0.482813 -0.161864 -0.00273055
403 -0.488813 -0.137052 0.0110063
404 -0.399219 -0.0429623 0.0956082
405 -0.412946 -0.114776 -0.100106
406 -0.406684 -0.0740846 -0.0993938
407 -0.46299 0.00396769 -0.0765014
408 -0.51154 -0.0971852 -0.100894
409 -0.434457 -0.148157 -0.0531829
410 -0.433867 -0.135746 -0.00463869
411 -0.454979 -0.117641 -0.0359709
412 -0.509497 -0.210855 0.0432223
413 -0.450485 -0.13735 0.0340087
414 -0.450789 -0.174714 0.064874
415 -0.468783 -0.208405 0.0455146
416 -0.375101 -0.0650818 -0.00186532
417 -0.382524 -0.102282 0.0311475
418 -0.438932 -0.138171 0.0985372
419 -0.509205 -0.0990516 0.099519
420 -0.372835 -0.0650265 0.0959486
421 -0.446046 -0.0737881 -0.0994762
422 -0.484446 -0.197106 -0.101815
423 -0.492042 -0.22525 0.0693265
424 -0.44988 -0.105364 0.098064
425 -0.480765 -0.100358 0.0986533
426 -0.382612 -0.0920823 -0.099688
427 -0.390237 -0.12377 -0.0653698
428 -0.47201 -0.036657 -0.0985271
429 -0.420572 -0.0607072 -0.0736401
430 -0.431136 -0.019836 0.0310169
431 -0.495601 -0.22289 -0.101974
432 -0.374128 -0.0653833 -0.0992401
433 -0.481408 -0.064882 -0.0995729
434 -0.562821 -0.167665 -0.10331
435 -0.379207 -0.0611465 0.0342693
436 -0.400323 -0.0432876 -0.0984885
437 -0.391494 -0.0509053 -0.075885
438 -0.424007 -0.161869 0.0160326
439 -0.456311 3.91928e-05 -0.0970565
440 -0.426599 -0.0210808 0.095065
441 -0.464706 0.0057005 0.0720266
442 -0.424486 -0.050786 -0.098706
443 -0.44444 -0.0369819 -0.0983306
444 -0.385058 -0.0890238 0.0763634
445 -0.395339 -0.0944436 0.0968124
446 -0.37183 -0.0679271 -0.0647601
447 -0.455409 0.00025118 0.0946112
448 -0.487227 -0.230133 0.0374459
449 -0.525 -0.198497 0.0185947
450 -0.427541 -0.0216141 -0.0978744
451 -0.356383 -0.0798198 0.0623817
452 -0.406326 -0.145861 0.0980928
453 -0.342999 -0.18405 0.00735874
454 -0.336225 -0.213795 0.040183
455 -0.313714 -0.184369 0.0300555
456 -0.337533 -0.165213 0.0395738
457 -0.387481 -0.238669 0.0988334
458 -0.369101 -0.221854 0.0708637
459 -0.391839 -0.259452 0.0604218
460 -0.405424 -0.221029 0.0680181
461 -0.346179 -0.089538 -0.0510798
462 -0.347718 -0.0879783 -0.0804296
463 -0.354694 -0.111081 -0.077274
464 -0.379651 -0.273904 -0.00442843
465 -0.420529 -0.289366 -0.00233973
466 -0.392791 -0.277033 -0.0348789
467 -0.398887 -0.308835 -0.0247138
468 -0.333219 -0.208969 -0.0669113
469 -0.345395 -0.196036 -0.0324591
470 -0.368001 -0.19634 -0.064505
471 -0.353186 -0.225575 -0.0367085
472 -0.363543 -0.247199 0.0209856
473 -0.349585 -0.244081 0.058442
474 -0.375795 -0.281121 0.0402316
475 -0.425028 -0.250883 0.07516
476 -0.420178 -0.253251 -0.101315
477 -0.436149 -0.275659 -0.069143
478 -0.427545 -0.283329 -0.101299
479 -0.423802 -0.250872 -0.0753253
480 -0.355936 -0.241546 -0.0737669
481 -0.380781 -0.243952 -0.0418843
482 -0.395585 -0.233448 -0.073922
483 -0.325714 -0.106551 0.0492488
484 -0.333534 -0.134833 0.0598397
485 -0.331486 -0.101036 0.0755362
486 -0.347695 -0.123799 0.0435246
487 -0.322478 -0.10857 0.0967239
488 -0.333337 -0.141494 0.0972911
489 -0.302633 -0.126505 0.0744912
490 -0.346687 -0.0891472 -0.0187343
491 -0.346188 -0.0892892 0.0197828
492 -0.364497 -0.115767 -0.00897495
493 -0.3705 -0.198089 0.0264709
494 -0.383315 -0.187335 0.0706817
495 -0.351833 -0.179344 0.0615764
496 -0.34817 -0.226079 -0.101252
497 -0.326079 -0.19003 -0.10119
498 -0.317602 -0.222349 -0.101401
499 -0.382537 -0.221228 0.0445949
500 -0.408398 -0.163805 -0.0219446
501 -0.404371 -0.138086 0.000713161
502 -0.414023 -0.205083 0.029679
503 -0.448363 -0.224214 0.0179027
504 -0.422325 -0.244152 0.0338996
505 -0.442613 -0.207374 0.0367549
506 -0.390568 -0.202085 -0.0370073
507 -0.417508 -0.22675 -0.0428993
508 -0.427514 -0.184129 -0.050309
509 -0.407586 -0.205989 -0.0724781
510 -0.455667 -0.223191 -0.0111314
511 -0.453199 -0.226085 -0.037133
512 -0.440589 -0.221808 0.0600046
513 -0.418663 -0.183328 0.0698347
514 -0.397681 -0.168521 0.0157833
515 -0.395601 -0.178984 0.0443501
516 -0.391686 -0.183504 -0.100989
517 -0.412145 -0.217498 -0.101247
518 -0.422241 -0.187316 -0.101135
519 -0.414878 -0.261129 -0.0374151
520 -0.442884 -0.269611 -0.032997
521 -0.416016 -0.259419 -0.0032574
522 -0.43526 -0.24401 -0.0329096
523 -0.434574 -0.202955 -0.026589
524 -0.455606 -0.207635 -0.0571136
525 -0.341899 -0.21831 -0.00238896
526 -0.310968 -0.211835 0.00728997
527 -0.442847 -0.232671 -0.101424
528 -0.450432 -0.262798 -0.101475
529 -0.435095 -0.193092 0.00394605
530 -0.367659 -0.117593 0.061373
531 -0.38925 -0.317157 0.0150144
532 -0.400233 -0.270559 0.0220282
533 -0.408778 -0.146989 -0.0799457
534 -0.473477 -0.24157 0.0622976
535 -0.459906 -0.222194 0.0785664
536 -0.419601 -0.290403 -0.0431942
537 -0.478837 -0.237755 0.00574775
538 -0.401204 -0.206472 -0.00561002
539 -0.390863 -0.240124 0.0181182
540 -0.402067 -0.266698 -0.0658694
541 -0.369795 -0.189133 -0.0158028
542 -0.38675 -0.131215 -0.0263998
543 -0.339361 -0.134797 -0.0224061
544 -0.370268 -0.154686 -0.0403712
545 -0.357898 -0.118252 -0.0459236
546 -0.311746 -0.151905 0.0315042
547 -0.308887 -0.15963 0.0668364
548 -0.27882 -0.189282 0.0538595
549 -0.267228 -0.158516 0.0299838
550 -0.459665 -0.254658 -0.0647661
551 -0.473087 -0.242639 -0.101668
552 -0.293268 -0.135639 0.00453282
553 -0.291624 -0.175681 0.00776656
554 -0.394793 -0.244223 -0.0134203
555 -0.43809 -0.222764 -0.0714431
556 -0.462905 -0.212401 -0.101481
557 -0.314766 -0.226056 -0.0280996
558 -0.417788 -0.15821 -0.100808
559 -0.434546 -0.178354 -0.0775895
560 -0.389497 -0.119068 0.00126805
561 -0.298923 -0.13098 -0.0640346
562 -0.307501 -0.157943 -0.025404
563 -0.28198 -0.145877 -0.0354535
564 -0.316666 -0.115253 -0.0374638
565 -0.316671 -0.114835 0.0227157
566 -0.282964 -0.18223 -0.0518065
567 -0.291607 -0.178583 -0.101356
568 -0.305667 -0.156915 -0.0754974
569 -0.276156 -0.151189 -0.0766683
570 -0.362062 -0.154873 0.0367138
571 -0.343488 -0.167553 -0.0293971
572 -0.428307 -0.281749 0.0584601
573 -0.400044 -0.166671 -0.0693018
574 -0.373615 -0.195645 0.0983385
575 -0.340671 -0.180696 0.0978605
576 -0.347915 -0.220779 0.0982694
577 -0.33773 -0.217602 0.0765588
578 -0.406365 -0.144101 -0.0511334
579 -0.367224 -0.146525 -0.0745851
580 -0.378771 -0.213301 -0.101171
581 -0.327522 -0.152444 0.00475656
582 -0.303208 -0.127045 -0.0179243
583 -0.309304 -0.192994 0.0672223
584 -0.303743 -0.169225 0.0974618
585 -0.315611 -0.148736 -0.100943
586 -0.321767 -0.1107 -0.0717834
587 -0.299269 -0.130636 -0.100913
588 -0.389186 -0.123709 0.0975033
589 -0.320453 -0.187669 -0.0122944
590 -0.35148 -0.259183 0.0985076
591 -0.356879 -0.269453 0.0743546
592 -0.371085 -0.153367 0.097781
593 -0.414333 -0.295186 -0.0744825
594 -0.403599 -0.274362 -0.101279
595 -0.383194 -0.296383 -0.0798192
596 -0.425453 -0.228791 -0.00482857
597 -0.385032 -0.247658 -0.101242
598 -0.380719 -0.284652 -0.101289
599 -0.376159 -0.269557 -0.0747797
600 -0.369903 -0.151949 -0.000945538
601 -0.388501 -0.152472 0.0684196
602 -0.396364 -0.174425 0.0983442
603 -0.334027 -0.141784 -0.0605513
604 -0.361049 -0.110714 0.0969776
605 -0.359871 -0.189624 -0.101054
606 -0.371047 -0.168811 -0.100879
607 -0.323646 -0.108923 -0.100446
608 -0.34195 -0.123653 -0.10048
609 -0.357391 -0.149138 0.0693057
610 -0.411042 -0.297427 0.037844
611 -0.41808 -0.25555 0.0993322
612 -0.402902 -0.272461 0.0991919
613 -0.31875 -0.169416 -0.0474573
614 -0.438211 -0.203992 -0.101314
615 -0.308303 -0.200307 -0.0433249
616 -0.41571 -0.153198 0.049547
617 -0.340895 -0.172173 -0.0714789
618 -0.288298 -0.200468 -0.017775
619 -0.320656 -0.111612 -0.00422952
620 -0.350276 -0.129745 0.0163804
621 -0.371164 -0.2261 -0.0100219
622 -0.464449 -0.249939 0.0363002
623 -0.451184 -0.261139 0.0707849
624 -0.384055 -0.137531 0.036643
625 -0.379682 -0.28193 0.0989288
626 -0.403332 -0.303582 0.0992666
627 -0.408142 -0.299606 0.0721839
628 -0.352935 -0.264777 -0.101332
629 -0.402161 -0.306059 -0.0540428
630 -0.402165 -0.201595 0.0987453
631 -0.356934 -0.273776 -0.0442029
632 -0.469199 -0.246377 -0.0286026
633 -0.450354 -0.262743 0.00593951
634 -0.370467 -0.119441 -0.100235
635 -0.385715 -0.149264 -0.100664
636 -0.351888 -0.155132 -0.100785
637 -0.348524 -0.0870999 -0.0998387
638 -0.430691 -0.279988 0.0274186
639 -0.426979 -0.175548 0.0988607
640 -0.427698 -0.221066 0.099346
641 -0.306778 -0.192452 -0.0765661
642 -0.426298 -0.282923 0.0995361
643 -0.296331 -0.132534 0.0415779
644 -0.344753 -0.259794 -0.0169092
645 -0.462519 -0.221178 0.10002
646 -0.268252 -0.157893 -0.00477685
647 -0.404577 -0.303997 -0.101226
648 -0.444734 -0.267372 0.0395939
649 -0.27405 -0.151578 0.097139
650 -0.273553 -0.152434 0.0666037
651 -0.347421 -0.0867777 0.096433
652 -0.298057 -0.130204 0.0969776
653 -0.274505 -0.180527 0.0974521
654 -0.3152 -0.207117 0.0978961
655 -0.381013 -0.296548 -0.0575964
656 -0.449058 -0.262487 0.0999326
657 -0.471791 -0.242192 0.100319
658 -0.275246 -0.15205 -0.101311
659 -0.389835 -0.316239 0.0535178
660 -0.358646 -0.310924 0.0422256
661 -0.311007 -0.386795 -0.101424
662 -0.29444 -0.36796 -0.0699074
663 -0.334573 -0.366233 -0.101314
664 -0.33185 -0.368434 -0.0707789
665 -0.236407 -0.300507 -0.0683163
666 -0.229345 -0.291986 -0.102093
667 -0.264093 -0.2865 -0.101824
668 -0.238681 -0.268699 -0.10203
669 -0.256686 -0.205777 -0.0441683
670 -0.264105 -0.193954 -0.0127461
671 -0.252908 -0.257248 0.00811669
672 -0.222795 -0.284995 -0.0146468
673 -0.244549 -0.263225 -0.023587
674 -0.220192 -0.237949 -0.00131255
675 -0.266598 -0.289473 0.0203899
676 -0.236475 -0.301216 0.0420408
677 -0.233472 -0.297593 0.0121816
678 -0.247286 -0.272471 0.0417945
679 -0.33945 -0.322091 0.0593942
680 -0.337456 -0.36254 0.0652495
681 -0.352165 -0.349811 0.0421831
682 -0.318921 -0.343509 0.0318949
683 -0.251889 -0.172642 -0.0591782
684 -0.250026 -0.174104 -0.0235383
685 -0.355917 -0.294734 -0.101325
686 -0.321487 -0.277843 0.0983918
687 -0.318111 -0.255887 0.0602771
688 -0.317117 -0.295846 0.0730625
689 -0.342841 -0.280866 0.0536956
690 -0.368315 -0.335261 0.0690434
691 -0.220904 -0.239821 0.0353166
692 -0.211989 -0.27259 0.016474
693 -0.276826 -0.312321 -0.0138305
694 -0.253643 -0.32119 0.0207461
695 -0.265692 -0.335047 -0.0107263
696 -0.243821 -0.309553 -0.00972848
697 -0.282743 -0.266738 0.0580063
698 -0.316374 -0.295933 0.0339683
699 -0.307865 -0.282977 -0.030246
700 -0.27014 -0.288065 -0.0389901
701 -0.305618 -0.277082 -0.0695918
702 -0.285003 -0.257139 -0.0370457
703 -0.276965 -0.25098 0.034187
704 -0.244639 -0.245094 0.0623153
705 -0.252627 -0.230767 0.0295224
706 -0.304807 -0.332848 -0.0286446
707 -0.296778 -0.295472 -0.00695084
708 -0.296067 -0.307841 -0.0500902
709 -0.355605 -0.347308 -0.0251943
710 -0.307632 -0.328437 0.00483437
711 -0.332186 -0.367767 -0.00919595
712 -0.333911 -0.310505 -0.0200698
713 -0.381407 -0.324785 -0.101194
714 -0.392684 -0.314598 -0.0763061
715 -0.332217 -0.367927 -0.039178
716 -0.320517 -0.338066 -0.0557988
717 -0.296129 -0.370016 -0.0422878
718 -0.319313 -0.242946 0.0981647
719 -0.306602 -0.227799 0.0680883
720 -0.310221 -0.347414 0.0730681
721 -0.367681 -0.299955 0.0693987
722 -0.35177 -0.299268 0.098698
723 -0.320958 -0.314252 0.0984922
724 -0.364108 -0.300915 -0.0241708
725 -0.235366 -0.186218 0.0707566
726 -0.25553 -0.210481 0.0976192
727 -0.32199 -0.252633 -0.0540933
728 -0.223597 -0.197405 -0.0393575
729 -0.23955 -0.218775 -0.0223306
730 -0.249957 -0.173949 0.006531
731 -0.293093 -0.270607 0.0180147
732 -0.285976 -0.237311 0.00314808
733 -0.224385 -0.243055 -0.102123
734 -0.206324 -0.212704 -0.0722964
735 -0.253581 -0.220529 -0.0725348
736 -0.22404 -0.236718 -0.0512057
737 -0.349893 -0.28595 0.0140776
738 -0.348114 -0.318035 0.0139114
739 -0.277156 -0.255961 -0.0697362
740 -0.27062 -0.294541 -0.0742499
741 -0.288193 -0.320537 0.0982938
742 -0.263489 -0.332857 0.0621221
743 -0.273437 -0.302509 0.0625204
744 -0.260585 -0.329625 0.0981499
745 -0.200802 -0.259025 -0.0732957
746 -0.198677 -0.256753 -0.0506915
747 -0.255934 -0.239886 -0.0477238
748 -0.28837 -0.220995 -0.0594465
749 -0.275216 -0.231645 -0.0244703
750 -0.21312 -0.273025 -0.102222
751 -0.180492 -0.235276 -0.102464
752 -0.216819 -0.278351 0.0616923
753 -0.276838 -0.20134 -0.101599
754 -0.306553 -0.254254 -0.0117548
755 -0.207293 -0.211183 0.0262131
756 -0.254219 -0.217604 0.00924916
757 -0.20311 -0.215064 -0.00576463
758 -0.198406 -0.219351 -0.0347994
759 -0.200912 -0.259523 -0.0253959
760 -0.320727 -0.249165 0.0220765
761 -0.312505 -0.231607 -0.076608
762 -0.245582 -0.310973 -0.101944
763 -0.370789 -0.333351 0.0390915
764 -0.231628 -0.190558 -0.0747872
765 -0.255143 -0.282855 0.076262
766 -0.290434 -0.263473 0.098091
767 -0.260017 -0.249895 0.0978752
768 -0.310741 -0.386732 -0.0514236
769 -0.288131 -0.229681 0.097886
770 -0.315032 -0.340825 -0.101447
771 -0.349573 -0.352935 -0.0801662
772 -0.236274 -0.185744 0.0359843
773 -0.252287 -0.171354 0.0599457
774 -0.249189 -0.210679 0.0498945
775 -0.310127 -0.386563 0.0486012
776 -0.291451 -0.365081 0.0390052
777 -0.293544 -0.267767 -0.101613
778 -0.240546 -0.224953 0.0782781
779 -0.2141 -0.24114 0.0735239
780 -0.380162 -0.324375 0.0990301
781 -0.357133 -0.345686 0.0106314
782 -0.228436 -0.192921 -0.00115617
783 -0.275856 -0.199647 0.0187743
784 -0.290449 -0.222944 0.0381819
785 -0.310462 -0.386646 -0.00141822
786 -0.289864 -0.362963 -0.0137777
787 -0.295627 -0.369726 0.0130509
788 -0.227755 -0.19409 -0.10201
789 -0.248096 -0.215946 -0.101881
790 -0.329758 -0.369615 0.0259386
791 -0.215538 -0.276327 -0.0497722
792 -0.240481 -0.261565 -0.0770036
793 -0.296196 -0.292525 0.0982611
794 -0.276786 -0.348058 0.0191439
795 -0.290345 -0.327441 -0.0710241
796 -0.258101 -0.325847 -0.0722232
797 -0.252737 -0.319795 -0.0401214
798 -0.211945 -0.206804 0.0638841
799 -0.226534 -0.193721 0.0974306
800 -0.228574 -0.214588 0.0975599
801 -0.2029 -0.21437 0.0974512
802 -0.179637 -0.235193 0.0224821
803 -0.179796 -0.235249 -0.00250425
804 -0.194278 -0.252139 0.0356795
805 -0.237659 -0.302719 0.0725332
806 -0.24432 -0.310605 0.0980131
807 -0.321771 -0.310545 -0.0767374
808 -0.356812 -0.345159 0.0988451
809 -0.273806 -0.227849 0.0680763
810 -0.278172 -0.348994 -0.101658
811 -0.379836 -0.325932 -0.0470229
812 -0.320382 -0.28506 0.00194393
813 -0.276487 -0.347346 -0.0499657
814 -0.3003 -0.328166 0.0547923
815 -0.286388 -0.311477 0.0261185
816 -0.247506 -0.271013 -0.0537598
817 -0.345734 -0.282512 -0.0761296
818 -0.262802 -0.289822 0.0980489
819 -0.353383 -0.349424 -0.0553909
820 -0.351572 -0.31297 -0.0600533
821 -0.287729 -0.199742 0.0976992
822 -0.321595 -0.250636 -0.101453
823 -0.180108 -0.235308 -0.0524739
824 -0.301615 -0.302552 -0.101565
825 -0.281993 -0.319594 -0.101679
826 -0.204143 -0.214783 -0.102261
827 -0.330785 -0.290117 -0.0488503
828 -0.274499 -0.275017 -0.00986202
829 -0.30995 -0.386504 0.0735981
830 -0.333336 -0.365844 0.0987116
831 -0.311492 -0.349798 0.0985131
832 -0.376798 -0.328439 -0.0141127
833 -0.276935 -0.348616 0.0982834
834 -0.33897 -0.315446 -0.101359
835 -0.369593 -0.335192 -0.07649
836 -0.390219 -0.315601 0.0795343
837 -0.218961 -0.280061 -0.0791254
838 -0.250216 -0.172818 0.0973209
839 -0.251418 -0.173224 -0.101707
840 -0.227653 -0.240057 0.0976851
841 -0.289248 -0.231557 -0.10159
842 -0.179496 -0.235121 0.0474599
843 -0.196469 -0.254746 0.0683914
844 -0.191376 -0.224572 0.0754265
845 -0.211884 -0.27265 0.0977669
846 -0.237999 -0.268043 0.0978483
847 -0.17925 -0.234869 0.0974484
848 -0.195594 -0.253767 0.0976133
849 -0.326699 -0.28342 -0.101438
850 -0.234182 -0.298147 -0.0358039
851 -0.290907 -0.364615 0.0696548
852 -0.310304 -0.386599 0.0235964
853 -0.310606 -0.386686 -0.0264223
854 -0.300872 -0.205671 -0.101427
855 -0.358053 -0.345537 -0.10123
856 -0.260113 -0.251741 -0.101842
857 -0.179371 -0.234986 0.0724527
858 -0.293336 -0.367556 0.0984344
859 -0.228094 -0.291609 0.097891
860 -0.309774 -0.386432 0.0985924
861 -0.253993 -0.286342 0.00116685
862 -0.256571 -0.298327 0.00711595
863 -0.26525 -0.316775 0.00345715
864 -0.274024 -0.325577 0.0041006
865 -0.244171 -0.286397 -0.0166598
866 -0.244702 -0.274291 0.00983416
867 -0.242904 -0.203926 0.0333773
868 -0.23734 -0.210839 0.0431936
869 -0.224085 -0.196283 0.0499222
870 -0.332589 -0.346348 0.0854379
871 -0.272355 -0.220257 0.0237206
872 -0.279593 -0.213613 0.0129817
873 -0.271269 -0.209073 -0.00427081
874 -0.269989 -0.196788 0.00300699
875 -0.265794 -0.225327 -0.00933595
876 -0.261838 -0.329986 -0.1018
877 -0.270053 -0.322724 -0.0869509
878 -0.367395 -0.304661 -0.0699282
879 -0.203841 -0.24683 0.0539558
880 -0.187989 -0.244932 0.0579268
881 -0.185405 -0.229869 0.0613734
882 -0.218092 -0.240361 0.0510896
883 -0.226061 -0.25457 0.0856882
884 -0.21289 -0.258364 0.0867663
885 -0.271734 -0.175692 -0.0802753
886 -0.279573 -0.166729 -0.0642448
887 -0.266899 -0.159328 -0.0472856
888 -0.266465 -0.178195 -0.0376637
889 -0.314884 -0.369196 -0.0572425
890 -0.302596 -0.377348 -0.0606679
891 -0.298844 -0.305175 -0.0758279
892 -0.306355 -0.31886 -0.0739294
893 -0.277797 -0.178009 -0.0109462
894 -0.254245 -0.195989 -0.0881764
895 -0.254938 -0.183433 0.0841186
896 -0.250932 -0.172315 0.0843067
897 -0.262703 -0.17566 0.0774905
898 -0.273948 -0.164483 0.0798102
899 -0.290828 -0.170641 0.0828297
900 -0.292307 -0.162828 0.085679
901 -0.291158 -0.155545 0.0822343
902 -0.291711 -0.186784 0.0825026
903 -0.331595 -0.337878 -0.0101736
904 -0.237439 -0.285872 -0.0838393
905 -0.342475 -0.110802 0.0540261
906 -0.350351 -0.109778 0.0495879
907 -0.442514 -0.23647 0.0768358
908 -0.434161 -0.221413 0.0796799
909 -0.477735 -0.222241 0.0900091
910 -0.471019 -0.206285 0.0875418
911 -0.474724 -0.204224 0.100187
912 -0.481462 -0.234063 0.085646
913 -0.356967 -0.183015 -0.0484308
914 -0.355154 -0.163708 -0.0563877
915 -0.367461 -0.166056 -0.0706876
916 -0.355997 -0.170488 -0.0861558
917 -0.369561 -0.182634 -0.082542
918 -0.385667 -0.167657 -0.0850947
919 -0.388775 -0.166804 -0.100828
920 -0.404402 -0.165099 -0.0456363
921 -0.414317 -0.159211 -0.0508433
922 -0.454342 -0.230545 0.0364937
923 -0.445367 -0.2233 0.0343866
924 -0.415623 -0.277104 0.0788414
925 -0.446896 -0.205831 -0.0792158
926 -0.436628 -0.205846 -0.0738316
927 -0.405015 -0.257481 0.079858
928 -0.380116 -0.0810885 -0.0152881
929 -0.38298 -0.0751083 -0.014016
930 -0.475123 -0.215904 -0.042074
931 -0.486764 -0.213166 -0.0584321
932 -0.495492 -0.201713 -0.0690745
933 -0.498216 -0.186494 -0.0650833
934 -0.325113 -0.12487 0.0412543
935 -0.312917 -0.133559 0.049696
936 -0.320765 -0.14487 0.0432383
937 -0.368856 -0.0848281 -0.00918948
938 -0.369217 -0.0847907 0.00897095
939 -0.375978 -0.099359 -0.00496135
940 -0.384185 -0.0710149 0.0168951
941 -0.395906 -0.061451 0.00738368
942 -0.4029 -0.077799 0.015216
943 -0.410028 -0.073948 -8.25121e-05
944 -0.406399 -0.0916235 -0.0029153
945 -0.328016 -0.121721 0.0783238
946 -0.319493 -0.111636 0.0751293
947 -0.332181 -0.113333 0.0698456
948 -0.346054 -0.12392 0.0768452
949 -0.444664 -0.00918763 -0.0874072
950 -0.453706 -0.0157716 -0.0870237
951 -0.446677 -0.0232658 -0.0819716
952 -0.442883 -0.0267006 -0.0807868
953 -0.452298 -0.0325791 -0.0861656
954 -0.452287 -0.0121123 -0.0974819
955 -0.460026 -0.0100013 -0.0849512
956 -0.528689 -0.0873567 0.0556502
957 -0.546227 -0.0841162 0.048152
958 -0.527236 -0.0788626 0.0429655
959 -0.533118 -0.0587522 0.0413507
960 -0.55342 -0.0998713 0.0386858
961 -0.514941 -0.0950338 0.062576
962 -0.476265 -0.0642859 0.0794781
963 -0.479594 -0.0421558 0.0824366
964 -0.492047 -0.0683355 0.0822026
965 -0.473818 -0.00647535 0.0791856
966 -0.489977 -0.0739616 0.0473396
967 -0.496102 -0.0906171 0.0839098
968 -0.516928 -0.188739 0.087569
969 -0.525277 -0.196534 0.0898008
970 -0.531176 -0.15589 0.0882673
971 -0.542999 -0.150515 0.101752
972 -0.537639 -0.173331 0.0868197
973 -0.531579 -0.176555 0.0884781
974 -0.573612 -0.141024 -0.0386606
975 -0.576866 -0.139388 -0.024292
976 -0.560311 -0.143298 -0.0513011
977 -0.47341 -0.0288397 0.0153104
978 -0.472791 -0.0388384 0.0116453
979 -0.468201 -0.0519284 -0.000562654
980 -0.464514 -0.0506703 -0.0137239
981 -0.451556 -0.0597344 -0.00833423
982 -0.482897 -0.0452414 -0.0135314
983 -0.491679 -0.0334595 -0.00470676
984 -0.487764 -0.0285059 -0.00265361
985 -0.481199 -0.0802369 0.0497588
986 -0.521393 -0.138667 -0.0897882
987 -0.525125 -0.154622 -0.0851641
988 -0.454741 -0.078203 0.0692841
989 -0.628546 -0.0893443 -0.00230725
990 -0.631424 -0.0869873 -0.00503732
991 -0.580715 -0.0730207 0.0889896
992 -0.573627 -0.0662328 0.0901491
993 -0.568468 0.0470271 0.033415
994 -0.572235 0.0674311 0.036097
995 -0.555905 0.0427202 0.0471803
996 -0.596237 -0.0569772 0.0798087
997 -0.630728 -0.059343 0.0724847
998 -0.637757 -0.0431974 0.0892085
999 -0.629528 -0.0547187 0.102578
1000 -0.635322 -0.0360301 0.0854332
1001 -0.627587 -0.0706618 0.0722029
1002 -0.644222 -0.0590823 -0.0826898
1003 -0.646235 -0.0514991 -0.0710455
1004 -0.629811 -0.00599618 -0.0621183
1005 -0.636156 -0.0129794 -0.0610774
1006 -0.630483 0.00282498 -0.0474551
1007 -0.646235 0.0212917 -0.0452575
1008 -0.635523 -0.025714 -0.0868929
1009 -0.599765 -0.115837 0.0935989
1010 -0.591639 -0.11882 0.0876594
1011 -0.58272 -0.125032 0.102914
1012 -0.590233 -0.0653096 -0.049415
1013 -0.353409 -0.205946 0.0333443
1014 -0.544429 -0.0148269 0.0354903
1015 -0.622901 0.0267717 0.0865108
1016 -0.568725 -0.0629611 0.0505412
1017 -0.595558 0.0609168 -0.079753
1018 -0.578529 -0.0343536 0.0528189
1019 -0.327217 -0.324281 -0.0379356
1020 -0.503915 -0.0456007 0.0322141
1021 -0.41476 -0.101088 -0.0806299
1022 -0.587191 0.0270668 0.0481593
1023 -0.646235 -0.0010511 0.0787283
1024 -0.559625 -0.0120584 0.0416935
1025 -0.279838 -0.191829 -0.0766987
1026 -0.339031 -0.247135 -0.0639274
1027 -0.332779 -0.254498 0.00257688
1028 -0.346366 -0.283409 0.0338899
