1 -0.646235 0.0397274 0.0102966
2 -0.606355 0.0233478 -0.011486
3 -0.600503 0.0179576 0.0107762
4 -0.616655 0.000132843 -0.00688635
5 -0.542764 -0.00101945 -0.00889141
6 -0.532515 -0.0167205 -0.0360443
7 -0.516004 -0.00918922 -0.0118506
8 -0.538103 -0.0304253 -0.0186592
9 -0.554201 -0.0686693 0.0237973
10 -0.546366 -0.0925483 0.0196966
11 -0.526138 -0.0733268 0.0147562
12 -0.528612 -0.0806857 0.0414903
13 -0.583644 0.00969752 -0.0539195
14 -0.596632 0.0429712 -0.0720007
15 -0.606253 0.0123711 -0.0774666
16 -0.614575 0.0305885 -0.0533855
17 -0.614176 -0.0780176 0.0166027
18 -0.600044 -0.0805087 -0.0158805
19 -0.615169 -0.0592691 -0.009196
20 -0.598819 -0.0509531 -0.00935024
21 -0.505839 0.00540456 -0.0934957
22 -0.492015 -0.00735645 -0.0937703
23 -0.500633 0.000241611 -0.0787645
24 -0.519955 0.00135456 -0.0942211
25 -0.563147 -0.133633 0.0786138
26 -0.583866 -0.130437 0.0716961
27 -0.569668 -0.101306 0.0756391
28 -0.558357 -0.108049 0.0593634
29 -0.649686 -0.121309 -0.062558
30 -0.634698 -0.0997688 -0.0430047
31 -0.639899 -0.1314 -0.0393674
32 -0.6223 -0.120618 -0.0705093
33 -0.649986 -0.122376 0.0555078
34 -0.636837 -0.0946469 0.0357341
35 -0.622933 -0.113953 0.0258331
36 -0.652985 -0.119361 0.0325296
37 -0.652264 -0.0843935 0.011484
38 -0.630813 -0.075776 0.0106584
39 -0.628735 -0.0965095 -0.012612
40 -0.647845 -0.0836954 -0.0240224
41 -0.57851 -0.0227068 0.0278406
42 -0.549851 -0.0375493 0.0317769
43 -0.569541 -0.0458588 0.0476761
44 -0.571505 -0.0575702 0.0262712
45 -0.60756 -0.163614 -0.0286609
46 -0.589048 -0.157492 0.000789648
47 -0.613586 -0.157596 -0.0108402
48 -0.602731 -0.17042 -0.00235251
49 -0.629664 -0.0633783 -0.0377163
50 -0.641734 -0.0728846 -0.0526608
51 -0.593432 -0.0328801 0.00910071
52 -0.590381 -0.0109756 0.0138172
53 -0.567128 -0.039051 0.00706807
54 -0.590924 -0.102142 -0.0372298
55 -0.574991 -0.127411 -0.0131884
56 -0.596614 -0.137409 -0.0351418
57 -0.563516 -0.12481 -0.0330572
58 -0.593667 -0.0191521 -0.0672962
59 -0.584091 -0.0195908 -0.0341432
60 -0.572187 -0.0281149 -0.0573323
61 -0.575849 -0.0558744 -0.0765893
62 -0.578907 -0.0800003 -0.0552444
63 -0.598513 -0.0479846 -0.0657774
64 -0.604215 -0.0654331 -0.0783717
65 -0.614232 0.00503605 -0.0415384
66 -0.646235 0.0205317 -0.0690172
67 -0.646235 0.0219004 -0.0403006
68 -0.568918 -0.101872 0.00659688
69 -0.549016 -0.112085 -0.00765068
70 -0.565004 -0.0772757 -0.00145837
71 -0.556251 -0.0617423 -0.0572512
72 -0.555731 -0.0783212 -0.0757078
73 -0.555841 -0.0396831 -0.076199
74 -0.538599 -0.0697605 -0.0774993
75 -0.590737 -0.120217 -0.1023
76 -0.58301 -0.145147 -0.10175
77 -0.582445 -0.123293 -0.0828214
78 -0.601974 -0.141652 -0.102753
79 -0.510635 -0.0374152 -0.0578383
80 -0.527259 -0.00253368 -0.0645013
81 -0.525312 -0.0255991 -0.0787177
82 -0.540729 -0.0246963 -0.0556916
83 -0.576153 -0.0158405 -0.0796458
84 -0.601398 -0.108206 0.0166568
85 -0.604535 -0.11316 -0.0143782
86 -0.60638 -0.131294 0.00833565
87 -0.620912 -0.119961 -0.00255273
88 -0.612377 -0.0455077 0.0256066
89 -0.604049 -0.0432986 0.0593145
90 -0.593895 -0.0318309 0.0318406
91 -0.62445 -0.0302941 0.0449149
92 -0.57825 -0.0349972 0.0999282
93 -0.59611 -0.0215825 0.10012
94 -0.58629 -0.0156744 0.0764323
95 -0.593779 -0.0376587 0.0825606
96 -0.530173 0.0243289 -0.0284133
97 -0.563518 0.0176827 -0.022166
98 -0.530191 0.0240982 -0.00708162
99 -0.605239 -0.0308092 -0.0291519
100 -0.581913 -0.0476122 -0.0396619
101 -0.609164 -0.0257637 -0.049745
102 -0.646235 0.0495473 -0.0792871
103 -0.52737 -0.0437874 0.0529811
104 -0.550272 -0.0607304 0.0549651
105 -0.598523 -0.0396598 -0.100486
106 -0.61556 -0.00773807 0.0518975
107 -0.607879 0.00880381 0.0762148
108 -0.581675 0.0170635 0.096456
109 -0.605463 0.0342164 0.0967448
110 -0.606627 0.0110045 0.0975109
111 -0.587425 -0.100636 0.103315
112 -0.57927 -0.144579 0.103683
113 -0.588514 -0.147785 0.0506624
114 -0.601117 -0.170715 0.0274925
115 -0.614843 -0.155413 0.0460561
116 -0.592002 -0.148185 0.0196804
117 -0.552803 -0.0095582 -0.0710053
118 -0.548777 0.0132707 -0.0796958
119 -0.596128 -0.0177699 0.0533007
120 -0.609577 -0.0211555 0.075961
121 -0.553986 -0.0403496 -0.0412954
122 -0.534927 -0.049136 -0.0693045
123 -0.527893 -0.0535373 -0.0454952
124 -0.607607 -0.133388 0.0688038
125 -0.622789 -0.145707 0.105192
126 -0.604602 -0.165011 0.0794343
127 -0.60266 -0.145351 0.104495
128 -0.601069 -0.125632 0.0371465
129 -0.582774 -0.126395 0.0191623
130 -0.526386 -0.0196042 0.0680185
131 -0.524577 -0.000771413 0.095032
132 -0.514846 -0.0250686 0.0960763
133 -0.505914 -0.0152231 0.0707469
134 -0.583549 0.0611136 0.0357239
135 -0.646235 0.1 0.05
136 -0.605043 0.0521175 0.0348357
137 -0.591809 0.0669677 0.0677402
138 -0.539277 0.032536 0.0761342
139 -0.567963 0.0304737 0.0730133
140 -0.550853 0.0419003 0.0934342
141 -0.56162 0.0479764 0.0734085
142 -0.646235 -0.1 -0.025
143 -0.646235 -0.0669446 -0.00878942
144 -0.664158 -0.107481 -0.0087553
145 -0.566514 -0.141928 0.00398195
146 -0.578698 -0.0948098 0.0244959
147 -0.608796 -0.0924767 0.00163506
148 -0.588672 -0.0666205 0.0079749
149 -0.586355 -0.103308 -0.00342015
150 -0.574653 0.00952489 -0.0784696
151 -0.616603 -0.0112226 -0.0724511
152 -0.646235 0 -0.1
153 -0.620019 -0.0261237 -0.100288
154 -0.626267 -0.0340775 -0.0808777
155 -0.51663 0.0136969 -0.0766207
156 -0.621544 -0.10573 0.063302
157 -0.647805 -0.12307 0.0818429
158 -0.645904 -0.0973548 0.0618362
159 -0.559792 -0.00695401 -0.0397458
160 -0.609731 -0.0840724 -0.0563979
161 -0.635388 -0.0951069 -0.0779096
162 -0.616078 0.00571458 -0.0983404
163 -0.646235 0.0743902 -0.0647839
164 -0.646235 0.075 -0.1
165 -0.601941 0.0568181 -0.0947832
166 -0.622242 -0.148833 0.0100084
167 -0.623832 -0.147266 -0.0214033
168 -0.577976 -0.0017382 -0.00404607
169 -0.594179 -0.0188745 -0.0137302
170 -0.590422 -0.10605 0.0504117
171 -0.572152 -0.122887 0.0492133
172 -0.584188 0.0399665 0.0946418
173 -0.583642 0.0631931 0.0938899
174 -0.508207 0.00647419 -0.0410854
175 -0.546647 0.00895689 -0.0436161
176 -0.594578 -0.0799 0.0709068
177 -0.568162 -0.082185 0.10151
178 -0.601835 -0.104037 0.0818737
179 -0.606637 -0.0937907 0.0388857
180 -0.646235 0.0487504 -0.0434844
181 -0.646235 0.0260732 -0.0140953
182 -0.609788 -0.00642071 0.0272177
183 -0.646235 0.0139269 0.0173436
184 -0.646235 0.0303691 0.0380635
185 -0.646235 -0.0399062 0.0164898
186 -0.636029 -0.0481486 0.0212009
187 -0.644194 -0.0751747 0.0354118
188 -0.635986 -0.135743 0.037377
189 -0.586955 0.012368 0.0553962
190 -0.615877 0.0159446 0.0494768
191 -0.55896 -0.0702921 -0.0298647
192 -0.54503 -0.0958342 -0.0253648
193 -0.541154 -0.0732834 -0.00360811
194 -0.580737 -0.00352191 -0.0969255
195 -0.599521 -0.0193553 -0.0986926
196 -0.560322 0.0451884 -0.0402145
197 -0.549567 0.0388624 -0.0125845
198 -0.62178 -0.0414414 -0.0571941
199 -0.646235 -0.0262817 -0.0475556
200 -0.632871 -0.0368558 -0.0338529
201 -0.561068 -0.0953448 -0.0503121
202 -0.569518 -0.0965177 -0.022506
203 -0.611901 -0.0705659 0.1038
204 -0.603397 -0.061317 0.0827255
205 -0.620793 -0.0805395 0.0830634
206 -0.554489 0.0143221 0.0950167
207 -0.569179 -0.0140836 0.0975127
208 -0.574115 0.0039152 0.0766585
209 -0.547941 -0.0136971 0.0756619
210 -0.559114 -0.0452444 -0.0164293
211 -0.574584 -0.0464414 -0.0131268
212 -0.592896 0.0669151 -0.0100418
213 -0.571359 0.0534145 -0.017421
214 -0.579533 0.0290745 -0.00247496
215 -0.598642 0.0446726 -0.0215362
216 -0.550878 0.0415792 -0.0928562
217 -0.535346 0.0293424 -0.0805196
218 -0.563376 0.0354828 -0.0936538
219 -0.545214 0.0183027 -0.0937062
220 -0.629593 -0.140452 0.0704071
221 -0.588696 0.00969142 -0.0282193
222 -0.611556 0.0350668 -0.0319741
223 -0.578931 -0.1608 -0.0466764
224 -0.596714 -0.143691 -0.0705739
225 -0.571016 -0.129759 -0.0552986
226 -0.506938 -0.0191644 -0.0362623
227 -0.508033 0.00584988 -0.0128697
228 -0.60557 0.0507483 -0.0467211
229 -0.595755 -0.116337 -0.0608604
230 -0.622602 -0.148798 -0.0492966
231 -0.617478 -0.116788 -0.0339893
232 -0.507341 -0.0471387 0.0739082
233 -0.534966 -0.038808 0.0978592
234 -0.536352 -0.0523256 0.0769689
235 -0.627856 -0.0627169 -0.0765069
236 -0.544195 -0.0358763 0.00574768
237 -0.662192 -0.110052 -0.0417268
238 -0.650319 -0.121394 -0.0182663
239 -0.646235 0.075 0.1
240 -0.598933 0.0366441 0.0765701
241 -0.646235 0.0620483 0.00439147
242 -0.608825 0.0307673 0.0309686
243 -0.606124 0.0482473 0.00574345
244 -0.658857 -0.0886945 0.104638
245 -0.649184 -0.0720448 0.0771862
246 -0.644836 -0.100575 0.104546
247 -0.537707 -0.00267409 0.0214248
248 -0.53857 0.0311706 0.0361072
249 -0.567771 0.0100068 0.0277151
250 -0.540618 0.00831187 0.0473565
251 -0.5548 -0.0829434 0.0429597
252 -0.635265 -0.13571 -0.0748526
253 -0.613933 -0.128857 -0.103236
254 -0.607152 -0.127966 -0.0826097
255 -0.575509 0.0326738 0.0465685
256 -0.612211 0.0374968 0.0537666
257 -0.641058 -0.0713036 -0.103275
258 -0.637819 -0.0966852 -0.103887
259 -0.613839 -0.0768546 -0.102722
260 -0.62133 -0.100709 0.104221
261 -0.51754 -0.0430627 0.0280588
262 -0.64095 -0.0757425 0.103982
263 -0.512674 -0.0431135 -0.0173856
264 -0.615892 -0.154683 -0.0756302
265 -0.619762 -0.0725851 0.0383974
266 -0.633028 -0.049143 0.0495896
267 -0.520197 0.0195763 0.0934207
268 -0.533592 0.00774466 0.0726439
269 -0.557561 0.0101897 0.0614081
270 -0.544387 0.0355772 0.0593779
271 -0.646235 0.0819626 -0.0273138
272 -0.55912 0.0459131 -0.0710081
273 -0.562177 0.023397 -0.0616701
274 -0.580103 0.0340942 -0.0439377
275 -0.567485 -0.00775897 0.0490475
276 -0.646235 0.1 -0.075
277 -0.571972 -0.148886 0.0376836
278 -0.646235 -0.0377395 -0.063314
279 -0.646235 -0.0138787 -0.0726252
280 -0.646235 -5.85977e-05 -0.0473034
281 -0.537551 -0.0628622 -0.023925
282 -0.538235 -0.0795043 -0.0491854
283 -0.646235 -0.1 0
284 -0.522578 0.0178993 0.0112625
285 -0.544299 0.034709 0.0114455
286 -0.556039 0.0214123 0.00694415
287 -0.584542 -0.0727073 -0.0224355
288 -0.557473 -0.0335997 0.0703591
289 -0.646235 0.0742096 -0.0422098
290 -0.646235 -0.0654509 -0.069399
291 -0.651346 -0.0825694 -0.082542
292 -0.572079 0.0210262 -0.0949451
293 -0.571597 0.0338207 -0.0818182
294 -0.646235 0.0493613 0.0554558
295 -0.633784 -0.0686951 0.0648222
296 -0.554456 -0.114263 0.101625
297 -0.646235 0.1 -0.05
298 -0.543179 -0.0160076 0.0452171
299 -0.586175 -0.0957398 -0.0758426
300 -0.513327 0.0109271 0.0332378
301 -0.489111 -0.0108759 0.0294422
302 -0.515167 -0.0154504 0.0380508
303 -0.502511 0.00122676 0.00995182
304 -0.646235 0.00252473 0.0453561
305 -0.646235 -0.0117437 0.024989
306 -0.599397 0.0330236 -0.095675
307 -0.576662 -0.0394384 -0.0992801
308 -0.537345 -0.0269275 -0.0963027
309 -0.5593 -0.0276698 -0.0973583
310 -0.553332 -0.00416338 -0.0959489
311 -0.646235 -0.0296928 0.0483759
312 -0.661833 -0.108105 -0.104944
313 -0.656313 -0.0864521 -0.104223
314 -0.662359 -0.108589 -0.0719161
315 -0.568098 -0.0839251 0.0493429
316 -0.55587 -0.076889 0.0753783
317 -0.556971 -0.0556044 0.100412
318 -0.576311 -0.0547196 0.0729083
319 -0.646235 0.0208291 0.0702258
320 -0.646235 0.0442966 0.0792631
321 -0.608531 -0.126901 0.104359
322 -0.542347 -0.0891956 0.0665457
323 -0.563761 -0.0193368 -0.0155809
324 -0.621414 -0.0243192 0.000801491
325 -0.563412 0.0487599 0.0499031
326 -0.646235 0.05 -0.1
327 -0.593724 -0.061273 -0.100648
328 -0.573792 -0.0900935 -0.0827718
329 -0.594743 -0.000509339 0.0347655
330 -0.54719 -0.0848381 0.100777
331 -0.596439 -0.13499 -0.00947202
332 -0.653413 -0.0919963 -0.0560193
333 -0.646235 0.025 -0.1
334 -0.505412 -0.022362 -0.0770263
335 -0.501694 0.00071813 0.0491964
336 -0.646235 0.0652799 -0.02789
337 -0.646235 0.0687843 -0.0141214
338 -0.588192 -0.0566858 0.101672
339 -0.646664 -0.125386 0.0097629
340 -0.636856 -0.134896 -0.0110779
341 -0.522922 0.0195415 0.0595141
342 -0.500405 0.00138386 0.0707808
343 -0.619294 -0.00531303 0.100764
344 -0.646235 -0.0112864 0.0731389
345 -0.530469 -0.0501783 -0.00415258
346 -0.524798 -0.0263076 0.00814897
347 -0.500688 -0.0675052 0.00533079
348 -0.599462 -0.0707315 -0.0468506
349 -0.568823 -0.0735361 -0.100211
350 -0.557204 -0.0512113 -0.0990127
351 -0.611107 -0.0654932 0.05735
352 -0.646235 0.1 -0.1
353 -0.646235 -0.0494793 -0.0489394
354 -0.587797 0.0645796 -0.0581219
355 -0.635769 -0.101671 0.0124121
356 -0.521451 -0.0530278 -0.0965508
357 -0.502508 -0.0623819 -0.0707152
358 -0.556517 -0.118446 0.0296118
359 -0.646235 0.0518641 -0.0141252
360 -0.646235 0.0819828 -0.0068001
361 -0.57896 -0.160112 -0.0203589
362 -0.646235 0.0708547 0.072385
363 -0.646235 0.05 0.1
364 -0.646235 -0.0350529 -0.00977574
365 -0.646235 -0.1 -0.05
366 -0.646235 -0.0717761 -0.0383868
367 -0.537653 -0.100237 -0.0727291
368 -0.646235 -0.0821871 0.0475877
369 -0.666602 -0.105894 0.0420732
370 -0.646235 -0.0740063 0.0209203
371 -0.630538 -0.0469376 0.0745485
372 -0.646235 -0.0566634 0.0437855
373 -0.559805 -0.0121175 0.0143377
374 -0.646235 -0.00715476 -0.00234005
375 -0.646235 -0.075 -0.1
376 -0.646235 -0.1 -0.075
377 -0.49773 -0.0630107 -0.0411661
378 -0.565308 -0.111291 -0.0694475
379 -0.634009 -0.0500637 0.103163
380 -0.670582 -0.100138 -0.0594499
381 -0.646235 -0.05 -0.1
382 -0.633706 -0.0502636 -0.102114
383 -0.646235 -0.0376116 -0.0808832
384 -0.646235 -0.1 0.075
385 -0.646235 -0.0647591 0.0714345
386 -0.567242 0.0524906 -0.0925728
387 -0.586963 0.0642262 -0.0793199
388 -0.61388 -0.107529 -0.103174
389 -0.570738 0.0529284 0.00631249
390 -0.580906 0.0389331 0.0206179
391 -0.635497 -0.134135 0.0901755
392 -0.646235 -0.0384815 0.0755242
393 -0.646235 -0.025 0.1
394 -0.610225 -0.0866752 -0.0298828
395 -0.593493 -0.0655297 0.0414055
396 -0.585847 -0.156656 0.0820389
397 -0.612712 -0.0509004 -0.100874
398 -0.504651 0.00317451 -0.0617908
399 -0.496462 -0.0260902 -0.0532595
400 -0.544449 -0.0461991 -0.097584
401 -0.538818 -0.0740094 -0.0994485
402 -0.646235 -0.0482393 0.0598669
403 -0.646235 -0.0173233 -0.026685
404 -0.570481 -0.147405 -0.0791862
405 -0.567625 -0.124776 -0.101592
406 -0.664992 -0.107571 0.0678769
407 -0.646235 -0.0449504 -0.0292565
408 -0.560086 0.0461199 0.0285493
409 -0.53086 0.0247565 -0.0568397
410 -0.646235 -0.025 -0.1
411 -0.619916 -0.0324129 0.101382
412 -0.664334 -0.107974 0.104863
413 -0.643325 -0.126255 0.105222
414 -0.636704 -0.0610239 -0.00895607
415 -0.608596 -0.163066 -0.0525123
416 -0.646235 0.025 0.1
417 -0.515514 -0.0256309 -0.0946047
418 -0.495629 -0.0568599 -0.0963684
419 -0.608017 -0.0562622 -0.0359722
420 -0.642341 -0.127206 -0.104416
421 -0.649953 -0.120309 -0.0839996
422 -0.646235 0.1 0.075
423 -0.609705 -0.0974747 -0.0839356
424 -0.646235 0.054683 0.0291586
425 -0.646235 0.00591289 -0.0261435
426 -0.603626 -0.166909 -0.10285
427 -0.595979 0.0685354 0.0160441
428 -0.646235 0.0709588 0.0457403
429 -0.665522 -0.106893 0.0167196
430 -0.646235 0.0778512 0.0206915
431 -0.625422 -0.00951865 -0.0310329
432 -0.591219 0.0658681 -0.0325708
433 -0.646235 0.1 0
434 -0.539476 -0.114183 0.0752266
435 -0.646235 0 0.1
436 -0.518161 -0.0684419 0.0693939
437 -0.537154 -0.00618599 -0.094607
438 -0.622805 -0.146812 -0.103705
439 -0.646235 -0.1 0.05
440 -0.497983 -0.0342377 0.0111952
441 -0.581398 0.0436281 -0.0944375
442 -0.583472 0.0632279 -0.0929879
443 -0.520241 0.0179022 -0.0928822
444 -0.538362 -0.012519 0.0966786
445 -0.551839 -0.102191 -0.100469
446 -0.646235 -0.05 0.1
447 -0.603616 -0.165551 0.105103
448 -0.481814 -0.0205828 -0.00316632
449 -0.574873 -0.100426 -0.100965
450 -0.601151 -0.172431 0.0540045
451 -0.646235 -0.1 0.025
452 -0.600768 -0.171569 -0.0682698
453 -0.589698 -0.0905172 -0.102001
454 -0.498567 -0.0393451 0.0517352
455 -0.485668 -0.014394 0.0524881
456 -0.487636 -0.013784 -0.0302244
457 -0.489476 -0.0126385 -0.0500327
458 -0.519928 -0.0735344 -0.015994
459 -0.491952 -0.00516999 0.0943221
460 -0.531926 -0.0693343 0.0989393
461 -0.502953 -0.0672895 0.0979506
462 -0.54757 -0.119528 -0.0447576
463 -0.646235 -0.1 -0.1
464 -0.483371 -0.0200386 -0.0712457
465 -0.646235 0.1 -0.025
466 -0.646235 -0.075 0.1
467 -0.646235 -0.1 0.1
468 -0.646235 0.1 0.1
469 -0.535348 0.029973 -0.0931994
470 -0.526552 -0.10452 -0.0213311
471 -0.539721 -0.132783 -0.0234001
472 -0.54452 -0.149959 -0.00112394
473 -0.535158 -0.174153 -0.0197786
474 -0.520272 -0.149241 -0.0180963
475 -0.40784 -0.13567 -0.0769813
476 -0.391026 -0.118189 -0.0961777
477 -0.418623 -0.108077 -0.0965141
478 -0.39462 -0.113761 -0.0812232
479 -0.557527 -0.183136 0.0708498
480 -0.560546 -0.179416 0.0336021
481 -0.567602 -0.154316 0.0518042
482 -0.538139 -0.168701 0.0509377
483 -0.472673 -0.0664411 0.00971779
484 -0.438926 -0.0626178 0.0302896
485 -0.453187 -0.0847628 0.0145004
486 -0.458534 -0.042457 0.0167754
487 -0.480449 -0.112517 -0.0215735
488 -0.477189 -0.0992753 0.0124194
489 -0.466865 -0.128787 -0.00242703
490 -0.463216 -0.0954478 -0.0111483
491 -0.514661 -0.184198 -0.0779079
492 -0.55283 -0.179703 -0.0789679
493 -0.529867 -0.150823 -0.0787533
494 -0.528108 -0.16707 -0.0999404
495 -0.50743 -0.152525 -0.0641837
496 -0.501771 -0.132476 -0.0989246
497 -0.504767 -0.124872 -0.0741113
498 -0.484856 -0.143538 -0.0785504
499 -0.565528 -0.176502 0.00110733
500 -0.539621 -0.174735 0.0147421
501 -0.486629 -0.0978925 0.0498331
502 -0.500243 -0.125107 0.0488678
503 -0.473837 -0.119923 0.0656187
504 -0.488028 -0.127486 0.075713
505 -0.520556 -0.113776 -0.0478833
506 -0.524757 -0.130973 -0.0629599
507 -0.533396 -0.146499 -0.0448675
508 -0.507349 -0.159238 -0.0992988
509 -0.449 -0.11156 0.000153077
510 -0.446959 -0.161449 -0.0528823
511 -0.462789 -0.180938 -0.0767609
512 -0.4617 -0.192232 -0.048947
513 -0.47106 -0.170632 -0.0433527
514 -0.517588 -0.123495 0.0740952
515 -0.501551 -0.0994226 0.0731159
516 -0.531981 -0.167821 0.101778
517 -0.551704 -0.149453 0.102207
518 -0.545078 -0.153917 0.0783794
519 -0.551255 -0.170586 0.102437
520 -0.458555 -0.0410654 0.0484633
521 -0.480295 -0.0483265 0.0346238
522 -0.478085 -0.0812596 -0.0509178
523 -0.488861 -0.0817225 -0.0188125
524 -0.470222 -0.0871917 -0.0311852
525 -0.557812 -0.155295 -0.0588105
526 -0.535299 -0.172352 -0.0554498
527 -0.558258 -0.157517 -0.0836246
528 -0.577865 -0.171858 -0.0744762
529 -0.526051 -0.10892 -0.0989003
530 -0.541686 -0.120954 -0.0997526
531 -0.466644 -0.158619 0.000415214
532 -0.450059 -0.151875 -0.022594
533 -0.435904 -0.141374 -0.00259077
534 -0.439634 -0.16226 0.0102449
535 -0.449093 -0.104443 -0.0304424
536 -0.459564 -0.131433 -0.048336
537 -0.433209 -0.134927 -0.0379036
538 -0.44973 -0.123303 -0.0218461
539 -0.413735 -0.125886 0.00818496
540 -0.429894 -0.11175 -0.00570573
541 -0.433264 -0.133521 0.0201515
542 -0.487518 -0.127483 0.00473368
543 -0.479286 -0.124811 0.0311023
544 -0.457023 -0.120664 0.0170823
545 -0.477489 -0.155979 -0.0587516
546 -0.478937 -0.137936 -0.0283626
547 -0.4926 -0.131372 -0.0539256
548 -0.498878 -0.157355 -0.0365176
549 -0.509941 -0.236633 -0.0141014
550 -0.53523 -0.254448 -0.0282713
551 -0.52775 -0.219107 -0.00766709
552 -0.526601 -0.232371 -0.0417538
553 -0.496299 -0.227323 -0.0420838
554 -0.478025 -0.202602 -0.0309015
555 -0.510994 -0.21102 -0.0308082
556 -0.494012 -0.215747 -0.011564
557 -0.507269 -0.190584 0.0255251
558 -0.514852 -0.160635 0.0369144
559 -0.525141 -0.19004 0.00855469
560 -0.529994 -0.139177 -0.0997473
561 -0.547658 -0.158691 -0.100602
562 -0.481184 -0.201524 0.0122398
563 -0.45567 -0.180394 0.0271144
564 -0.46104 -0.188122 0.00116076
565 -0.485257 -0.175852 0.0195251
566 -0.482263 -0.117931 -0.0697111
567 -0.463772 -0.12629 -0.0765099
568 -0.45312 -0.105671 -0.0639308
569 -0.47052 -0.107334 -0.0482009
570 -0.459634 -0.0380336 0.0948623
571 -0.471873 -0.0270101 0.0728711
572 -0.480477 -0.0502133 0.0961651
573 -0.516549 -0.216713 -0.055352
574 -0.499452 -0.20378 -0.0515963
575 -0.438411 -0.173019 -0.00698698
576 -0.444165 -0.0888559 -0.0127165
577 -0.415644 -0.089338 0.0161925
578 -0.439812 -0.0624321 -0.00146353
579 -0.51157 -0.127221 0.0202229
580 -0.517344 -0.15415 0.00821032
581 -0.491586 -0.147742 0.0264717
582 -0.434449 -0.103953 0.0221699
583 -0.449002 -0.134075 0.0426234
584 -0.456027 -0.106512 0.0413458
585 -0.559664 -0.141085 -0.0305012
586 -0.529338 -0.1375 0.10093
587 -0.554972 -0.16387 -0.0285135
588 -0.49253 -0.152332 -0.00753647
589 -0.507646 -0.174544 -0.00909634
590 -0.47345 -0.172628 -0.0225636
591 -0.486347 -0.187621 -0.00868831
592 -0.465746 -0.216669 -0.00960711
593 -0.549962 -0.136512 0.0517676
594 -0.537959 -0.125503 0.0204411
595 -0.537803 -0.111374 0.0475885
596 -0.501154 -0.0924906 0.0276644
597 -0.508169 -0.0764693 0.0473074
598 -0.519272 -0.10424 0.0297771
599 -0.568106 -0.149095 -0.101176
600 -0.584134 -0.162824 -0.101724
601 -0.489075 -0.144195 0.0540236
602 -0.491226 -0.179964 -0.0990338
603 -0.464964 -0.182461 -0.0985828
604 -0.475338 -0.154446 -0.0985357
605 -0.485189 -0.170701 -0.0798136
606 -0.529108 -0.174401 0.0814299
607 -0.505503 -0.203293 0.000912422
608 -0.524464 -0.208544 -0.100017
609 -0.53945 -0.202195 -0.06556
610 -0.543822 -0.190258 -0.100528
611 -0.552545 -0.231172 -0.100838
612 -0.571514 -0.208087 -0.101309
613 -0.558337 -0.224869 -0.0737204
614 -0.445743 -0.126168 0.098561
615 -0.474389 -0.128679 0.09902
616 -0.463974 -0.106796 0.0980885
617 -0.466529 -0.138916 0.0802641
618 -0.503037 -0.223239 0.0160318
619 -0.508297 -0.133097 -0.0337885
620 -0.435192 -0.0971031 -0.0727401
621 -0.440359 -0.0921539 -0.0962991
622 -0.438788 -0.114956 -0.0970621
623 -0.47964 -0.0525863 -0.073045
624 -0.458176 -0.0832657 0.0681204
625 -0.550403 -0.201479 0.0218364
626 -0.524132 -0.215595 0.0284892
627 -0.535449 -0.192964 0.0406844
628 -0.446412 -0.120389 0.0722696
629 -0.519415 -0.088641 -0.0736175
630 -0.512797 -0.0858634 -0.0425996
631 -0.493887 -0.108384 -0.0434053
632 -0.425401 -0.106158 -0.0299616
633 -0.427391 -0.110303 -0.0512889
634 -0.408037 -0.128203 -0.0468172
635 -0.491999 -0.185755 0.0707665
636 -0.49332 -0.17253 0.0478684
637 -0.474731 -0.165326 0.0744904
638 -0.468745 -0.182245 0.0526269
639 -0.496103 -0.0975512 -0.0651814
640 -0.424163 -0.118361 0.0443057
641 -0.408466 -0.148238 0.0209092
642 -0.394351 -0.114266 0.0291776
643 -0.404494 -0.150772 0.0489984
644 -0.434475 -0.131553 -0.0683545
645 -0.404984 -0.100297 0.0706088
646 -0.406277 -0.100121 0.0438484
647 -0.430264 -0.0997942 0.0667545
648 -0.542109 -0.200031 -0.0328615
649 -0.519656 -0.194013 -0.0468154
650 -0.574817 -0.204564 0.0549507
651 -0.59088 -0.185246 0.0421246
652 -0.575238 -0.204695 0.0282798
653 -0.466536 -0.155271 0.0460059
654 -0.470709 -0.0708718 -0.0961381
655 -0.455021 -0.0731624 -0.0681694
656 -0.470285 -0.0940771 -0.0775026
657 -0.566134 -0.216117 -0.0485631
658 -0.581348 -0.197054 -0.0708656
659 -0.566227 -0.186812 -0.0481324
660 -0.569365 -0.211456 -0.0739698
661 -0.509091 -0.126825 -0.0101764
662 -0.523457 -0.115538 -0.0816937
663 -0.548933 -0.134698 -0.0775978
664 -0.551499 -0.13341 -0.100558
665 -0.567506 -0.165234 0.102827
666 -0.574618 -0.162025 0.0772559
667 -0.445864 -0.18838 -0.0284468
668 -0.51622 -0.167559 -0.0365759
669 -0.567149 -0.174949 -0.101331
670 -0.599254 -0.176048 -0.040455
671 -0.600364 -0.174807 -0.0211648
672 -0.592297 -0.184166 -0.0257378
673 -0.391439 -0.117274 0.0535461
674 -0.421535 -0.134771 -0.0973613
675 -0.415196 -0.116816 -0.0716936
676 -0.515541 -0.19522 -0.0190801
677 -0.517257 -0.101609 0.055339
678 -0.542903 -0.244305 -0.070666
679 -0.538675 -0.250781 -0.0500843
680 -0.512315 -0.2427 -0.0692724
681 -0.58961 -0.18588 0.0716513
682 -0.512251 -0.208948 -0.0750629
683 -0.470492 -0.1955 0.0803882
684 -0.494248 -0.214792 0.101215
685 -0.489422 -0.188238 0.100728
686 -0.4854 -0.221365 0.0768334
687 -0.487463 -0.0709168 0.05696
688 -0.485957 -0.0866233 0.0791181
689 -0.469558 -0.0757642 0.0354065
690 -0.440759 -0.0847862 0.0428811
691 -0.54177 -0.148405 0.0313703
692 -0.458811 -0.075074 -0.036791
693 -0.46276 -0.0688372 -0.0135593
694 -0.445895 -0.0863519 -0.0463448
695 -0.430821 -0.137706 0.0690955
696 -0.40461 -0.128976 0.0716945
697 -0.423405 -0.110759 0.0976606
698 -0.461182 -0.145774 0.0197584
699 -0.473468 -0.0530455 0.0718116
700 -0.532017 -0.224028 -0.0750443
701 -0.520658 -0.132277 0.0471221
702 -0.505705 -0.154627 0.071017
703 -0.529481 -0.149085 0.0628433
704 -0.435626 -0.0641377 0.0957
705 -0.439119 -0.0614844 0.0661277
706 -0.458202 -0.0647679 0.0961283
707 -0.453049 -0.0459255 0.0756913
708 -0.434361 -0.0683601 -0.0303349
709 -0.488182 -0.0689038 0.0329204
710 -0.461493 -0.149752 0.0994522
711 -0.464316 -0.0608213 0.0511761
712 -0.52947 -0.128351 -0.00262824
713 -0.416891 -0.139234 0.0988498
714 -0.439427 -0.157128 0.0995164
715 -0.542761 -0.243849 0.0760771
716 -0.544682 -0.242341 0.0433505
717 -0.539694 -0.214868 0.0555256
718 -0.515147 -0.230341 0.0684739
719 -0.416417 -0.136761 -0.0220534
720 -0.481491 -0.0541363 -0.0317366
721 -0.482025 -0.0466255 -0.00981847
722 -0.464844 -0.203491 0.0315095
723 -0.511262 -0.197514 0.0803232
724 -0.516719 -0.178113 0.0569166
725 -0.52344 -0.241192 0.0149165
726 -0.495125 -0.185796 -0.0346615
727 -0.471553 -0.0816324 0.0972398
728 -0.445003 -0.0907928 0.0970807
729 -0.432253 -0.159861 0.0388429
730 -0.500543 -0.129682 0.0999147
731 -0.5255 -0.0946981 0.0752615
732 -0.453178 -0.132376 -0.0976816
733 -0.458725 -0.15479 -0.0771023
734 -0.581013 -0.195538 0.0894638
735 -0.506181 -0.105806 -0.0227159
736 -0.413477 -0.156068 -0.0526871
737 -0.568737 -0.184735 -0.0232413
738 -0.443605 -0.170736 0.0505158
739 -0.399608 -0.142285 -0.00647816
740 -0.456936 -0.044242 -0.00326888
741 -0.511387 -0.230734 0.101676
742 -0.515995 -0.196865 0.10161
743 -0.531142 -0.218911 0.0810984
744 -0.508405 -0.1634 0.100714
745 -0.456463 -0.0449323 -0.0241003
746 -0.568871 -0.21296 -0.0246203
747 -0.582867 -0.195601 -0.0342321
748 -0.590664 -0.186233 -0.0106879
749 -0.515298 -0.185343 -0.0998131
750 -0.555345 -0.229521 -0.0181193
751 -0.548005 -0.199737 -0.00686208
752 -0.52753 -0.106831 0.1001
753 -0.592734 -0.183357 -0.0580715
754 -0.475185 -0.0551201 -0.05257
755 -0.440538 -0.193172 -0.0764765
756 -0.441337 -0.162562 -0.0979688
757 -0.430632 -0.155813 -0.0767991
758 -0.451393 -0.151616 0.067994
759 -0.447696 -0.181547 0.0773836
760 -0.424538 -0.16505 -0.0293778
761 -0.484629 -0.0413199 -0.0953044
762 -0.506891 -0.0992514 0.000287846
763 -0.491262 -0.226231 -0.0753164
764 -0.423951 -0.0794261 0.0503973
765 -0.440131 -0.0608253 0.0486385
766 -0.423059 -0.0788616 0.0760305
767 -0.537877 -0.217749 0.102373
768 -0.534002 -0.254025 0.102373
769 -0.591142 -0.18558 0.0149029
770 -0.573208 -0.163937 0.0200202
771 -0.539718 -0.216767 -0.0442592
772 -0.487365 -0.101858 0.0983438
773 -0.52949 -0.102807 0.00195112
774 -0.47523 -0.208728 0.0576552
775 -0.481772 -0.15932 0.100244
776 -0.574089 -0.206473 -0.00284642
777 -0.558157 -0.22606 0.0162045
778 -0.530759 -0.193438 0.0647178
779 -0.545987 -0.202585 0.0829188
780 -0.509488 -0.206168 0.0548803
781 -0.467272 -0.0336311 -0.0497465
782 -0.412944 -0.0899797 0.0968369
783 -0.539189 -0.249995 0.00658046
784 -0.529845 -0.261993 0.031971
785 -0.519086 -0.237363 0.0445656
786 -0.445167 -0.0560113 -0.0495482
787 -0.453661 -0.0465427 -0.0713461
788 -0.510477 -0.0947714 0.0987073
789 -0.4258 -0.166173 0.0742592
790 -0.486357 -0.192167 -0.065649
791 -0.46452 -0.211036 -0.0772427
792 -0.500065 -0.203976 -0.0994063
793 -0.394315 -0.115336 -0.0386026
794 -0.390024 -0.119738 -0.0613722
795 -0.402001 -0.104988 -0.0538742
796 -0.549219 -0.236896 -0.0473504
797 -0.56203 -0.22072 0.0416044
798 -0.501031 -0.174892 -0.0540751
799 -0.590065 -0.185342 -0.102147
800 -0.436321 -0.0643631 -0.095195
801 -0.394722 -0.114907 0.00577717
802 -0.404445 -0.102602 -0.0146598
803 -0.489986 -0.203014 0.0365371
804 -0.527858 -0.26572 -0.0571441
805 -0.430853 -0.0720116 -0.0485321
806 -0.460656 -0.180643 0.10016
807 -0.49686 -0.079215 -0.0970789
808 -0.501532 -0.102857 -0.0978857
809 -0.415623 -0.0895721 -0.0433673
810 -0.406863 -0.0987866 -0.071756
811 -0.385804 -0.125465 -0.0141143
812 -0.511373 -0.231225 -0.0996247
813 -0.55832 -0.224769 0.0666413
814 -0.55273 -0.230272 0.102832
815 -0.533869 -0.254872 -0.100112
816 -0.421721 -0.0829946 -0.0145007
817 -0.51853 -0.0852142 -0.0978566
818 -0.459912 -0.106102 -0.0971953
819 -0.480404 -0.197282 -0.0989064
820 -0.413152 -0.0908908 -0.0959172
821 -0.571325 -0.206758 0.103407
822 -0.57157 -0.207617 0.081101
823 -0.564601 -0.18322 0.102965
824 -0.42899 -0.0737351 -0.0685122
825 -0.480945 -0.0967609 -0.0972805
826 -0.479442 -0.120914 -0.0977514
827 -0.471885 -0.211536 0.100584
828 -0.59005 -0.183957 0.103865
829 -0.493179 -0.229328 0.0469849
830 -0.460723 -0.0377829 -0.0941817
831 -0.59572 -0.179291 -0.080114
832 -0.473908 -0.219155 -0.0487296
833 -0.504724 -0.243174 0.0807831
834 -0.379128 -0.134957 0.0129831
835 -0.544974 -0.19012 0.10248
836 -0.385506 -0.125399 0.0759516
837 -0.526428 -0.266831 0.0649371
838 -0.402078 -0.104464 -0.096281
839 -0.391056 -0.116576 0.0973356
840 -0.462409 -0.20577 -0.0989014
841 -0.484648 -0.218537 -0.0990393
842 -0.358778 -0.160215 0.0477351
843 -0.385017 -0.169521 0.0314349
844 -0.35233 -0.168872 0.0243875
845 -0.366498 -0.18496 0.0230534
846 -0.483122 -0.286177 -0.0130604
847 -0.453102 -0.271547 -0.000317326
848 -0.474816 -0.262914 -0.00467963
849 -0.475647 -0.294783 0.0098357
850 -0.476966 -0.258517 -0.075417
851 -0.487615 -0.261711 -0.0995038
852 -0.477312 -0.279738 -0.0994169
853 -0.494072 -0.278174 -0.0845314
854 -0.360463 -0.25241 0.0560203
855 -0.383736 -0.261537 0.0375383
856 -0.363062 -0.274757 0.027922
857 -0.368209 -0.28115 0.0587611
858 -0.50902 -0.290356 -0.0997541
859 -0.493557 -0.28978 -0.0995548
860 -0.49963 -0.275579 -0.0996405
861 -0.468232 -0.272148 0.048515
862 -0.487589 -0.282652 0.0323351
863 -0.46976 -0.305675 0.0526312
864 -0.494654 -0.275057 0.0550643
865 -0.434276 -0.246765 0.0721932
866 -0.419593 -0.270598 0.0388099
867 -0.404804 -0.240452 0.0483253
868 -0.412822 -0.264387 0.0776989
869 -0.397305 -0.210243 -0.0385705
870 -0.384969 -0.226871 -0.0525027
871 -0.386755 -0.240243 -0.0205639
872 -0.407931 -0.242165 -0.0378928
873 -0.451863 -0.309987 0.10093
874 -0.465313 -0.30903 0.080107
875 -0.446097 -0.282838 0.0831176
876 -0.43562 -0.307721 0.0848758
877 -0.493662 -0.271834 0.0125236
878 -0.344071 -0.179441 0.00462121
879 -0.334418 -0.192109 -0.0132584
880 -0.357259 -0.189371 -0.0221551
881 -0.348704 -0.173674 -0.0169604
882 -0.443086 -0.289646 -0.052504
883 -0.44782 -0.259549 -0.0700525
884 -0.431601 -0.247443 -0.0438124
885 -0.417624 -0.266971 -0.0649387
886 -0.3616 -0.213572 -0.036454
887 -0.34867 -0.251778 -0.0465225
888 -0.373594 -0.24571 -0.0389442
889 -0.346949 -0.223325 -0.05486
890 -0.485832 -0.242645 0.101117
891 -0.499286 -0.302309 0.10152
892 -0.467723 -0.290425 0.101104
893 -0.480629 -0.327206 0.101313
894 -0.479271 -0.242797 -0.0222508
895 -0.450123 -0.223011 -0.0279346
896 -0.504406 -0.251954 0.0555429
897 -0.47914 -0.283454 0.0743959
898 -0.491143 -0.273002 0.101396
899 -0.394242 -0.279118 -0.0990792
900 -0.37612 -0.263821 -0.0846872
901 -0.37012 -0.276834 -0.0988009
902 -0.380602 -0.259423 -0.0988028
903 -0.453886 -0.248382 -0.0172709
904 -0.437567 -0.226777 -0.000289964
905 -0.446228 -0.275174 0.0606987
906 -0.517774 -0.279031 0.0314235
907 -0.505392 -0.295188 0.0528611
908 -0.468681 -0.268675 0.0199336
909 -0.416743 -0.251643 -0.0782472
910 -0.398594 -0.25056 -0.0988272
911 -0.398767 -0.270361 -0.0789661
912 -0.413395 -0.26451 -0.0989962
913 -0.509162 -0.255441 -0.0389765
914 -0.446457 -0.28509 0.01549
915 -0.476996 -0.235612 0.0173157
916 -0.503895 -0.253683 0.028809
917 -0.43712 -0.299546 -0.0991989
918 -0.461844 -0.295684 -0.0993041
919 -0.443738 -0.305292 -0.0777704
920 -0.45392 -0.280144 -0.0992564
921 -0.449829 -0.202966 0.0534305
922 -0.497508 -0.264901 0.0817635
923 -0.392031 -0.205719 0.0653589
924 -0.406342 -0.230795 0.0793296
925 -0.424018 -0.21689 0.0522685
926 -0.486016 -0.320614 0.0688048
927 -0.500819 -0.300778 0.0753935
928 -0.5263 -0.267867 0.0126758
929 -0.466001 -0.289002 0.0302094
930 -0.451736 -0.259447 0.0373924
931 -0.498347 -0.245958 0.00119297
932 -0.479947 -0.329584 -0.0642
933 -0.491883 -0.313634 -0.0653809
934 -0.468751 -0.310425 -0.0683167
935 -0.486258 -0.32106 -0.0820505
936 -0.430483 -0.252159 -0.0133148
937 -0.453535 -0.242104 0.00644192
938 -0.374425 -0.204521 -0.0536308
939 -0.37391 -0.182663 -0.0388544
940 -0.355813 -0.191515 -0.0524191
941 -0.39486 -0.240123 0.0998362
942 -0.408819 -0.262338 0.100271
943 -0.373609 -0.142114 -0.038401
944 -0.387776 -0.146904 -0.0575824
945 -0.446517 -0.225007 0.0320192
946 -0.465441 -0.234352 0.0515304
947 -0.499574 -0.30358 0.00530346
948 -0.514063 -0.284299 0.00298547
949 -0.503078 -0.298966 -0.0180412
950 -0.468771 -0.34395 0.0375865
951 -0.440641 -0.337774 0.0185193
952 -0.476161 -0.334457 0.0122962
953 -0.455613 -0.312845 0.0245981
954 -0.384564 -0.272542 -0.0214042
955 -0.403595 -0.261348 0.00380717
956 -0.406872 -0.260675 -0.0211324
957 -0.363279 -0.271645 -0.0218831
958 -0.346352 -0.267426 0.004577
959 -0.355343 -0.2388 -0.0105321
960 -0.376644 -0.254341 0.00667903
961 -0.368979 -0.16864 -0.0626569
962 -0.353399 -0.167172 -0.0781913
963 -0.376343 -0.174138 -0.0827288
964 -0.36485 -0.15227 -0.0831464
965 -0.417954 -0.209029 -0.0692079
966 -0.441483 -0.213869 -0.0987579
967 -0.413564 -0.196885 -0.0982909
968 -0.385871 -0.169999 0.00622795
969 -0.36303 -0.155303 -0.00545557
970 -0.407898 -0.217013 0.0312184
971 -0.427312 -0.250152 0.0182662
972 -0.393182 -0.248773 0.0233872
973 -0.434567 -0.270127 -0.0991063
974 -0.460999 -0.25762 -0.0992407
975 -0.504957 -0.296219 0.0238737
976 -0.380807 -0.211936 -0.0186218
977 -0.359696 -0.203676 0.0100694
978 -0.371588 -0.222472 0.00755886
979 -0.349324 -0.20786 -0.00986118
980 -0.395183 -0.283916 -0.0506676
981 -0.425003 -0.304811 -0.0485317
982 -0.410453 -0.293498 -0.0733795
983 -0.448511 -0.208783 0.100094
984 -0.424914 -0.205483 0.0785815
985 -0.437682 -0.187137 0.0996788
986 -0.481904 -0.256932 0.0392526
987 -0.479398 -0.250803 0.0710304
988 -0.46107 -0.229197 -0.0989949
989 -0.390107 -0.159352 -0.0372302
990 -0.379517 -0.164647 -0.0184859
991 -0.457664 -0.270377 -0.0334004
992 -0.465551 -0.246587 -0.0471023
993 -0.48718 -0.272815 -0.038888
994 -0.466204 -0.346909 0.0711402
995 -0.443086 -0.338679 0.0490874
996 -0.460455 -0.300432 -0.0113605
997 -0.436369 -0.308743 0.00555642
998 -0.387273 -0.254513 0.0723981
999 -0.378238 -0.22912 0.0496153
1000 -0.40397 -0.314065 -0.0990793
1001 -0.435577 -0.331644 -0.0992526
1002 -0.423194 -0.325082 -0.0711755
1003 -0.347032 -0.174153 0.0985153
1004 -0.367717 -0.186191 0.0757283
1005 -0.366152 -0.1779 0.0987274
1006 -0.349476 -0.171627 0.0741801
1007 -0.330533 -0.232647 -0.0257595
1008 -0.333754 -0.273427 -0.0214649
1009 -0.423221 -0.291084 0.0674758
1010 -0.4377 -0.28997 0.100726
1011 -0.426374 -0.268561 0.100388
1012 -0.357025 -0.162905 -0.0330898
1013 -0.464198 -0.350445 -0.0654371
1014 -0.449442 -0.326436 -0.0531364
1015 -0.452698 -0.334935 -0.0792049
1016 -0.404058 -0.23101 0.00383257
1017 -0.414876 -0.198752 -0.00503428
1018 -0.416817 -0.226975 -0.01713
1019 -0.505329 -0.295839 -0.0506272
1020 -0.497809 -0.261796 -0.0702386
1021 -0.304611 -0.230739 0.0252776
1022 -0.322225 -0.249404 0.0499786
1023 -0.311816 -0.221149 0.0551662
1024 -0.32958 -0.227334 0.0361581
1025 -0.444489 -0.19308 -0.0984707
1026 -0.367355 -0.226742 0.0761278
1027 -0.353223 -0.206609 0.063146
1028 -0.340128 -0.231504 0.0597983
1029 -0.322769 -0.206326 0.0766978
1030 -0.328371 -0.1995 0.0535439
1031 -0.351395 -0.232794 -0.0783182
1032 -0.32962 -0.2446 -0.0747567
1033 -0.430543 -0.282705 -0.0792521
1034 -0.367966 -0.288478 0.00399182
1035 -0.336393 -0.189338 0.0306675
1036 -0.37766 -0.298571 0.044909
1037 -0.397281 -0.276723 0.0535357
1038 -0.457493 -0.31912 -0.0319068
1039 -0.430578 -0.33736 -0.0398692
1040 -0.432368 -0.3134 -0.0218023
1041 -0.355054 -0.221602 0.0993438
1042 -0.344799 -0.249224 0.082252
1043 -0.340572 -0.227144 0.0831355
1044 -0.338981 -0.229198 0.0101896
1045 -0.441637 -0.192516 0.0191303
1046 -0.412912 -0.177178 0.0991331
1047 -0.399331 -0.185168 0.078454
1048 -0.351026 -0.213881 0.0366956
1049 -0.326495 -0.202356 0.0132626
1050 -0.321232 -0.208984 0.0368824
1051 -0.445046 -0.291361 0.0414645
1052 -0.400293 -0.208044 0.0995035
1053 -0.489631 -0.316482 0.0278749
1054 -0.446917 -0.265 0.100867
1055 -0.425012 -0.23994 0.10015
1056 -0.327213 -0.201418 -0.0345596
1057 -0.3426 -0.181455 -0.0343486
1058 -0.336217 -0.189687 -0.0541671
1059 -0.42608 -0.318579 0.0407465
1060 -0.425224 -0.29631 0.0266915
1061 -0.485525 -0.322239 -0.00793419
1062 -0.527835 -0.266032 -0.00693263
1063 -0.392127 -0.245509 -0.0766784
1064 -0.396758 -0.256727 -0.0503741
1065 -0.383409 -0.168224 0.0599197
1066 -0.374984 -0.139329 0.0431595
1067 -0.455056 -0.211645 0.0119366
1068 -0.405002 -0.178974 -0.0244429
1069 -0.375008 -0.187581 -0.00804587
1070 -0.41195 -0.165795 -0.00206439
1071 -0.44563 -0.218688 -0.0561229
1072 -0.440513 -0.232875 -0.078661
1073 -0.368625 -0.243354 0.0996914
1074 -0.375371 -0.216963 0.0993229
1075 -0.355809 -0.245015 0.0305921
1076 -0.412914 -0.287359 0.100383
1077 -0.418257 -0.325722 0.0727077
1078 -0.401185 -0.306953 0.0471536
1079 -0.311594 -0.221936 -0.0353403
1080 -0.44347 -0.308137 0.0606095
1081 -0.492143 -0.31357 -0.0327281
1082 -0.455905 -0.23686 0.100585
1083 -0.452005 -0.216214 0.0765564
1084 -0.421261 -0.273702 -0.0374629
1085 -0.357917 -0.161109 -0.0975504
1086 -0.376137 -0.165332 -0.0976577
1087 -0.323849 -0.260778 0.0253125
1088 -0.433157 -0.196973 0.0368916
1089 -0.43061 -0.216808 0.0166537
1090 -0.424168 -0.207715 -0.0368978
1091 -0.39165 -0.196855 0.0141618
1092 -0.414687 -0.184739 0.0196787
1093 -0.421867 -0.185511 0.0591681
1094 -0.406314 -0.185776 0.0457652
1095 -0.428726 -0.185074 -0.0519048
1096 -0.516273 -0.280893 -0.0805493
1097 -0.507919 -0.256697 -0.0996893
1098 -0.31726 -0.214527 -0.00863614
1099 -0.440292 -0.206452 -0.00716671
1100 -0.480823 -0.303441 -0.0994495
1101 -0.483185 -0.297078 -0.0854784
1102 -0.317504 -0.212832 0.0990279
1103 -0.323761 -0.229308 0.0992445
1104 -0.336157 -0.216521 0.0991211
1105 -0.427279 -0.207367 0.0996895
1106 -0.304084 -0.230606 0.080207
1107 -0.440675 -0.288022 -0.0207479
1108 -0.447142 -0.333071 0.0775232
1109 -0.48631 -0.242276 -0.0994259
1110 -0.468111 -0.23465 -0.0756959
1111 -0.390869 -0.286455 0.0764033
1112 -0.389992 -0.280247 0.00488536
1113 -0.508208 -0.255867 0.101648
1114 -0.321195 -0.249176 -0.0020268
1115 -0.320792 -0.238828 -0.0532755
1116 -0.384614 -0.177983 -0.0609705
1117 -0.47031 -0.29734 -0.0436485
1118 -0.458293 -0.281795 -0.0757941
1119 -0.476357 -0.281714 -0.0646369
1120 -0.390873 -0.15493 0.0985884
1121 -0.367219 -0.14955 -0.063501
1122 -0.387196 -0.159127 -0.0784025
1123 -0.378117 -0.135465 -0.0806119
1124 -0.403562 -0.164777 0.0755717
1125 -0.379052 -0.160117 0.0823045
1126 -0.352278 -0.205725 -0.0668362
1127 -0.321099 -0.209293 -0.0604715
1128 -0.332399 -0.194397 -0.0744276
1129 -0.450672 -0.329833 0.100979
1130 -0.387052 -0.178804 0.0989725
1131 -0.392025 -0.201986 0.0399086
1132 -0.343146 -0.180555 -0.068633
1133 -0.341296 -0.182934 -0.0834058
1134 -0.363961 -0.190473 -0.0766153
1135 -0.378501 -0.134401 0.0618328
1136 -0.412656 -0.232678 -0.0636892
1137 -0.400121 -0.226603 -0.098617
1138 -0.390883 -0.205276 -0.0735712
1139 -0.5001 -0.302539 -0.0816407
1140 -0.519501 -0.277146 -0.0257774
1141 -0.36569 -0.151795 0.0237951
1142 -0.407638 -0.177944 -0.0771259
1143 -0.341569 -0.241783 0.099604
1144 -0.322006 -0.257992 0.0757816
1145 -0.462591 -0.352498 -0.0992915
1146 -0.459886 -0.318238 -0.0993231
1147 -0.474597 -0.336508 -0.0823693
1148 -0.438987 -0.224027 0.100214
1149 -0.39558 -0.314876 -0.0551222
1150 -0.367068 -0.193619 0.0434911
1151 -0.34368 -0.179666 0.049799
1152 -0.427197 -0.239029 -0.0989103
1153 -0.488881 -0.317758 -0.0500523
1154 -0.376633 -0.195552 0.0991013
1155 -0.422194 -0.281164 2.51778e-05
1156 -0.410749 -0.303927 0.00191748
1157 -0.3805 -0.223135 0.0276063
1158 -0.358136 -0.253082 -0.0987918
1159 -0.369608 -0.245517 -0.0723011
1160 -0.362803 -0.227407 -0.0985368
1161 -0.426586 -0.317524 0.100716
1162 -0.412906 -0.163299 -0.0976968
1163 -0.405201 -0.296972 -0.0253097
1164 -0.367051 -0.262022 0.0789931
1165 -0.348077 -0.272251 0.071866
1166 -0.457884 -0.262155 0.0745768
1167 -0.368093 -0.147915 -0.0972679
1168 -0.43392 -0.241514 0.0437807
1169 -0.335944 -0.189308 0.0677175
1170 -0.351134 -0.199373 0.0855478
1171 -0.45396 -0.234804 0.068241
1172 -0.373165 -0.270622 -0.0615226
1173 -0.350957 -0.268531 -0.0774276
1174 -0.469362 -0.263134 0.101004
1175 -0.385836 -0.275112 0.100167
1176 -0.393632 -0.149915 -0.0974759
1177 -0.402747 -0.187186 -0.0494253
1178 -0.357072 -0.161163 0.0984109
1179 -0.366932 -0.149209 0.0719899
1180 -0.372018 -0.220978 -0.0783541
1181 -0.357065 -0.200774 -0.0981821
1182 -0.41623 -0.285178 -0.0990764
1183 -0.434461 -0.344206 -0.0148657
1184 -0.428367 -0.325831 -0.000181359
1185 -0.456163 -0.325779 -0.00332807
1186 -0.413085 -0.321344 0.0185921
1187 -0.518162 -0.278003 -0.0998979
1188 -0.510593 -0.287628 0.0791906
1189 -0.517743 -0.277482 0.101875
1190 -0.433094 -0.349856 -0.0713627
1191 -0.501487 -0.266493 -0.0121719
1192 -0.486373 -0.243349 -0.0560841
1193 -0.407171 -0.305841 0.0792611
1194 -0.39553 -0.286624 0.0229475
1195 -0.340898 -0.257412 0.0588834
1196 -0.476723 -0.33398 -0.0390223
1197 -0.363346 -0.177433 -0.0978536
1198 -0.330817 -0.219408 -0.077994
1199 -0.457664 -0.359736 -0.0325196
1200 -0.462046 -0.352126 0.101082
1201 -0.474266 -0.335965 0.0850396
1202 -0.481257 -0.327573 -0.0994412
1203 -0.362174 -0.156142 -0.0476644
1204 -0.354616 -0.198942 0.0989719
1205 -0.327279 -0.199995 0.0988442
1206 -0.336174 -0.188699 0.0832462
1207 -0.327948 -0.200138 -0.0982245
1208 -0.338569 -0.227567 -0.0984453
1209 -0.377509 -0.283634 -0.0797726
1210 -0.340891 -0.272182 0.0472389
1211 -0.380355 -0.238065 -0.098689
1212 -0.378522 -0.30382 -0.0724272
1213 -0.470848 -0.341711 -0.0166777
1214 -0.351668 -0.169618 -0.054321
1215 -0.462461 -0.352677 0.00190518
1216 -0.318217 -0.213122 -0.0983406
1217 -0.322793 -0.20704 -0.0824345
1218 -0.473733 -0.337776 -0.0024522
1219 -0.395411 -0.171398 -0.0978355
1220 -0.373984 -0.163813 0.0985691
1221 -0.357343 -0.269142 0.0999747
1222 -0.347773 -0.174176 -0.0977786
1223 -0.307719 -0.226307 0.098998
1224 -0.396313 -0.31164 0.100386
1225 -0.408956 -0.332804 -0.0367582
1226 -0.381444 -0.212954 -0.0984103
1227 -0.379912 -0.187767 -0.0980609
1228 -0.37149 -0.272246 -0.043852
1229 -0.312259 -0.221008 -0.079857
1230 -0.316697 -0.236341 -0.0984445
1231 -0.349577 -0.278083 -0.0468539
1232 -0.490546 -0.315127 -0.0995229
1233 -0.499816 -0.302737 -0.0996173
1234 -0.300272 -0.237404 -0.0104703
1235 -0.381928 -0.304591 -0.00879389
1236 -0.371584 -0.297077 -0.0392248
1237 -0.38756 -0.312774 0.0166482
1238 -0.36734 -0.148129 0.0980783
1239 -0.379517 -0.297706 -0.0990673
1240 -0.304673 -0.231302 -0.0581606
1241 -0.43534 -0.348419 0.100836
1242 -0.361918 -0.292939 0.0763635
1243 -0.308512 -0.226662 -0.098381
1244 -0.324399 -0.262256 -0.0989305
1245 -0.408134 -0.3287 -0.0115511
1246 -0.288673 -0.252193 -0.0989286
1247 -0.287377 -0.286311 -0.080327
1248 -0.269375 -0.277267 -0.0993039
1249 -0.276835 -0.267604 -0.0729298
1250 -0.366187 -0.300955 0.0156839
1251 -0.307545 -0.328902 0.0368194
1252 -0.301814 -0.347291 0.0587539
1253 -0.327156 -0.334207 0.0539786
1254 -0.318751 -0.357021 0.0423352
1255 -0.41542 -0.363999 -0.0236244
1256 -0.416399 -0.360765 -0.0557456
1257 -0.406827 -0.387191 -0.0412905
1258 -0.435955 -0.362032 -0.043926
1259 -0.335799 -0.412049 -0.0111525
1260 -0.359519 -0.394004 0.00470933
1261 -0.375602 -0.413643 -0.00738898
1262 -0.341199 -0.416323 0.012762
1263 -0.452443 -0.365845 0.0807685
1264 -0.427533 -0.359625 0.0750571
1265 -0.291889 -0.31676 -0.099399
1266 -0.286239 -0.339085 -0.0685148
1267 -0.273538 -0.336722 -0.099632
1268 -0.271363 -0.312076 -0.0806536
1269 -0.365066 -0.348713 -0.0706939
1270 -0.371974 -0.321104 -0.0991385
1271 -0.356168 -0.323318 -0.0759915
1272 -0.35938 -0.342297 -0.0992471
1273 -0.30529 -0.274696 0.0506443
1274 -0.328327 -0.283819 0.0623322
1275 -0.318125 -0.288925 0.033809
1276 -0.322986 -0.28351 0.0999038
1277 -0.340123 -0.290129 0.0754957
1278 -0.307451 -0.28674 0.0783696
1279 -0.287628 -0.318835 0.0370015
1280 -0.296067 -0.345499 0.0178742
1281 -0.268966 -0.334202 0.018117
1282 -0.280738 -0.342648 0.0450025
1283 -0.303537 -0.385781 0.0502197
1284 -0.281535 -0.367885 0.066803
1285 -0.317724 -0.363467 0.072976
1286 -0.420069 -0.34912 0.00958705
1287 -0.415547 -0.346223 0.0450156
1288 -0.424704 -0.363118 0.0365559
1289 -0.372431 -0.348425 0.0672154
1290 -0.393412 -0.360744 0.0495088
1291 -0.365118 -0.374968 0.0518129
1292 -0.384863 -0.377613 0.076605
1293 -0.296806 -0.350782 0.0833556
1294 -0.405755 -0.427292 -0.0992649
1295 -0.386434 -0.451927 -0.0993342
1296 -0.384734 -0.424234 -0.0993121
1297 -0.398535 -0.43652 -0.0795618
1298 -0.34839 -0.421998 -0.0458736
1299 -0.35691 -0.397734 -0.0338403
1300 -0.363054 -0.433747 -0.0215176
1301 -0.433749 -0.391078 -0.0701079
1302 -0.437833 -0.385692 -0.0381441
1303 -0.357638 -0.318955 0.0537253
1304 -0.383871 -0.316539 0.0713901
1305 -0.289795 -0.304409 -0.0232646
1306 -0.287866 -0.319062 -0.000339231
1307 -0.278173 -0.329212 -0.0316944
1308 -0.268627 -0.31061 -0.0248672
1309 -0.32141 -0.400323 0.0223029
1310 -0.326196 -0.404196 0.0485217
1311 -0.322913 -0.382152 0.051849
1312 -0.340606 -0.392277 0.0374799
1313 -0.398885 -0.35661 -0.0105573
1314 -0.41863 -0.375703 -0.0992165
1315 -0.407547 -0.391736 -0.0760755
1316 -0.41778 -0.366719 -0.0799925
1317 -0.376091 -0.380725 -0.099304
1318 -0.35169 -0.393193 -0.0993312
1319 -0.380328 -0.391261 -0.0813668
1320 -0.370009 -0.408882 -0.0993224
1321 -0.386917 -0.408141 -0.0353512
1322 -0.401685 -0.432421 -0.0224908
1323 -0.413599 -0.417185 -0.0152331
1324 -0.354636 -0.302288 -0.0108526
1325 -0.379097 -0.323686 -0.0280111
1326 -0.347928 -0.325699 -0.0279761
1327 -0.297619 -0.285662 -0.0536314
1328 -0.265223 -0.282569 -0.0604578
1329 -0.40056 -0.352902 0.078044
1330 -0.378952 -0.336375 0.10043
1331 -0.383334 -0.363763 0.100563
1332 -0.352414 -0.292928 -0.0642566
1333 -0.356952 -0.29811 -0.0991195
1334 -0.335869 -0.305146 -0.0805324
1335 -0.40368 -0.379515 0.100704
1336 -0.350717 -0.334739 0.100331
1337 -0.322709 -0.336758 0.100257
1338 -0.344347 -0.345461 0.0747059
1339 -0.323377 -0.320558 0.0793341
1340 -0.364942 -0.304767 0.100191
1341 -0.325505 -0.298699 -0.0991973
1342 -0.322101 -0.282096 -0.0748699
1343 -0.346421 -0.278019 -0.0990418
1344 -0.317497 -0.364709 -0.0156986
1345 -0.312583 -0.357998 -0.0471266
1346 -0.311361 -0.330962 -0.0216039
1347 -0.291417 -0.351113 -0.0322342
1348 -0.402289 -0.371578 0.0265119
1349 -0.430983 -0.394554 0.0145339
1350 -0.42458 -0.369833 0.00338974
1351 -0.397435 -0.393058 -0.000771948
1352 -0.379166 -0.39195 0.100607
1353 -0.4076 -0.387978 0.0811929
1354 -0.396871 -0.380821 -0.0645522
1355 -0.387496 -0.354348 -0.044107
1356 -0.386507 -0.36502 -0.0721991
1357 -0.326969 -0.306826 -0.0222684
1358 -0.329918 -0.322272 -0.0512332
1359 -0.258786 -0.290619 0.00703674
1360 -0.271273 -0.306612 0.0186274
1361 -0.255552 -0.294646 0.0310794
1362 -0.270027 -0.276209 0.0237977
1363 -0.419018 -0.409697 0.076587
1364 -0.424488 -0.402423 0.100812
1365 -0.399576 -0.403565 0.100707
1366 -0.34895 -0.317383 0.0200774
1367 -0.34833 -0.296695 0.0456519
1368 -0.371798 -0.323669 0.0294504
1369 -0.393994 -0.339056 -0.0728802
1370 -0.397676 -0.370294 -0.0992454
1371 -0.413077 -0.349684 -0.0991916
1372 -0.383501 -0.349023 -0.0991861
1373 -0.336268 -0.308771 0.10009
1374 -0.272628 -0.273075 -0.0448771
1375 -0.283881 -0.298926 0.0713464
1376 -0.313322 -0.305261 0.051782
1377 -0.300436 -0.321867 0.0693171
1378 -0.298955 -0.274047 0.0196542
1379 -0.311556 -0.300582 0.0125068
1380 -0.298887 -0.301624 0.0239913
1381 -0.325598 -0.341838 0.0229334
1382 -0.329294 -0.31477 0.0304697
1383 -0.305244 -0.305646 -0.0335366
1384 -0.290607 -0.285514 -0.023356
1385 -0.318875 -0.282896 -0.040956
1386 -0.310235 -0.287948 -0.0166349
1387 -0.356028 -0.322305 0.0817768
1388 -0.332569 -0.382242 0.00442304
1389 -0.326871 -0.349809 0.00258026
1390 -0.310989 -0.365338 0.0126654
1391 -0.260215 -0.289025 -0.0788493
1392 -0.280865 -0.303806 -0.0688855
1393 -0.287903 -0.253304 -0.0515473
1394 -0.306844 -0.262093 -0.067943
1395 -0.297015 -0.271023 -0.0366869
1396 -0.378066 -0.395238 0.0224367
1397 -0.401906 -0.403142 0.0321228
1398 -0.381556 -0.380428 0.030749
1399 -0.399761 -0.331092 0.0570756
1400 -0.311737 -0.341965 -0.0734156
1401 -0.317601 -0.332425 -0.099356
1402 -0.307095 -0.31022 -0.0756621
1403 -0.31629 -0.253812 0.0995696
1404 -0.268866 -0.357533 0.100315
1405 -0.288305 -0.373199 0.100421
1406 -0.265442 -0.354853 0.0842909
1407 -0.253232 -0.320134 -0.0341441
1408 -0.249614 -0.342129 -0.0408246
1409 -0.230242 -0.32684 -0.0248173
1410 -0.247157 -0.340267 -0.0192829
1411 -0.388629 -0.33829 0.00911744
1412 -0.376933 -0.353668 0.0321608
1413 -0.374368 -0.365957 0.00329873
1414 -0.34548 -0.359149 0.00186703
1415 -0.356951 -0.372573 0.0250339
1416 -0.337964 -0.37267 -0.0398619
1417 -0.313384 -0.393874 -0.0258162
1418 -0.364409 -0.354196 -0.0311147
1419 -0.380241 -0.379249 -0.0215498
1420 -0.374081 -0.382418 -0.0498056
1421 -0.348524 -0.376523 -0.0205041
1422 -0.423349 -0.370614 0.100784
1423 -0.44349 -0.377434 0.100932
1424 -0.326739 -0.368548 0.0273882
1425 -0.30122 -0.35665 0.0339521
1426 -0.294008 -0.377995 0.0227781
1427 -0.254387 -0.29642 -0.0598172
1428 -0.265557 -0.317967 -0.0529374
1429 -0.25102 -0.300655 -0.0386282
1430 -0.261249 -0.28764 -0.0449129
1431 -0.357802 -0.371011 -0.0553058
1432 -0.335051 -0.388362 -0.0552641
1433 -0.356793 -0.397644 -0.0672538
1434 -0.285283 -0.256633 0.0105299
1435 -0.301643 -0.266319 -0.0115019
1436 -0.44864 -0.371563 -0.0575958
1437 -0.283587 -0.29545 0.0444161
1438 -0.275428 -0.268946 0.0665556
1439 -0.338772 -0.329597 -0.000361846
1440 -0.358682 -0.342342 0.0110049
1441 -0.365516 -0.412801 0.1006
1442 -0.366128 -0.436282 0.0853795
1443 -0.34659 -0.42075 0.100549
1444 -0.366237 -0.436355 0.100644
1445 -0.273749 -0.326514 0.0720611
1446 -0.257082 -0.348143 0.0607597
1447 -0.244245 -0.337867 0.0783719
1448 -0.381573 -0.340401 -0.0145543
1449 -0.381818 -0.331178 0.0453223
1450 -0.367224 -0.436945 -0.0645254
1451 -0.385672 -0.410473 -0.0661037
1452 -0.348848 -0.422375 -0.0760882
1453 -0.386306 -0.45199 -0.0242909
1454 -0.374475 -0.442735 -0.00930518
1455 -0.263285 -0.285007 -0.0213776
1456 -0.245379 -0.307733 -0.0139634
1457 -0.273124 -0.301404 -0.00633089
1458 -0.345062 -0.323379 -0.0992347
1459 -0.315048 -0.257113 -0.0340102
1460 -0.275264 -0.299436 -0.0994311
1461 -0.26815 -0.357167 -0.0269441
1462 -0.266795 -0.355933 -0.050893
1463 -0.413502 -0.417318 -0.0736163
1464 -0.280866 -0.367202 -0.0702934
1465 -0.282652 -0.368744 -0.0451338
1466 -0.415729 -0.41435 0.00530694
1467 -0.426811 -0.400072 -0.014383
1468 -0.329174 -0.270847 -0.0546486
1469 -0.399681 -0.338826 0.0325731
1470 -0.413583 -0.41687 0.0559025
1471 -0.413245 -0.379344 0.0585777
1472 -0.424982 -0.402515 -0.0992102
1473 -0.396586 -0.398366 -0.0992536
1474 -0.303054 -0.305369 -0.00750762
1475 -0.297139 -0.241405 -0.0355183
1476 -0.356941 -0.365893 -0.0993034
1477 -0.367833 -0.371789 -0.0801202
1478 -0.288856 -0.289072 0.000964858
1479 -0.272307 -0.2734 0.000941739
1480 -0.296641 -0.283701 -0.0992205
1481 -0.371279 -0.419376 0.0837326
1482 -0.364017 -0.401561 0.0725468
1483 -0.39185 -0.407297 0.0792858
1484 -0.431581 -0.393602 0.0480784
1485 -0.265169 -0.282242 0.0483493
1486 -0.258548 -0.290539 0.0742703
1487 -0.249489 -0.302234 0.0532333
1488 -0.343308 -0.345564 -0.0516594
1489 -0.340212 -0.361748 -0.0730037
1490 -0.3336 -0.338255 -0.0799588
1491 -0.32705 -0.404865 0.100485
1492 -0.352991 -0.395013 0.100508
1493 -0.346205 -0.420484 0.0779541
1494 -0.364467 -0.32511 -0.0505916
1495 -0.345221 -0.297938 -0.0374417
1496 -0.293371 -0.245668 0.0577293
1497 -0.285781 -0.255335 0.0802764
1498 -0.364617 -0.320234 -0.000397939
1499 -0.355357 -0.344364 -0.0145335
1500 -0.331535 -0.408479 0.0686896
1501 -0.345266 -0.419655 0.0540128
1502 -0.407401 -0.3474 0.100641
1503 -0.361017 -0.372189 0.0819656
1504 -0.292484 -0.346321 -0.0995286
1505 -0.349048 -0.344763 0.0354637
1506 -0.347115 -0.420786 -0.0993828
1507 -0.327517 -0.405021 -0.0994334
1508 -0.334121 -0.410393 -0.0837412
1509 -0.335612 -0.348799 -0.0248623
1510 -0.277354 -0.298113 -0.041693
1511 -0.339524 -0.311195 0.0650712
1512 -0.380462 -0.419021 0.0530728
1513 -0.388483 -0.391825 0.0525486
1514 -0.262648 -0.32673 -0.00716622
1515 -0.366765 -0.436474 -0.0993581
1516 -0.418252 -0.41118 -0.0414419
1517 -0.254012 -0.345397 -0.0695684
1518 -0.269386 -0.357684 -0.0997055
1519 -0.230346 -0.326788 -0.0498057
1520 -0.230449 -0.326708 -0.0748027
1521 -0.242023 -0.312093 -0.0562798
1522 -0.360987 -0.401046 0.0388157
1523 -0.339305 -0.289201 0.0213121
1524 -0.303991 -0.386221 0.0806221
1525 -0.307606 -0.389094 0.100454
1526 -0.309884 -0.361435 0.100339
1527 -0.284793 -0.317404 0.100083
1528 -0.285164 -0.297615 0.0999154
1529 -0.306517 -0.308779 0.100078
1530 -0.383519 -0.420005 0.100674
1531 -0.337338 -0.350948 -0.0993296
1532 -0.312987 -0.361719 -0.0994481
1533 -0.244793 -0.308619 -0.0782642
1534 -0.32544 -0.297291 -0.0529693
1535 -0.341812 -0.364442 0.0534577
1536 -0.337777 -0.387777 0.0709772
1537 -0.242543 -0.311126 0.0352565
1538 -0.244139 -0.309211 0.014394
1539 -0.300079 -0.382641 -0.0795548
1540 -0.288784 -0.373403 -0.0996146
1541 -0.313761 -0.36721 -0.0791822
1542 -0.399216 -0.435616 -0.0519742
1543 -0.281299 -0.367787 -0.00168984
1544 -0.291959 -0.348766 -0.00661936
1545 -0.292929 -0.377058 -0.0258145
1546 -0.241656 -0.311928 0.0758629
1547 -0.297854 -0.278313 0.099802
1548 -0.281916 -0.260778 0.0390918
1549 -0.379621 -0.420899 0.0171008
1550 -0.386248 -0.451971 0.000716977
1551 -0.40399 -0.429442 -0.00294309
1552 -0.250159 -0.3421 -0.0997587
1553 -0.386118 -0.451911 0.0507151
1554 -0.364399 -0.434851 0.0385824
1555 -0.40063 -0.433505 0.0430688
1556 -0.305369 -0.387289 -0.0528945
1557 -0.416024 -0.413817 0.0315487
1558 -0.340456 -0.386473 -0.0793406
1559 -0.32986 -0.407028 -0.0632251
1560 -0.317273 -0.396876 -0.0796645
1561 -0.261565 -0.3219 0.0477257
1562 -0.363371 -0.373778 0.100489
1563 -0.363115 -0.354575 0.100462
1564 -0.268406 -0.357414 0.023402
1565 -0.250076 -0.34264 0.0372554
1566 -0.26776 -0.356831 0.0463091
1567 -0.437287 -0.385887 0.0768969
1568 -0.34414 -0.286821 0.0999514
1569 -0.363611 -0.411704 -0.0508026
1570 -0.2983 -0.320194 -0.0486726
1571 -0.317626 -0.397278 0.0685373
1572 -0.312013 -0.323691 0.00810452
1573 -0.36926 -0.438601 -0.0419662
1574 -0.386366 -0.451966 -0.0493468
1575 -0.364719 -0.435152 0.0631438
1576 -0.44869 -0.371372 0.0245864
1577 -0.230171 -0.326885 0.00017576
1578 -0.247027 -0.340253 0.0169325
1579 -0.26241 -0.320599 -0.0996037
1580 -0.337047 -0.368551 0.100438
1581 -0.256935 -0.348126 -0.00141095
1582 -0.362057 -0.432955 0.00819487
1583 -0.230108 -0.326825 0.0251594
1584 -0.282658 -0.260113 -0.0209639
1585 -0.250001 -0.30206 -0.0995846
1586 -0.450831 -0.368669 -0.0787606
1587 -0.293009 -0.34115 0.100251
1588 -0.269811 -0.331662 0.100162
1589 -0.253488 -0.32218 0.100096
1590 -0.268512 -0.308146 0.0999961
1591 -0.282918 -0.369063 0.0421868
1592 -0.335822 -0.30104 0.00285947
1593 -0.451404 -0.367603 0.055857
1594 -0.268757 -0.27721 0.0997675
1595 -0.435439 -0.357139 -0.0992089
1596 -0.343353 -0.418102 0.03079
1597 -0.44404 -0.377592 -0.00798182
1598 -0.306561 -0.38831 -0.0025813
1599 -0.317821 -0.277517 0.00615278
1600 -0.399637 -0.434611 0.0729894
1601 -0.386021 -0.451896 0.0757461
1602 -0.23057 -0.326614 -0.0998038
1603 -0.288033 -0.252189 0.0995293
1604 -0.326608 -0.404448 -0.0393286
1605 -0.332397 -0.378076 -0.0993974
1606 -0.336345 -0.267239 0.0997588
1607 -0.386188 -0.451962 0.0257415
1608 -0.249553 -0.34195 0.100228
1609 -0.386399 -0.451946 -0.0743467
1610 -0.249426 -0.301933 0.0999648
1611 -0.230082 -0.326772 0.0501537
1612 -0.401509 -0.432473 0.0172379
1613 -0.229996 -0.326453 0.100106
1614 -0.444033 -0.377598 -0.0991959
1615 -0.239797 -0.314835 -0.0366758
1616 -0.308057 -0.38926 -0.0995278
1617 -0.295564 -0.243316 -0.0769907
1618 -0.230022 -0.326606 0.0751042
1619 -0.385911 -0.451857 0.100735
1620 -0.405251 -0.427233 0.100759
1621 -0.24146 -0.323566 -0.0421968
1622 -0.24557 -0.326072 -0.0490942
1623 -0.242181 -0.336101 -0.0596881
1624 -0.30135 -0.303394 0.00722854
1625 -0.288466 -0.304009 0.000303321
1626 -0.293204 -0.3108 0.0109929
1627 -0.303489 -0.306946 0.00807804
1628 -0.307537 -0.314529 0.000294896
1629 -0.351158 -0.408647 0.0259064
1630 -0.341945 -0.4051 0.0341387
1631 -0.361479 -0.419514 0.0239509
1632 -0.354427 -0.426894 0.0174527
1633 -0.251613 -0.316922 0.0617799
1634 -0.257947 -0.319246 0.0739527
1635 -0.255087 -0.310065 0.0879398
1636 -0.249099 -0.318379 0.0911031
1637 -0.239715 -0.314197 0.100038
1638 -0.253983 -0.296235 0.0871139
1639 -0.322127 -0.388493 0.0862343
1640 -0.316359 -0.379646 0.0880189
1641 -0.316783 -0.386844 0.076972
1642 -0.317703 -0.385941 0.0700349
1643 -0.326075 -0.390639 -0.0430335
1644 -0.315979 -0.395883 -0.0461134
1645 -0.330955 -0.392356 -0.0395231
1646 -0.382886 -0.435461 0.0791796
1647 -0.375379 -0.443523 0.069443
1648 -0.379271 -0.407135 0.0377511
1649 -0.360355 -0.341959 0.0931601
1650 -0.347524 -0.340104 0.0875192
1651 -0.451877 -0.355699 -0.0558971
1652 -0.441038 -0.360861 -0.0644625
1653 -0.412013 -0.376146 -0.0658424
1654 -0.406508 -0.374316 -0.0716642
1655 -0.40088 -0.362973 -0.06429
1656 -0.443619 -0.361412 0.00262416
1657 -0.439437 -0.361061 -0.0114568
1658 -0.361949 -0.282901 -0.0539826
1659 -0.372607 -0.280998 -0.0526058
1660 -0.317961 -0.240388 -0.0675564
1661 -0.313382 -0.251392 -0.0606407
1662 -0.382264 -0.405683 -0.0892184
1663 -0.381723 -0.404243 -0.0992992
1664 -0.283212 -0.34124 0.0917725
1665 -0.36334 -0.422746 -0.0361484
1666 -0.374666 -0.421302 -0.0282389
1667 -0.36011 -0.416644 -0.0273842
1668 -0.342078 -0.416983 -0.0285158
1669 -0.354303 -0.426759 -0.0360401
1670 -0.381363 -0.433136 -0.0219784
1671 -0.38436 -0.438997 -0.0140953
1672 -0.386777 -0.421679 -0.0138564
1673 -0.392459 -0.444103 -0.00863262
1674 -0.353267 -0.408111 -0.0580598
1675 -0.34219 -0.406664 0.0609233
1676 -0.341087 -0.406387 0.0698229
1677 -0.415042 -0.353754 0.0350156
1678 -0.416854 -0.347076 0.0347185
1679 -0.400331 -0.420513 -0.085379
1680 -0.368618 -0.422914 -0.0819285
1681 -0.357246 -0.428976 -0.0870197
1682 -0.316008 -0.376545 0.0379804
1683 -0.312681 -0.368673 0.0455506
1684 -0.302192 -0.368449 0.0405445
1685 -0.322165 -0.391242 0.037077
1686 -0.361386 -0.379299 -0.0351548
1687 -0.390363 -0.383242 0.0245014
1688 -0.385778 -0.383746 0.0223807
1689 -0.376207 -0.380588 0.0128645
1690 -0.363414 -0.197192 0.0919234
1691 -0.371341 -0.1994 0.0861615
1692 -0.361587 -0.206411 0.0913386
1693 -0.358447 -0.210649 0.0815203
1694 -0.353263 -0.211327 0.092962
1695 -0.345396 -0.207748 0.099056
1696 -0.339218 -0.199654 0.0921868
1697 -0.344454 -0.193248 0.0902468
1698 -0.336992 -0.187338 0.0986435
1699 -0.338345 -0.202527 0.0815511
1700 -0.345987 -0.212886 0.0843841
1701 -0.343103 -0.194051 0.0761128
1702 -0.350277 -0.186523 0.0802674
1703 -0.359022 -0.181084 0.0853434
1704 -0.359754 -0.18704 0.0931393
1705 -0.460138 -0.227136 0.0615944
1706 -0.461229 -0.226818 0.0647835
1707 -0.476858 -0.227657 0.0641699
1708 -0.487235 -0.239938 0.0590777
1709 -0.496643 -0.238754 0.0649488
1710 -0.492935 -0.246693 0.0758368
1711 -0.378616 -0.144545 0.0697622
1712 -0.392647 -0.150646 0.0663768
1713 -0.404371 -0.157837 0.0623599
1714 -0.37327 -0.141181 0.0737645
1715 -0.31752 -0.222875 -0.0983737
1716 -0.322872 -0.228765 -0.0893959
1717 -0.314273 -0.228141 -0.0884385
1718 -0.497725 -0.287865 0.0652186
1719 -0.496244 -0.285699 0.0769779
1720 -0.395881 -0.181536 -0.08624
1721 -0.384016 -0.189032 -0.0781469
1722 -0.404415 -0.184079 -0.0980921
1723 -0.310267 -0.222495 0.0889931
1724 -0.437554 -0.251502 -0.0888855
1725 -0.440192 -0.245556 -0.0990334
1726 -0.450089 -0.229542 0.0488864
1727 -0.485327 -0.303187 0.0639992
1728 -0.493699 -0.31062 0.062579
1729 -0.391042 -0.223614 0.0893402
1730 -0.3975 -0.224503 0.099617
1731 -0.383748 -0.211379 0.082128
1732 -0.431242 -0.313606 0.0231593
1733 -0.43646 -0.30311 0.0259237
1734 -0.501611 -0.266503 -0.0927577
1735 -0.492696 -0.261723 -0.084874
1736 -0.441779 -0.233847 0.0740651
1737 -0.391449 -0.13858 -0.037588
1738 -0.400041 -0.127983 -0.0347197
1739 -0.346714 -0.194327 -0.075112
1740 -0.352398 -0.184919 -0.0721801
1741 -0.387375 -0.270325 0.0212371
1742 -0.376207 -0.27711 0.0169278
1743 -0.37226 -0.271032 0.00523426
1744 -0.376352 -0.279847 -0.00842214
1745 -0.365541 -0.27916 -0.0103718
1746 -0.350472 -0.285283 -0.00309848
1747 -0.392379 -0.262886 0.0146072
1748 -0.500611 -0.241503 -0.0875373
1749 -0.498558 -0.236952 -0.0994811
1750 -0.526198 -0.267465 -0.0901555
1751 -0.329636 -0.222162 -0.0450721
1752 -0.600317 -0.172285 0.0915696
1753 -0.590922 -0.167347 0.0917252
1754 -0.586809 -0.163589 0.103673
1755 -0.581401 -0.171718 0.0889531
1756 -0.57451 -0.181241 0.0959085
1757 -0.567394 -0.17735 0.0958728
1758 -0.464259 -0.0592819 0.026012
1759 -0.458234 -0.0646824 0.0188788
1760 -0.455344 -0.0645472 0.0158542
1761 -0.439463 -0.0627458 0.0147152
1762 -0.44859 -0.0636441 0.0245809
1763 -0.462401 -0.05421 0.0326921
1764 -0.449351 -0.0719495 0.0584862
1765 -0.439732 -0.0714974 0.0563267
1766 -0.586136 -0.191765 -0.0238228
1767 -0.580535 -0.184402 -0.0244622
1768 -0.58745 -0.169496 -0.0376861
1769 -0.582896 -0.180857 -0.0444581
1770 -0.587818 -0.189615 -0.046828
1771 -0.456346 -0.0570451 0.0689225
1772 -0.594966 -0.16531 -0.0850298
1773 -0.600323 -0.173816 -0.0878857
1774 -0.592567 -0.160016 -0.0833895
1775 -0.486506 -0.0856516 0.0312601
1776 -0.482172 -0.0985881 0.0324773
1777 -0.491795 -0.106296 0.0291549
1778 -0.434191 -0.0805842 0.0664527
1779 -0.423369 -0.0791375 0.0632946
1780 -0.592428 -0.170303 -0.00483983
1781 -0.598355 -0.176675 0.00651045
1782 -0.600536 -0.174448 -0.00546668
1783 -0.597669 -0.166322 -0.0120244
1784 -0.581346 -0.164201 0.00100742
1785 -0.435851 -0.155376 0.059961
1786 -0.554317 -0.127759 -0.0278168
1787 -0.557423 -0.131965 -0.0360185
1788 -0.546674 -0.164684 -0.0694562
1789 -0.542819 -0.169039 -0.0788068
1790 -0.504579 -0.222647 0.0848269
1791 -0.456398 -0.145904 0.087419
1792 -0.566975 -0.149794 0.0909037
1793 -0.448804 -0.063108 0.0809925
1794 -0.462299 -0.0861202 -0.0219419
1795 -0.577802 -0.17074 0.0618054
1796 -0.580138 -0.171226 0.0465045
1797 -0.486267 -0.0734902 -0.036064
1798 -0.477562 -0.0673685 -0.0314953
1799 -0.41307 -0.121972 -0.0869185
1800 -0.410358 -0.126921 -0.096581
1801 -0.646029 -0.0433187 -0.0420353
1802 -0.640704 -0.0522269 -0.0334269
1803 -0.637702 -0.0481986 -0.0221221
1804 -0.637495 -0.0472576 -0.00911575
1805 -0.643069 -0.0422593 -0.0432514
1806 -0.638397 -0.0403013 -0.0601794
1807 -0.642768 -0.0485452 -0.0501895
1808 -0.644955 -0.0553314 -0.0579011
1809 -0.640564 -0.0365788 -0.0723085
1810 -0.646235 0.1 0.0260099
1811 -0.604503 0.0728774 0.0286293
1812 -0.59762 -0.144204 0.00442813
1813 -0.594383 -0.141613 0.00502324
1814 -0.61775 0.0515515 -0.00431572
1815 -0.611599 0.0554609 -0.0147442
1816 -0.608534 0.0666124 -0.00868631
1817 -0.618921 0.0367312 -0.00373688
1818 -0.51916 0.00511708 9.1446e-05
1819 -0.523443 0.00951742 -0.00896579
1820 -0.538028 0.0123687 -0.0188757
1821 -0.545008 0.0214579 -0.0134809
1822 -0.612521 -0.129412 -0.0705057
1823 -0.569248 0.0109416 0.00142443
1824 -0.575772 0.0199721 0.0135782
1825 -0.592272 0.0292338 0.0159078
1826 -0.591124 0.0243571 0.0296712
1827 -0.525047 -0.0120093 -0.0868905
1828 -0.526913 -0.0152116 -0.0949039
1829 -0.51171 -0.0118298 -0.0852119
1830 -0.622839 -0.0866867 0.025927
1831 -0.615841 -0.097091 0.0212695
1832 -0.632051 -0.113718 -0.0937196
1833 -0.634292 -0.124598 -0.0908936
1834 -0.624536 -0.132238 -0.0889885
1835 -0.626613 -0.100156 -0.0887698
1836 -0.623634 -0.0969636 -0.093685
1837 -0.625377 -0.0868877 -0.089244
1838 -0.558555 -0.0726709 0.0526004
1839 -0.57242 -0.0714367 0.059416
1840 -0.568863 -0.0667913 0.0485312
1841 -0.580148 -0.075287 0.0456704
1842 -0.579996 -0.0821403 0.059002
1843 -0.561846 -0.0801599 0.0630039
1844 -0.580238 -0.0932265 0.0497689
1845 -0.575406 -0.0883651 0.0364837
1846 -0.563758 -0.0977267 0.0413655
1847 -0.556388 -0.0958891 0.0510491
1848 -0.56138 -0.0765756 0.0371214
1849 -0.534494 0.00723394 -0.0870904
1850 -0.610862 0.0644055 0.083183
1851 -0.655221 -0.103723 0.0864824
1852 -0.657081 -0.11424 0.0949214
1853 -0.645072 -0.0986395 0.0830797
1854 -0.634576 -0.10247 0.0864798
1855 -0.631337 -0.0893253 0.0926053
1856 -0.646941 -0.0854718 0.0900218
1857 -0.654884 -0.0817289 0.0930156
1858 -0.664042 -0.08006 0.0769389
1859 -0.658525 -0.0743435 0.06215
1860 -0.645829 -0.0733891 0.0592677
1861 -0.641652 -0.0633171 0.0578453
1862 -0.653553 -0.0629882 0.0604263
1863 -0.660089 -0.0698763 0.0915876
1864 -0.653398 -0.0585487 0.0901659
1865 -0.641651 -0.061376 0.0900473
1866 -0.637098 -0.0591403 0.0762439
1867 -0.653176 -0.0924282 0.0841609
1868 -0.619068 -0.133394 0.077219
1869 -0.61938 -0.119773 0.0862311
1870 -0.606531 -0.0268681 -0.0880289
1871 -0.61022 -0.0221556 -0.100346
1872 -0.593536 -0.0305789 -0.0849543
1873 -0.586987 -0.0480479 -0.0877418
1874 -0.621154 -0.133163 0.0225966
1875 -0.54951 0.0326029 -0.0867249
1876 -0.551657 0.0316503 -0.0806861
1877 -0.638631 -0.0595122 0.0117306
1878 -0.649283 -0.0633898 0.0120703
1879 -0.615873 0.0589261 -0.0799006
1880 -0.612055 0.071369 -0.0819168
1881 -0.604331 0.074389 -0.0882069
1882 -0.582834 -0.00215068 -0.0739473
1883 -0.574837 -0.117816 0.0903364
1884 -0.346061 -0.223167 -0.0311266
1885 -0.462689 -0.30926 0.0386128
1886 -0.385895 -0.204994 -0.00221461
1887 -0.46512 -0.102603 0.0669573
1888 -0.416143 -0.329319 -0.0539801
1889 -0.412119 -0.396588 -0.00757797
1890 -0.416743 -0.398374 0.0400982
1891 -0.430226 -0.312229 -0.0851376
1892 -0.618583 -0.130362 0.0372854
1893 -0.479693 -0.311081 0.0402526
1894 -0.297777 -0.257088 -0.0834256
1895 -0.344684 -0.255358 -0.016004
1896 -0.407908 -0.319081 0.0865728
1897 -0.417063 -0.311297 0.0899434
1898 -0.406096 -0.28069 0.00248037
1899 -0.467985 -0.326288 0.0618693
1900 -0.50728 -0.275642 -0.04478
1901 -0.599045 0.0074408 -0.0481387
1902 -0.601009 0.0194135 -0.0396971
1903 -0.413581 -0.319678 -0.0852219
1904 -0.32138 -0.340027 -0.0492168
1905 -0.554142 -0.145084 0.0177451
1906 -0.617209 -0.00202299 0.0100316
1907 -0.56308 -0.023979 0.084017
1908 -0.598794 0.0602151 0.05026
1909 -0.400248 -0.412677 -0.0252799
1910 -0.375205 -0.312907 -0.0857858
1911 -0.398179 -0.374832 -0.00565551
1912 -0.583768 -0.122555 0.103457
1913 -0.540425 -0.233695 0.0155337
1914 -0.533399 -0.234597 -0.000585808
1915 -0.414194 -0.393844 0.00687207
1916 -0.634376 -0.0223032 0.059617
1917 -0.602986 -0.100331 -0.0588871
1918 -0.314587 -0.244919 0.0252812
1919 -0.412037 -0.255632 0.0435796
