1 -0.646235 0.0397274 0.0102966
2 -0.606708 0.0270197 -0.0113153
3 -0.59874 0.0220243 0.0112703
4 -0.613997 0.00283404 -0.00671896
5 -0.535904 0.000769956 -0.00833539
6 -0.522344 -0.0130872 -0.0353842
7 -0.50594 -0.00570271 -0.0108857
8 -0.532745 -0.0266013 -0.0183893
9 -0.554237 -0.0630014 0.0239342
10 -0.545861 -0.0866169 0.0198217
11 -0.521963 -0.0624797 0.0152875
12 -0.527828 -0.0693857 0.0420095
13 -0.583034 0.0147129 -0.0538264
14 -0.593428 0.0461076 -0.0719487
15 -0.603699 0.0149228 -0.0779981
16 -0.614856 0.0328424 -0.0528535
17 -0.61085 -0.0738294 0.0162445
18 -0.601813 -0.0744871 -0.016036
19 -0.619024 -0.0553534 -0.00969418
20 -0.600136 -0.0459134 -0.00936098
21 -0.497896 0.012304 -0.0942627
22 -0.483038 0.00069382 -0.0942745
23 -0.49214 0.00721961 -0.0791415
24 -0.511549 0.00662072 -0.094804
25 -0.5623 -0.126551 0.0786953
26 -0.582923 -0.122748 0.070741
27 -0.567591 -0.0960401 0.0755119
28 -0.555433 -0.102123 0.0591169
29 -0.645804 -0.119515 -0.0628496
30 -0.633407 -0.097017 -0.0437375
31 -0.635539 -0.127993 -0.0401317
32 -0.618481 -0.115751 -0.0706322
33 -0.647134 -0.119927 0.0544001
34 -0.636595 -0.091866 0.0355313
35 -0.621196 -0.109168 0.0255452
36 -0.649909 -0.117764 0.0322309
37 -0.652997 -0.0840251 0.0100185
38 -0.633171 -0.0729438 0.00940312
39 -0.628442 -0.0929146 -0.0132208
40 -0.648601 -0.0835803 -0.0236152
41 -0.57496 -0.0182815 0.0286203
42 -0.545293 -0.0325833 0.0323057
43 -0.570978 -0.0401689 0.0474385
44 -0.572544 -0.0503949 0.0261523
45 -0.605635 -0.154874 -0.0289116
46 -0.586863 -0.148629 0.000271355
47 -0.611116 -0.150317 -0.0113565
48 -0.597912 -0.162537 -0.00303274
49 -0.632199 -0.0608845 -0.0384785
50 -0.644463 -0.0716735 -0.0531785
51 -0.593635 -0.0276491 0.00954299
52 -0.586815 -0.00689054 0.0140285
53 -0.566009 -0.0325372 0.00643375
54 -0.586452 -0.0959356 -0.0368607
55 -0.575186 -0.118376 -0.0133107
56 -0.594969 -0.12907 -0.0353171
57 -0.563679 -0.115601 -0.0326981
58 -0.589832 -0.0151773 -0.0673827
59 -0.579314 -0.0144222 -0.0339924
60 -0.56751 -0.022471 -0.0572199
61 -0.575882 -0.0480323 -0.0762825
62 -0.576256 -0.0744582 -0.0549756
63 -0.599562 -0.0427557 -0.0656858
64 -0.600936 -0.06105 -0.0786393
65 -0.611796 0.00711185 -0.0412368
66 -0.646235 0.0205317 -0.0690172
67 -0.646235 0.0219004 -0.0403006
68 -0.566456 -0.0961673 0.00664498
69 -0.546371 -0.106451 -0.00747169
70 -0.564058 -0.070041 -0.00164089
71 -0.555762 -0.0546706 -0.057121
72 -0.554806 -0.0718942 -0.0751983
73 -0.551041 -0.0338207 -0.0759974
74 -0.532364 -0.0659138 -0.0776111
75 -0.589018 -0.111838 -0.102088
76 -0.580662 -0.136061 -0.101547
77 -0.581761 -0.114273 -0.082575
78 -0.599385 -0.133646 -0.102514
79 -0.504293 -0.029804 -0.0577604
80 -0.521533 0.00439653 -0.0641958
81 -0.519935 -0.0213205 -0.0795996
82 -0.535148 -0.0206024 -0.0560227
83 -0.572888 -0.0106487 -0.079919
84 -0.600224 -0.101642 0.0165501
85 -0.602083 -0.106863 -0.0147253
86 -0.60564 -0.124474 0.00780378
87 -0.618235 -0.115001 -0.00322033
88 -0.613025 -0.041955 0.0257701
89 -0.605837 -0.0398952 0.0589885
90 -0.597906 -0.0271156 0.031826
91 -0.627494 -0.0286571 0.0450355
92 -0.578403 -0.0318423 0.0999025
93 -0.597637 -0.0185309 0.0998959
94 -0.583749 -0.0117989 0.0771314
95 -0.596207 -0.0327726 0.0822601
96 -0.524921 0.0295064 -0.0280866
97 -0.559878 0.0226904 -0.0220691
98 -0.525273 0.0293173 -0.00533163
99 -0.608083 -0.0264479 -0.0291227
100 -0.582253 -0.0403074 -0.0397164
101 -0.61167 -0.022785 -0.0499925
102 -0.646235 0.0495473 -0.0792871
103 -0.521938 -0.0399948 0.0542272
104 -0.546807 -0.0567169 0.0557274
105 -0.599051 -0.0346636 -0.100138
106 -0.617968 -0.00547229 0.0523633
107 -0.606668 0.0110946 0.0768852
108 -0.58347 0.0209064 0.097699
109 -0.606294 0.0365637 0.0976105
110 -0.606284 0.0129466 0.0988975
111 -0.587711 -0.0936407 0.102614
112 -0.57918 -0.136498 0.102672
113 -0.588056 -0.139337 0.0500762
114 -0.598425 -0.162334 0.026696
115 -0.612404 -0.149213 0.0454398
116 -0.590876 -0.139761 0.019206
117 -0.552672 -0.00215616 -0.070966
118 -0.543897 0.0189321 -0.0801884
119 -0.593684 -0.0144108 0.0539626
120 -0.613554 -0.0187743 0.0756777
121 -0.548329 -0.0347346 -0.041076
122 -0.527688 -0.0456598 -0.0695799
123 -0.520427 -0.0492015 -0.0455102
124 -0.60518 -0.127795 0.0682673
125 -0.621713 -0.140593 0.104153
126 -0.602617 -0.157876 0.0779858
127 -0.601858 -0.138637 0.103367
128 -0.600156 -0.118647 0.0368303
129 -0.582742 -0.118236 0.0189122
130 -0.522521 -0.0156473 0.069621
131 -0.517166 0.00181053 0.0973729
132 -0.507057 -0.0225226 0.0982147
133 -0.496984 -0.0118961 0.0728307
134 -0.581399 0.0656281 0.0366688
135 -0.646235 0.1 0.05
136 -0.603109 0.0550376 0.0353234
137 -0.589677 0.070668 0.0686522
138 -0.53537 0.0379568 0.0783965
139 -0.564974 0.0349871 0.0746566
140 -0.54751 0.0470265 0.0961272
141 -0.558467 0.0529696 0.0753592
142 -0.646235 -0.1 -0.025
143 -0.646235 -0.0669446 -0.00878942
144 -0.662062 -0.108053 -0.0100528
145 -0.560088 -0.133673 0.00384933
146 -0.579281 -0.0864399 0.024249
147 -0.6091 -0.0871201 0.000944845
148 -0.586196 -0.0609853 0.00794354
149 -0.58587 -0.0949372 -0.003698
150 -0.575228 0.0154677 -0.0787247
151 -0.620726 -0.00849885 -0.0724292
152 -0.646235 0 -0.1
153 -0.621301 -0.0238818 -0.100351
154 -0.62731 -0.031586 -0.080868
155 -0.508417 0.0192213 -0.0772314
156 -0.620757 -0.100992 0.0624369
157 -0.645448 -0.12073 0.0811448
158 -0.644966 -0.0952559 0.0607025
159 -0.557633 -0.000313486 -0.0397913
160 -0.611909 -0.0780488 -0.0567742
161 -0.635437 -0.0924444 -0.0777877
162 -0.614551 0.00803417 -0.0987417
163 -0.646235 0.0743902 -0.0647839
164 -0.646235 0.075 -0.1
165 -0.599521 0.0598737 -0.0954943
166 -0.617745 -0.143996 0.00936717
167 -0.619841 -0.141799 -0.0217193
168 -0.574558 0.00270936 -0.00349421
169 -0.590989 -0.0150716 -0.0137241
170 -0.591207 -0.0991691 0.0500225
171 -0.572665 -0.11509 0.0482899
172 -0.58197 0.0434209 0.0966204
173 -0.581776 0.06715 0.095981
174 -0.499686 0.0118417 -0.0396679
175 -0.542555 0.0155334 -0.0429777
176 -0.590497 -0.0755251 0.0706292
177 -0.567931 -0.0759976 0.101344
178 -0.601256 -0.0982772 0.0812602
179 -0.607382 -0.0878615 0.0385519
180 -0.646235 0.0487504 -0.0434844
181 -0.646235 0.0260732 -0.0140953
182 -0.61551 -0.00233568 0.0269138
183 -0.646235 0.0139269 0.0173436
184 -0.646235 0.0303691 0.0380635
185 -0.646235 -0.0399062 0.0164898
186 -0.634764 -0.0459915 0.0203449
187 -0.646473 -0.0738905 0.0358404
188 -0.633419 -0.131362 0.0368723
189 -0.587487 0.0167824 0.0565365
190 -0.614692 0.0184504 0.0500389
191 -0.559238 -0.0638973 -0.0296451
192 -0.544567 -0.0893801 -0.0250028
193 -0.540416 -0.0670203 -0.00358321
194 -0.578141 0.000707554 -0.0977827
195 -0.596826 -0.0158797 -0.099179
196 -0.555566 0.0511678 -0.0388542
197 -0.545245 0.0440616 -0.0113309
198 -0.620671 -0.0390776 -0.0574744
199 -0.646235 -0.0262817 -0.0475556
200 -0.634086 -0.0349538 -0.0338743
201 -0.558354 -0.0893345 -0.0501119
202 -0.567639 -0.0903537 -0.0222713
203 -0.614442 -0.0661625 0.102519
204 -0.601206 -0.0580004 0.0825385
205 -0.622409 -0.0766725 0.0822722
206 -0.551316 0.0190005 0.0974405
207 -0.567116 -0.0100641 0.0987525
208 -0.575762 0.0087577 0.0777163
209 -0.548448 -0.00635593 0.0766933
210 -0.554141 -0.0389674 -0.0157467
211 -0.576622 -0.0389782 -0.0128329
212 -0.590713 0.0706944 -0.00856824
213 -0.568536 0.0583902 -0.0168347
214 -0.576503 0.0330627 -0.00117706
215 -0.595729 0.0474644 -0.0214185
216 -0.546303 0.0470744 -0.0941377
217 -0.530339 0.0353301 -0.0809108
218 -0.559257 0.040298 -0.0947866
219 -0.540056 0.0233911 -0.0943699
220 -0.626424 -0.136232 0.0696179
221 -0.58836 0.0136759 -0.0283537
222 -0.611762 0.0383078 -0.0322892
223 -0.575701 -0.151293 -0.0466348
224 -0.594926 -0.13494 -0.0704499
225 -0.570202 -0.120558 -0.0550614
226 -0.49606 -0.0146437 -0.0360313
227 -0.499184 0.0107939 -0.0117336
228 -0.602095 0.0528301 -0.0455083
229 -0.592516 -0.108387 -0.0611753
230 -0.616565 -0.143973 -0.0496803
231 -0.61429 -0.111922 -0.0348296
232 -0.502883 -0.0422666 0.0756865
233 -0.531029 -0.0351658 0.0992548
234 -0.531373 -0.0491603 0.0781237
235 -0.633526 -0.0597972 -0.0766578
236 -0.538154 -0.0327948 0.00646335
237 -0.659783 -0.109647 -0.042472
238 -0.647221 -0.119475 -0.0185782
239 -0.646235 0.075 0.1
240 -0.596412 0.0393667 0.0775039
241 -0.646235 0.0620483 0.00439147
242 -0.609053 0.0336129 0.0311734
243 -0.603712 0.0509467 0.0072267
244 -0.659159 -0.0883012 0.103629
245 -0.651019 -0.0713581 0.0768009
246 -0.643996 -0.0985447 0.103804
247 -0.533036 0.00315184 0.0223619
248 -0.534306 0.0363412 0.037405
249 -0.568626 0.015964 0.0290242
250 -0.536349 0.013601 0.0491012
251 -0.554287 -0.0769957 0.0428667
252 -0.630253 -0.131706 -0.0749412
253 -0.611002 -0.122267 -0.103418
254 -0.603397 -0.121296 -0.0829589
255 -0.571976 0.0362105 0.0481316
256 -0.610637 0.0400826 0.0553262
257 -0.644354 -0.070374 -0.102992
258 -0.637512 -0.0940974 -0.103398
259 -0.616252 -0.0715107 -0.102066
260 -0.620938 -0.0967192 0.103359
261 -0.512115 -0.0395181 0.0292171
262 -0.642275 -0.0740933 0.103143
263 -0.507325 -0.03774 -0.0167627
264 -0.612503 -0.147396 -0.0755692
265 -0.622543 -0.0684817 0.038136
266 -0.633786 -0.0486435 0.0501045
267 -0.515684 0.023922 0.0961971
268 -0.530184 0.0136108 0.0745448
269 -0.553812 0.0149766 0.0632664
270 -0.540184 0.0410451 0.0610738
271 -0.646235 0.0819626 -0.0273138
272 -0.55545 0.0518153 -0.0716114
273 -0.558098 0.0289445 -0.0617556
274 -0.575648 0.0384196 -0.042835
275 -0.566416 -0.0033156 0.0499697
276 -0.646235 0.1 -0.075
277 -0.571146 -0.14051 0.0369762
278 -0.646235 -0.0377395 -0.063314
279 -0.646235 -0.0138787 -0.0726252
280 -0.646235 -5.85977e-05 -0.0473034
281 -0.531602 -0.0590944 -0.0236789
282 -0.53629 -0.0730205 -0.0490919
283 -0.646235 -0.1 0
284 -0.517504 0.0235774 0.0128878
285 -0.54018 0.0404224 0.0119943
286 -0.552 0.0266236 0.00847537
287 -0.584225 -0.0665053 -0.0223474
288 -0.553835 -0.0278 0.0709957
289 -0.646235 0.0742096 -0.0422098
290 -0.646235 -0.0654509 -0.069399
291 -0.652765 -0.082684 -0.0824536
292 -0.567806 0.0252942 -0.0958107
293 -0.567735 0.0383544 -0.0824738
294 -0.646235 0.0493613 0.0554558
295 -0.635825 -0.0664546 0.0634369
296 -0.552854 -0.107641 0.101652
297 -0.646235 0.1 -0.05
298 -0.540481 -0.0105638 0.0460831
299 -0.587018 -0.0864526 -0.0757203
300 -0.505077 0.0150308 0.0342109
301 -0.479472 -0.00547443 0.0309604
302 -0.505593 -0.0124633 0.0391861
303 -0.493661 0.00645043 0.0122596
304 -0.646235 0.00252473 0.0453561
305 -0.646235 -0.0117437 0.024989
306 -0.59904 0.0360617 -0.0965155
307 -0.576239 -0.0333179 -0.0989598
308 -0.532739 -0.0224931 -0.0970174
309 -0.555439 -0.0227834 -0.0973614
310 -0.551871 0.00167935 -0.0959378
311 -0.646235 -0.0296928 0.0483759
312 -0.659705 -0.108591 -0.104259
313 -0.657215 -0.0871752 -0.103629
314 -0.659994 -0.109045 -0.0718546
315 -0.56773 -0.0781898 0.0491064
316 -0.556252 -0.0712442 0.0754366
317 -0.558381 -0.0477833 0.100168
318 -0.577721 -0.0479065 0.0724096
319 -0.646235 0.0208291 0.0702258
320 -0.646235 0.0442966 0.0792631
321 -0.606513 -0.121681 0.103435
322 -0.54094 -0.0790223 0.066778
323 -0.561966 -0.0126544 -0.0154246
324 -0.624724 -0.0225819 0.000866619
325 -0.560018 0.0532822 0.0521225
326 -0.646235 0.05 -0.1
327 -0.592851 -0.0553985 -0.10038
328 -0.571459 -0.0843885 -0.0824015
329 -0.593292 0.00307184 0.0356817
330 -0.54711 -0.0789483 0.100804
331 -0.595833 -0.12682 -0.00983449
332 -0.65347 -0.0916655 -0.056359
333 -0.646235 0.025 -0.1
334 -0.494688 -0.0171675 -0.0773829
335 -0.494668 0.00703141 0.0513804
336 -0.646235 0.0652799 -0.02789
337 -0.646235 0.0687843 -0.0141214
338 -0.589385 -0.0514525 0.100994
339 -0.643605 -0.122588 0.00852863
340 -0.632615 -0.131122 -0.0118333
341 -0.517036 0.0230888 0.0620224
342 -0.492626 0.00582331 0.07307
343 -0.622462 -0.00408308 0.10004
344 -0.646235 -0.0112864 0.0731389
345 -0.52437 -0.0462031 -0.0035792
346 -0.519478 -0.0221331 0.00921222
347 -0.497201 -0.0540007 0.00630463
348 -0.596089 -0.0654491 -0.0467419
349 -0.567333 -0.0671476 -0.0996847
350 -0.554383 -0.0470546 -0.0985097
351 -0.61291 -0.0616914 0.0567207
352 -0.646235 0.1 -0.1
353 -0.646235 -0.0494793 -0.0489394
354 -0.585072 0.0687041 -0.0575624
355 -0.635492 -0.0986308 0.0110069
356 -0.514886 -0.0491999 -0.0974425
357 -0.494858 -0.0537647 -0.0711454
358 -0.555566 -0.111364 0.0299777
359 -0.646235 0.0518641 -0.0141252
360 -0.646235 0.0819828 -0.0068001
361 -0.576634 -0.150797 -0.0205505
362 -0.646235 0.0708547 0.072385
363 -0.646235 0.05 0.1
364 -0.646235 -0.0350529 -0.00977574
365 -0.646235 -0.1 -0.05
366 -0.646235 -0.0717761 -0.0383868
367 -0.536405 -0.0940628 -0.0720993
368 -0.646235 -0.0821871 0.0475877
369 -0.664833 -0.10626 0.0423017
370 -0.646235 -0.0740063 0.0209203
371 -0.628914 -0.0451543 0.0747414
372 -0.646235 -0.0566634 0.0437855
373 -0.556887 -0.00476147 0.0154935
374 -0.646235 -0.00715476 -0.00234005
375 -0.646235 -0.075 -0.1
376 -0.646235 -0.1 -0.075
377 -0.494996 -0.0489121 -0.0408246
378 -0.565362 -0.102387 -0.0691727
379 -0.636155 -0.0489606 0.102362
380 -0.668966 -0.101941 -0.0600701
381 -0.646235 -0.05 -0.1
382 -0.632087 -0.048112 -0.101962
383 -0.646235 -0.0376116 -0.0808832
384 -0.646235 -0.1 0.075
385 -0.646235 -0.0647591 0.0714345
386 -0.563514 0.057494 -0.0941796
387 -0.583999 0.0683095 -0.0800574
388 -0.612938 -0.10118 -0.102827
389 -0.567145 0.0577034 0.00820469
390 -0.577983 0.0430492 0.0210338
391 -0.632883 -0.130605 0.0892835
392 -0.646235 -0.0384815 0.0755242
393 -0.646235 -0.025 0.1
394 -0.611709 -0.0811871 -0.0296348
395 -0.592482 -0.0608095 0.0413613
396 -0.584858 -0.14843 0.0808538
397 -0.611452 -0.0470892 -0.101049
398 -0.496221 0.00977788 -0.0616379
399 -0.48563 -0.0200781 -0.0533745
400 -0.538599 -0.0424576 -0.0977932
401 -0.537177 -0.0672104 -0.098565
402 -0.646235 -0.0482393 0.0598669
403 -0.646235 -0.0173233 -0.026685
404 -0.568989 -0.137945 -0.0786044
405 -0.565981 -0.116384 -0.100711
406 -0.663335 -0.107103 0.0679025
407 -0.646235 -0.0449504 -0.0292565
408 -0.55661 0.0513531 0.0293536
409 -0.526448 0.0321224 -0.0563938
410 -0.646235 -0.025 -0.1
411 -0.622423 -0.0307114 0.100962
412 -0.662599 -0.107445 0.104139
413 -0.640895 -0.12339 0.104329
414 -0.641017 -0.0595808 -0.0094879
415 -0.605131 -0.154826 -0.0527513
416 -0.646235 0.025 0.1
417 -0.506201 -0.0194242 -0.0958257
418 -0.491686 -0.0439266 -0.0963618
419 -0.606728 -0.0519562 -0.0358119
420 -0.638538 -0.124029 -0.103977
421 -0.646464 -0.118648 -0.0837362
422 -0.646235 0.1 0.075
423 -0.609761 -0.0911166 -0.0836086
424 -0.646235 0.054683 0.0291586
425 -0.646235 0.00591289 -0.0261435
426 -0.599076 -0.158783 -0.102433
427 -0.593913 0.0720804 0.0159682
428 -0.646235 0.0709588 0.0457403
429 -0.663718 -0.107183 0.0174504
430 -0.646235 0.0778512 0.0206915
431 -0.62899 -0.00785622 -0.0309517
432 -0.589017 0.0698489 -0.0334011
433 -0.646235 0.1 0
434 -0.536518 -0.10846 0.0756817
435 -0.646235 0 0.1
436 -0.513555 -0.0651373 0.0707387
437 -0.530137 -0.00111807 -0.0950786
438 -0.619202 -0.140876 -0.103735
439 -0.646235 -0.1 0.05
440 -0.490249 -0.0270557 0.0131367
441 -0.578153 0.0478131 -0.0952208
442 -0.580726 0.0673774 -0.0942695
443 -0.512982 0.0234514 -0.0942581
444 -0.535384 -0.00819618 0.097196
445 -0.548715 -0.0963261 -0.0998588
446 -0.646235 -0.05 0.1
447 -0.601123 -0.158701 0.103435
448 -0.472159 -0.0115631 -0.00114885
449 -0.572246 -0.0941708 -0.100691
450 -0.595319 -0.165141 0.0522495
451 -0.646235 -0.1 0.025
452 -0.596092 -0.162857 -0.0681816
453 -0.590362 -0.0828004 -0.101566
454 -0.491988 -0.0328351 0.0543091
455 -0.478354 -0.00620768 0.0558593
456 -0.476552 -0.00744897 -0.0297246
457 -0.481948 -0.00243162 -0.0495792
458 -0.513742 -0.0657279 -0.0150202
459 -0.484275 6.88566e-05 0.0971717
460 -0.527623 -0.0657529 0.10017
461 -0.499128 -0.0570035 0.0996222
462 -0.542043 -0.110627 -0.0448379
463 -0.646235 -0.1 -0.1
464 -0.474446 -0.00782983 -0.0704523
465 -0.646235 0.1 -0.025
466 -0.646235 -0.075 0.1
467 -0.646235 -0.1 0.1
468 -0.646235 0.1 0.1
469 -0.529797 0.0354202 -0.0939498
470 -0.523023 -0.0922965 -0.021094
471 -0.532338 -0.121996 -0.0231781
472 -0.537544 -0.138668 -0.00103409
473 -0.527731 -0.161786 -0.0195534
474 -0.51321 -0.13721 -0.0177734
475 -0.396439 -0.120564 -0.076066
476 -0.380171 -0.102168 -0.0953551
477 -0.408311 -0.0936565 -0.0959426
478 -0.383937 -0.0981157 -0.080207
479 -0.547426 -0.174141 0.0707392
480 -0.55116 -0.170251 0.0334142
481 -0.560872 -0.14622 0.0515775
482 -0.531517 -0.156951 0.0509932
483 -0.46818 -0.0515043 0.0113752
484 -0.432547 -0.0489197 0.0322503
485 -0.445342 -0.0720976 0.0162529
486 -0.454528 -0.0275844 0.0187635
487 -0.472718 -0.0998716 -0.0209351
488 -0.470009 -0.0869318 0.0135085
489 -0.458097 -0.115774 -0.00142993
490 -0.456687 -0.0815744 -0.0100624
491 -0.50586 -0.170378 -0.077497
492 -0.542488 -0.169263 -0.078686
493 -0.520604 -0.139508 -0.0783713
494 -0.52024 -0.154227 -0.0995754
495 -0.499243 -0.139787 -0.0637241
496 -0.495214 -0.118477 -0.0982595
497 -0.498559 -0.10995 -0.0735314
498 -0.477497 -0.129354 -0.0780223
499 -0.555512 -0.167836 0.000996335
500 -0.530773 -0.163256 0.0147943
501 -0.481364 -0.084417 0.0511042
502 -0.4952 -0.111216 0.0494791
503 -0.466404 -0.107656 0.0669854
504 -0.482587 -0.115297 0.0771253
505 -0.51575 -0.100827 -0.0476518
506 -0.517863 -0.118427 -0.0626508
507 -0.524144 -0.135568 -0.0445774
508 -0.498438 -0.146402 -0.0988983
509 -0.441422 -0.0972137 0.001405
510 -0.435794 -0.14778 -0.052017
511 -0.453208 -0.165433 -0.076093
512 -0.451155 -0.176985 -0.0483965
513 -0.461876 -0.156069 -0.0427312
514 -0.513135 -0.110531 0.0746908
515 -0.496096 -0.0871383 0.0742853
516 -0.52612 -0.156152 0.101777
517 -0.546445 -0.13988 0.102051
518 -0.538777 -0.143363 0.0783876
519 -0.543892 -0.160745 0.102398
520 -0.454933 -0.0273251 0.0512439
521 -0.476719 -0.0346498 0.0364648
522 -0.473923 -0.0656746 -0.0503843
523 -0.484541 -0.0676519 -0.0184785
524 -0.463975 -0.0739021 -0.0303905
525 -0.550046 -0.145545 -0.0584396
526 -0.527427 -0.160031 -0.0551793
527 -0.549827 -0.147766 -0.0832409
528 -0.568087 -0.163969 -0.0742114
529 -0.521374 -0.0968939 -0.0986297
530 -0.535689 -0.110288 -0.0993863
531 -0.458343 -0.143839 0.00122246
532 -0.439893 -0.138097 -0.0216589
533 -0.426583 -0.126449 -0.00125045
534 -0.429576 -0.147279 0.0115186
535 -0.440505 -0.0900836 -0.0298214
536 -0.449563 -0.118301 -0.0474891
537 -0.424043 -0.119902 -0.0370607
538 -0.441663 -0.108902 -0.0209646
539 -0.404426 -0.109685 0.0100622
540 -0.420748 -0.0974393 -0.00450462
541 -0.425164 -0.118427 0.0215774
542 -0.480697 -0.114642 0.00541764
543 -0.471497 -0.112288 0.0320487
544 -0.449289 -0.106843 0.0182583
545 -0.469347 -0.141471 -0.0581387
546 -0.471198 -0.125286 -0.0274632
547 -0.486 -0.117828 -0.0535029
548 -0.4908 -0.144076 -0.0359573
549 -0.499656 -0.222094 -0.0137989
550 -0.522902 -0.241488 -0.0281516
551 -0.516948 -0.20613 -0.00752182
552 -0.514653 -0.219346 -0.0414958
553 -0.48483 -0.212448 -0.0416955
554 -0.467561 -0.187743 -0.0302355
555 -0.500775 -0.196872 -0.0304652
556 -0.483524 -0.200844 -0.0112351
557 -0.498965 -0.176481 0.0259436
558 -0.506476 -0.149041 0.0373403
559 -0.516347 -0.177343 0.00861936
560 -0.522208 -0.127456 -0.0993245
561 -0.539229 -0.147733 -0.100211
562 -0.470653 -0.187819 0.0127912
563 -0.446924 -0.164755 0.0280195
564 -0.451322 -0.172761 0.00187429
565 -0.476814 -0.161615 0.0201494
566 -0.473222 -0.106111 -0.0692212
567 -0.454227 -0.113492 -0.0760249
568 -0.445091 -0.0917773 -0.0633139
569 -0.461992 -0.0950797 -0.0476376
570 -0.456775 -0.0249135 0.09783
571 -0.469692 -0.0135127 0.0754113
572 -0.477969 -0.0373641 0.0985426
573 -0.505673 -0.202996 -0.0550352
574 -0.48946 -0.189154 -0.0512747
575 -0.427691 -0.158275 -0.00574958
576 -0.435648 -0.0753926 -0.0113975
577 -0.406903 -0.0748962 0.0183357
578 -0.432544 -0.0486478 0.000722777
579 -0.505848 -0.112834 0.0207883
580 -0.509013 -0.1426 0.00845793
581 -0.484955 -0.134113 0.0272162
582 -0.425683 -0.09011 0.0236829
583 -0.441391 -0.119461 0.0438905
584 -0.449929 -0.0921509 0.0427946
585 -0.554099 -0.131347 -0.0302621
586 -0.523298 -0.127018 0.101357
587 -0.546953 -0.153561 -0.0282897
588 -0.485176 -0.138681 -0.0069425
589 -0.498012 -0.162367 -0.00865935
590 -0.464579 -0.158008 -0.0218013
591 -0.476351 -0.173808 -0.00807859
592 -0.454786 -0.202778 -0.00896454
593 -0.545199 -0.126196 0.0518952
594 -0.530903 -0.115335 0.0209201
595 -0.534087 -0.100987 0.0479732
596 -0.495755 -0.079739 0.028666
597 -0.504396 -0.0639182 0.0480392
598 -0.516538 -0.0912927 0.0305859
599 -0.560281 -0.140417 -0.100783
600 -0.574936 -0.155641 -0.101421
601 -0.482338 -0.130977 0.0546446
602 -0.481424 -0.16592 -0.09852
603 -0.454797 -0.167498 -0.0979427
604 -0.467172 -0.139753 -0.0979639
605 -0.47613 -0.156454 -0.0793629
606 -0.522713 -0.162285 0.0815186
607 -0.495814 -0.189181 0.00117334
608 -0.513955 -0.195366 -0.0996207
609 -0.529383 -0.190006 -0.0652212
610 -0.534248 -0.178499 -0.100113
611 -0.540559 -0.21964 -0.100468
612 -0.560504 -0.198043 -0.100982
613 -0.546701 -0.213782 -0.0734089
614 -0.438734 -0.112349 0.100295
615 -0.46721 -0.116728 0.100465
616 -0.458286 -0.0935602 0.100009
617 -0.45832 -0.126408 0.0816599
618 -0.491817 -0.209112 0.0162734
619 -0.501509 -0.120055 -0.0334032
620 -0.425531 -0.0834395 -0.0719807
621 -0.430771 -0.0789288 -0.0960276
622 -0.42966 -0.100557 -0.0964968
623 -0.474669 -0.0386867 -0.0728987
624 -0.453298 -0.0690995 0.0699497
625 -0.540815 -0.190398 0.0216068
626 -0.513891 -0.202647 0.0285737
627 -0.527008 -0.180892 0.0406161
628 -0.440049 -0.10563 0.0740415
629 -0.513058 -0.0773648 -0.0734858
630 -0.506476 -0.0740485 -0.042073
631 -0.486316 -0.0958689 -0.0430213
632 -0.415828 -0.0921524 -0.0288778
633 -0.417482 -0.0961355 -0.0501962
634 -0.397316 -0.112914 -0.0456597
635 -0.482487 -0.17304 0.0714666
636 -0.484785 -0.159242 0.0483576
637 -0.46745 -0.15066 0.0754227
638 -0.459792 -0.167603 0.0533596
639 -0.489141 -0.0842452 -0.0647576
640 -0.415023 -0.103947 0.0460148
641 -0.399341 -0.130914 0.0225849
642 -0.38473 -0.0988013 0.0311739
643 -0.395353 -0.132671 0.0506492
644 -0.425536 -0.116519 -0.0675486
645 -0.396669 -0.0853243 0.0729784
646 -0.39789 -0.0845527 0.0457078
647 -0.421995 -0.0860265 0.0689125
648 -0.53238 -0.187915 -0.0326613
649 -0.510346 -0.180553 -0.0464762
650 -0.565165 -0.195614 0.0543333
651 -0.580812 -0.179042 0.0417341
652 -0.565285 -0.195556 0.0276556
653 -0.459055 -0.140609 0.0468235
654 -0.46446 -0.0567006 -0.0961699
655 -0.448083 -0.0594512 -0.0672118
656 -0.464745 -0.0776063 -0.07682
657 -0.554852 -0.205637 -0.0484568
658 -0.569386 -0.189208 -0.0708175
659 -0.555287 -0.177723 -0.0479819
660 -0.558389 -0.201224 -0.0737308
661 -0.503132 -0.112424 -0.00969297
662 -0.518227 -0.102799 -0.0812271
663 -0.54263 -0.124308 -0.0769521
664 -0.545379 -0.123154 -0.100141
665 -0.560521 -0.157329 0.102484
666 -0.566999 -0.154982 0.0767849
667 -0.435878 -0.172613 -0.0274595
668 -0.507116 -0.155754 -0.0361717
669 -0.557047 -0.165905 -0.100903
670 -0.589844 -0.169503 -0.0409495
671 -0.59069 -0.169348 -0.0215428
672 -0.582452 -0.177379 -0.0259775
673 -0.382801 -0.100769 0.0562734
674 -0.411899 -0.11842 -0.0963798
675 -0.404545 -0.102168 -0.0708086
676 -0.506787 -0.181351 -0.0188025
677 -0.513639 -0.0896043 0.0557437
678 -0.530295 -0.232045 -0.0704373
679 -0.525438 -0.238327 -0.0499552
680 -0.499842 -0.228691 -0.0690065
681 -0.579571 -0.179963 0.0708644
682 -0.501931 -0.194981 -0.074682
683 -0.461411 -0.18085 0.081348
684 -0.485067 -0.200571 0.101735
685 -0.480359 -0.17514 0.101484
686 -0.47551 -0.206661 0.0775625
687 -0.484246 -0.0576119 0.058523
688 -0.482014 -0.0742082 0.0807354
689 -0.464746 -0.062857 0.0366207
690 -0.433538 -0.0713227 0.0447888
691 -0.535866 -0.137049 0.0313998
692 -0.452103 -0.0613046 -0.0356789
693 -0.457936 -0.0534605 -0.0121869
694 -0.437016 -0.0732872 -0.0451407
695 -0.420596 -0.124375 0.0708459
696 -0.394923 -0.114083 0.0738122
697 -0.415074 -0.0970493 0.0999451
698 -0.451806 -0.132441 0.0208136
699 -0.470448 -0.0395135 0.0740269
700 -0.520605 -0.211232 -0.0747387
701 -0.514801 -0.120168 0.0476552
702 -0.498569 -0.142507 0.071632
703 -0.521759 -0.138102 0.0631019
704 -0.429854 -0.0506745 0.0987402
705 -0.43317 -0.0480034 0.0686211
706 -0.454439 -0.0513211 0.0986702
707 -0.449913 -0.0320033 0.0781517
708 -0.426965 -0.053877 -0.0291674
709 -0.485354 -0.0549636 0.0341247
710 -0.452741 -0.136959 0.100921
711 -0.460214 -0.0472525 0.0535929
712 -0.52334 -0.116328 -0.00232031
713 -0.409128 -0.122728 0.100409
714 -0.430166 -0.143824 0.100817
715 -0.531356 -0.232237 0.0757457
716 -0.533044 -0.230467 0.0430555
717 -0.529626 -0.203021 0.0552262
718 -0.504437 -0.217111 0.0686595
719 -0.406874 -0.121686 -0.0210454
720 -0.476529 -0.0404648 -0.0311787
721 -0.478345 -0.032404 -0.00881812
722 -0.455119 -0.189507 0.0322557
723 -0.502843 -0.184112 0.0806719
724 -0.507425 -0.166499 0.0572079
725 -0.510635 -0.228468 0.0148783
726 -0.484852 -0.172711 -0.034131
727 -0.468341 -0.0673103 0.0991817
728 -0.437807 -0.0782171 0.0994601
729 -0.422565 -0.145617 0.0401694
730 -0.496008 -0.115481 0.10066
731 -0.523865 -0.0830302 0.0760147
732 -0.443169 -0.119084 -0.0972223
733 -0.447895 -0.14166 -0.0764015
734 -0.57092 -0.188671 0.0888189
735 -0.498805 -0.0938157 -0.0223513
736 -0.403246 -0.139538 -0.0516677
737 -0.55908 -0.175603 -0.0232467
738 -0.433753 -0.156267 0.051923
739 -0.389181 -0.126102 -0.00440359
740 -0.452962 -0.0291203 -0.00142085
741 -0.501243 -0.2174 0.101873
742 -0.507918 -0.183893 0.101728
743 -0.521245 -0.20678 0.0809727
744 -0.500667 -0.151829 0.101339
745 -0.451563 -0.0303352 -0.0233265
746 -0.55794 -0.202733 -0.0246759
747 -0.572376 -0.187965 -0.0341737
748 -0.580247 -0.17954 -0.0110394
749 -0.506303 -0.171596 -0.0993115
750 -0.543732 -0.218262 -0.0180528
751 -0.538454 -0.188222 -0.00683793
752 -0.525185 -0.0957779 0.100811
753 -0.58217 -0.176536 -0.0582766
754 -0.470552 -0.0408856 -0.0520456
755 -0.429871 -0.173936 -0.0755219
756 -0.430034 -0.148863 -0.097236
757 -0.419861 -0.141621 -0.0758893
758 -0.442375 -0.13806 0.0692887
759 -0.439209 -0.165621 0.0785111
760 -0.413628 -0.151394 -0.028323
761 -0.480082 -0.0282016 -0.0954905
762 -0.500202 -0.0865509 0.000962117
763 -0.479882 -0.21109 -0.0749768
764 -0.416378 -0.0650418 0.0527352
765 -0.433771 -0.0475585 0.051408
766 -0.416192 -0.0646808 0.0785663
767 -0.528311 -0.206219 0.102069
768 -0.522529 -0.241898 0.102147
769 -0.580265 -0.179505 0.0144459
770 -0.564932 -0.156269 0.0196503
771 -0.528549 -0.204697 -0.04404
772 -0.482327 -0.0898011 0.0997885
773 -0.525043 -0.09139 0.00226414
774 -0.46436 -0.194419 0.0585815
775 -0.475214 -0.145178 0.101079
776 -0.563894 -0.196946 -0.00305297
777 -0.54685 -0.215249 0.0159385
778 -0.522346 -0.181458 0.0647872
779 -0.537091 -0.19164 0.0825345
780 -0.500044 -0.19259 0.0549674
781 -0.462408 -0.0192811 -0.048683
782 -0.40558 -0.0755188 0.099521
783 -0.526471 -0.237691 0.0064841
784 -0.516889 -0.249116 0.0320877
785 -0.507951 -0.224128 0.0447958
786 -0.439766 -0.0413311 -0.0485086
787 -0.448489 -0.0317141 -0.0707655
788 -0.505692 -0.0842086 0.100235
789 -0.416332 -0.151829 0.0755147
790 -0.475308 -0.178738 -0.0650947
791 -0.454068 -0.196798 -0.0766239
792 -0.490132 -0.18939 -0.0989735
793 -0.38504 -0.097873 -0.0368654
794 -0.379194 -0.103976 -0.0601365
795 -0.392145 -0.0895644 -0.0528162
796 -0.536906 -0.225231 -0.0472482
797 -0.551611 -0.210147 0.0411204
798 -0.491109 -0.1621 -0.0536267
799 -0.57925 -0.178098 -0.101807
800 -0.427803 -0.0508882 -0.0953805
801 -0.385879 -0.0976335 0.00771834
802 -0.395241 -0.0871025 -0.0131773
803 -0.480534 -0.188598 0.0372724
804 -0.513539 -0.252405 -0.0569959
805 -0.422592 -0.0578462 -0.0472761
806 -0.452587 -0.165427 0.101183
807 -0.491576 -0.0661936 -0.0972013
808 -0.494147 -0.0903485 -0.0977361
809 -0.40641 -0.074703 -0.0417932
810 -0.397016 -0.0836217 -0.0708336
811 -0.375593 -0.108944 -0.0119799
812 -0.499631 -0.217215 -0.0993026
813 -0.54759 -0.21442 0.0660292
814 -0.542345 -0.219692 0.102251
815 -0.5208 -0.242028 -0.0998801
816 -0.413225 -0.0680745 -0.0128081
817 -0.512429 -0.0740346 -0.0979247
818 -0.45177 -0.0926305 -0.0966997
819 -0.469248 -0.183179 -0.0985395
820 -0.403432 -0.076042 -0.0954586
821 -0.562046 -0.198232 0.102707
822 -0.561993 -0.198682 0.080267
823 -0.556662 -0.174652 0.102674
824 -0.420333 -0.0595792 -0.0675931
825 -0.473288 -0.084796 -0.0970657
826 -0.470163 -0.108774 -0.097482
827 -0.462293 -0.198058 0.101524
828 -0.581304 -0.178029 0.10315
829 -0.482507 -0.215012 0.0474938
830 -0.455185 -0.0241806 -0.0947622
831 -0.585222 -0.172911 -0.0799343
832 -0.46251 -0.204804 -0.0479567
833 -0.493691 -0.229409 0.081061
834 -0.369801 -0.115696 0.0153558
835 -0.537029 -0.179554 0.102251
836 -0.375757 -0.109276 0.078385
837 -0.511925 -0.254795 0.0649771
838 -0.391638 -0.0890729 -0.0955205
839 -0.382188 -0.101224 0.0999656
840 -0.450936 -0.190389 -0.0981067
841 -0.471215 -0.20317 -0.0986452
842 -0.348858 -0.13948 0.0500793
843 -0.374604 -0.150166 0.0333423
844 -0.34175 -0.147706 0.0266564
845 -0.355188 -0.16453 0.025135
846 -0.467416 -0.270309 -0.0124146
847 -0.438508 -0.253824 0.000703932
848 -0.460698 -0.24655 -0.0039808
849 -0.45967 -0.278495 0.010541
850 -0.462401 -0.242298 -0.0746489
851 -0.472579 -0.246264 -0.0988065
852 -0.461198 -0.263577 -0.0986072
853 -0.478139 -0.263022 -0.0839031
854 -0.346147 -0.232119 0.0581924
855 -0.369445 -0.24189 0.0394879
856 -0.347657 -0.254555 0.0300136
857 -0.352932 -0.261005 0.0608801
858 -0.49222 -0.276067 -0.0992298
859 -0.47683 -0.274543 -0.0989038
860 -0.483709 -0.260804 -0.0990559
861 -0.454124 -0.255602 0.0492819
862 -0.472527 -0.2672 0.0328219
863 -0.453678 -0.289169 0.0533312
864 -0.480203 -0.260154 0.0554697
865 -0.421395 -0.228914 0.0734913
866 -0.405024 -0.251993 0.0402068
867 -0.391839 -0.22104 0.0500353
868 -0.399147 -0.244896 0.0792541
869 -0.384408 -0.191268 -0.0370058
870 -0.370956 -0.206997 -0.0509031
871 -0.372527 -0.22046 -0.0188206
872 -0.39426 -0.222468 -0.0365028
873 -0.436624 -0.292593 0.101899
874 -0.449331 -0.29238 0.0808766
875 -0.431778 -0.264883 0.0841375
876 -0.420404 -0.289546 0.0860562
877 -0.479029 -0.256698 0.0130229
878 -0.332671 -0.158009 0.00694626
879 -0.322217 -0.170504 -0.010975
880 -0.345063 -0.168769 -0.0202514
881 -0.337308 -0.152524 -0.0148307
882 -0.426779 -0.27135 -0.0513926
883 -0.432865 -0.241857 -0.069102
884 -0.417357 -0.229092 -0.0425543
885 -0.40244 -0.248487 -0.0635657
886 -0.347982 -0.193126 -0.0345831
887 -0.333544 -0.230745 -0.0445502
888 -0.358765 -0.225884 -0.037153
889 -0.333459 -0.201432 -0.0530542
890 -0.474203 -0.227559 0.101755
891 -0.483881 -0.287752 0.101854
892 -0.453044 -0.273974 0.101834
893 -0.464156 -0.311446 0.101953
894 -0.466414 -0.226479 -0.0215248
895 -0.437813 -0.205845 -0.027013
896 -0.491459 -0.237888 0.0558781
897 -0.464512 -0.267666 0.0750035
898 -0.477436 -0.258122 0.101864
899 -0.378013 -0.25935 -0.0974565
900 -0.360076 -0.244323 -0.0830176
901 -0.353516 -0.256846 -0.0972077
902 -0.364692 -0.239947 -0.0971861
903 -0.440217 -0.231387 -0.0163181
904 -0.425316 -0.208986 0.000865228
905 -0.431845 -0.257574 0.0616961
906 -0.502778 -0.265601 0.0315849
907 -0.489828 -0.280799 0.0531559
908 -0.454424 -0.252038 0.0206951
909 -0.402217 -0.232293 -0.0768826
910 -0.383419 -0.231357 -0.0972787
911 -0.383249 -0.250783 -0.077424
912 -0.397872 -0.245265 -0.0975287
913 -0.495045 -0.241268 -0.0386432
914 -0.430993 -0.267196 0.0165072
915 -0.464531 -0.219759 0.0179737
916 -0.490458 -0.239444 0.0291765
917 -0.420192 -0.281368 -0.0980306
918 -0.44491 -0.278596 -0.0984132
919 -0.426709 -0.287337 -0.076699
920 -0.437867 -0.262622 -0.098277
921 -0.439407 -0.186226 0.0546715
922 -0.48407 -0.250444 0.0821798
923 -0.380525 -0.186498 0.0672335
924 -0.394206 -0.211666 0.0811356
925 -0.412721 -0.198452 0.0538363
926 -0.469296 -0.305113 0.0693369
927 -0.485153 -0.286297 0.0757148
928 -0.511791 -0.254981 0.0129134
929 -0.450642 -0.272267 0.0309703
930 -0.438379 -0.241912 0.0383637
931 -0.48531 -0.231188 0.0017009
932 -0.461787 -0.313364 -0.0634012
933 -0.474173 -0.29819 -0.0647127
934 -0.451119 -0.293676 -0.0674459
935 -0.468146 -0.305264 -0.0813304
936 -0.416475 -0.233762 -0.0120485
937 -0.439968 -0.225747 0.00748314
938 -0.362021 -0.183822 -0.0519308
939 -0.361965 -0.162869 -0.0370131
940 -0.343258 -0.17074 -0.0504965
941 -0.382019 -0.221119 0.101708
942 -0.395486 -0.243041 0.101805
943 -0.363348 -0.122291 -0.0366014
944 -0.377512 -0.127872 -0.0561485
945 -0.434631 -0.207769 0.033218
946 -0.453405 -0.218201 0.0523724
947 -0.483 -0.28865 0.00577745
948 -0.498567 -0.270392 0.00327644
949 -0.486528 -0.284285 -0.0175746
950 -0.450991 -0.327291 0.0383084
951 -0.423009 -0.319764 0.0196461
952 -0.458511 -0.318112 0.012973
953 -0.439023 -0.295561 0.0255131
954 -0.369455 -0.252209 -0.0196374
955 -0.38897 -0.24137 0.0054003
956 -0.392337 -0.241085 -0.0196051
957 -0.347474 -0.251465 -0.0199114
958 -0.330864 -0.246348 0.00689568
959 -0.341364 -0.217918 -0.00855522
960 -0.36179 -0.234657 0.00863004
961 -0.357454 -0.148552 -0.0609397
962 -0.34171 -0.146249 -0.0764848
963 -0.364481 -0.154411 -0.0812451
964 -0.353952 -0.131951 -0.0815991
965 -0.404889 -0.191215 -0.0679762
966 -0.429128 -0.196204 -0.0977845
967 -0.400914 -0.179023 -0.0972711
968 -0.375117 -0.150615 0.00811628
969 -0.352761 -0.134805 -0.00337393
970 -0.3957 -0.198438 0.0328892
971 -0.413595 -0.231599 0.0195739
972 -0.379812 -0.22831 0.0250865
973 -0.418469 -0.252299 -0.0979303
974 -0.446319 -0.240484 -0.0983159
975 -0.489 -0.281743 0.0241462
976 -0.368416 -0.191496 -0.0169181
977 -0.347359 -0.182753 0.0121495
978 -0.358857 -0.201635 0.00937809
979 -0.336531 -0.186507 -0.00769749
980 -0.379281 -0.264284 -0.0490826
981 -0.408275 -0.285979 -0.0472721
982 -0.393543 -0.274973 -0.071929
983 -0.438459 -0.191954 0.101437
984 -0.414834 -0.186749 0.0802172
985 -0.427827 -0.170294 0.101153
986 -0.46847 -0.241273 0.0398358
987 -0.466907 -0.235055 0.0716992
988 -0.447405 -0.213205 -0.09821
989 -0.379414 -0.140364 -0.0355987
990 -0.368739 -0.144969 -0.0166857
991 -0.442491 -0.253123 -0.0323317
992 -0.45206 -0.229846 -0.0462595
993 -0.472062 -0.257217 -0.0382469
994 -0.448675 -0.33019 0.0718961
995 -0.425766 -0.320772 0.0501447
996 -0.44395 -0.283124 -0.0104621
997 -0.419954 -0.290555 0.00668386
998 -0.373214 -0.234987 0.0742502
999 -0.365514 -0.208797 0.0516535
1000 -0.385938 -0.295105 -0.0976471
1001 -0.417085 -0.313467 -0.0980138
1002 -0.405307 -0.306211 -0.0698967
1003 -0.336962 -0.153316 0.1012
1004 -0.357016 -0.166009 0.0780436
1005 -0.356037 -0.157884 0.101206
1006 -0.339335 -0.150569 0.0767618
1007 -0.315608 -0.211579 -0.0235674
1008 -0.318282 -0.250219 -0.0191742
1009 -0.40787 -0.273301 0.0688468
1010 -0.423375 -0.271755 0.101864
1011 -0.412846 -0.250475 0.10179
1012 -0.345944 -0.142201 -0.031223
1013 -0.445004 -0.33339 -0.0644749
1014 -0.431567 -0.308704 -0.0520712
1015 -0.434211 -0.317348 -0.0781406
1016 -0.390492 -0.212011 0.00545419
1017 -0.403086 -0.180753 -0.00360275
1018 -0.404549 -0.207659 -0.0158625
1019 -0.488677 -0.281257 -0.0501072
1020 -0.48301 -0.246925 -0.0696779
1021 -0.290443 -0.208143 0.0281318
1022 -0.307569 -0.227511 0.0527452
1023 -0.298668 -0.198614 0.0580759
1024 -0.315835 -0.205807 0.0386772
1025 -0.432528 -0.176807 -0.097644
1026 -0.355262 -0.206022 0.0782836
1027 -0.3412 -0.185646 0.0654279
1028 -0.326513 -0.210501 0.0623629
1029 -0.310667 -0.184532 0.0795284
1030 -0.316611 -0.177673 0.0561434
1031 -0.336757 -0.212265 -0.0764734
1032 -0.313691 -0.223591 -0.0727916
1033 -0.41388 -0.264538 -0.0779871
1034 -0.351696 -0.267424 0.00601956
1035 -0.324795 -0.167616 0.0330614
1036 -0.361859 -0.278135 0.0468174
1037 -0.382656 -0.257518 0.0552117
1038 -0.440147 -0.301798 -0.0309576
1039 -0.412251 -0.318656 -0.0385866
1040 -0.415575 -0.294732 -0.0205955
1041 -0.342612 -0.201525 0.101735
1042 -0.331383 -0.227846 0.0847078
1043 -0.327531 -0.20636 0.0857237
1044 -0.324663 -0.208318 0.0124993
1045 -0.43045 -0.175926 0.0205914
1046 -0.403725 -0.159122 0.101082
1047 -0.389685 -0.165766 0.0805349
1048 -0.338394 -0.192809 0.038892
1049 -0.313986 -0.180425 0.0157337
1050 -0.308375 -0.18702 0.0394799
1051 -0.429833 -0.273397 0.0424833
1052 -0.38918 -0.189387 0.101501
1053 -0.472772 -0.301037 0.0283555
1054 -0.433793 -0.247752 0.101806
1055 -0.413134 -0.221573 0.101657
1056 -0.314102 -0.179856 -0.0322451
1057 -0.330559 -0.160138 -0.0324061
1058 -0.323633 -0.1682 -0.0520319
1059 -0.409655 -0.299917 0.0420261
1060 -0.409247 -0.278419 0.0280135
1061 -0.467871 -0.30645 -0.00734473
1062 -0.513216 -0.253186 -0.00672474
1063 -0.376904 -0.225932 -0.0751153
1064 -0.382054 -0.236323 -0.0488407
1065 -0.373366 -0.148868 0.0621135
1066 -0.366553 -0.119248 0.0451194
1067 -0.443642 -0.19511 0.0129696
1068 -0.394548 -0.159643 -0.0231928
1069 -0.363279 -0.167682 -0.00620013
1070 -0.401975 -0.14757 -0.000542689
1071 -0.433418 -0.201182 -0.055131
1072 -0.427162 -0.214979 -0.0775818
1073 -0.35551 -0.223488 0.101847
1074 -0.363955 -0.196659 0.101495
1075 -0.341988 -0.224171 0.0329123
1076 -0.398317 -0.269021 0.101965
1077 -0.401976 -0.306732 0.0741228
1078 -0.38502 -0.28795 0.0487454
1079 -0.297185 -0.199662 -0.0329547
1080 -0.427854 -0.290286 0.0616684
1081 -0.474712 -0.298092 -0.0321826
1082 -0.443565 -0.221001 0.101684
1083 -0.441136 -0.199387 0.0777794
1084 -0.405748 -0.255024 -0.0361271
1085 -0.346308 -0.140449 -0.0960408
1086 -0.364461 -0.145687 -0.0963367
1087 -0.309364 -0.237309 0.0278585
1088 -0.422599 -0.17926 0.0383101
1089 -0.418054 -0.199744 0.0179542
1090 -0.411514 -0.190178 -0.0356026
1091 -0.379665 -0.177635 0.0158902
1092 -0.404014 -0.166772 0.0211209
1093 -0.411692 -0.167717 0.0607852
1094 -0.396154 -0.167183 0.0474868
1095 -0.417286 -0.167804 -0.0508368
1096 -0.500124 -0.267127 -0.0801121
1097 -0.493135 -0.242587 -0.0992207
1098 -0.303529 -0.192415 -0.0061944
1099 -0.42912 -0.188884 -0.00612336
1100 -0.46344 -0.28745 -0.0986803
1101 -0.46619 -0.281218 -0.0847354
1102 -0.305507 -0.190701 0.101957
1103 -0.310873 -0.207611 0.1021
1104 -0.323991 -0.195404 0.101779
1105 -0.416218 -0.19019 0.101428
1106 -0.290809 -0.207985 0.0833078
1107 -0.425175 -0.269443 -0.01964
1108 -0.430501 -0.315425 0.0785416
1109 -0.472573 -0.226823 -0.0987552
1110 -0.454039 -0.219253 -0.0748645
1111 -0.376277 -0.266838 0.0782139
1112 -0.374713 -0.260472 0.00654328
1113 -0.495559 -0.242287 0.101953
1114 -0.305823 -0.227383 0.00046077
1115 -0.305335 -0.217156 -0.0511432
1116 -0.372696 -0.158802 -0.0593827
1117 -0.453683 -0.280621 -0.0428324
1118 -0.44234 -0.264504 -0.0748431
1119 -0.460473 -0.265463 -0.0638778
1120 -0.38208 -0.136021 0.100865
1121 -0.356596 -0.12938 -0.0618145
1122 -0.376161 -0.140014 -0.0770525
1123 -0.368215 -0.11579 -0.0791993
1124 -0.394951 -0.145662 0.077634
1125 -0.36973 -0.140518 0.0846341
1126 -0.338988 -0.184569 -0.0649872
1127 -0.307098 -0.187619 -0.0582795
1128 -0.319584 -0.17261 -0.0724255
1129 -0.434426 -0.31235 0.101962
1130 -0.377392 -0.159597 0.101171
1131 -0.380978 -0.182107 0.0417853
1132 -0.330875 -0.159136 -0.0667131
1133 -0.328719 -0.161425 -0.0815956
1134 -0.351343 -0.169961 -0.0749701
1135 -0.370308 -0.114827 0.0640524
1136 -0.399593 -0.212977 -0.0622774
1137 -0.385764 -0.207839 -0.0972939
1138 -0.377912 -0.185848 -0.0721686
1139 -0.482815 -0.287617 -0.0810448
1140 -0.504085 -0.263631 -0.0254689
1141 -0.355997 -0.131326 0.025905
1142 -0.396084 -0.159894 -0.0760392
1143 -0.328395 -0.220881 0.102052
1144 -0.308209 -0.234504 0.0785098
1145 -0.442961 -0.335371 -0.0983155
1146 -0.441986 -0.301069 -0.0983531
1147 -0.455949 -0.320032 -0.0815149
1148 -0.42796 -0.206535 0.101569
1149 -0.377881 -0.295585 -0.0535322
1150 -0.355485 -0.173482 0.0456894
1151 -0.332672 -0.158377 0.0522004
1152 -0.413219 -0.220371 -0.097698
1153 -0.471169 -0.302091 -0.0493687
1154 -0.366375 -0.175311 0.101392
1155 -0.406528 -0.26257 0.00142548
1156 -0.394141 -0.285254 0.00341909
1157 -0.367968 -0.202954 0.0295481
1158 -0.342493 -0.232715 -0.0969508
1159 -0.354303 -0.225884 -0.070578
1160 -0.348523 -0.206759 -0.0966484
1161 -0.411047 -0.298921 0.102019
1162 -0.40211 -0.145376 -0.096843
1163 -0.388717 -0.27791 -0.0237801
1164 -0.352729 -0.242183 0.0810946
1165 -0.333116 -0.251372 0.0742173
1166 -0.444779 -0.24494 0.0754481
1167 -0.357202 -0.127796 -0.0959206
1168 -0.42108 -0.223569 0.0450571
1169 -0.324821 -0.16771 0.0703077
1170 -0.339802 -0.178667 0.0879486
1171 -0.441405 -0.218902 0.0691611
1172 -0.357044 -0.250913 -0.0596882
1173 -0.334734 -0.248344 -0.0754799
1174 -0.456398 -0.246816 0.101753
1175 -0.371958 -0.255167 0.101996
1176 -0.382868 -0.131292 -0.0963487
1177 -0.39126 -0.168562 -0.0479369
1178 -0.347719 -0.140642 0.101076
1179 -0.357958 -0.128957 0.0744311
1180 -0.358566 -0.200053 -0.0767398
1181 -0.343738 -0.179962 -0.0965465
1182 -0.399689 -0.266416 -0.0977353
1183 -0.41617 -0.325734 -0.0137099
1184 -0.411036 -0.307234 0.00105278
1185 -0.438809 -0.308364 -0.00237239
1186 -0.396222 -0.302184 0.0200113
1187 -0.502039 -0.264416 -0.0994598
1188 -0.49568 -0.273899 0.0793956
1189 -0.503672 -0.264393 0.10202
1190 -0.413932 -0.331369 -0.0700785
1191 -0.486918 -0.251818 -0.0117072
1192 -0.472921 -0.227751 -0.0555034
1193 -0.391445 -0.287227 0.0808268
1194 -0.380225 -0.267137 0.0246051
1195 -0.326556 -0.235864 0.0614285
1196 -0.45852 -0.317597 -0.0381951
1197 -0.351106 -0.157059 -0.0963617
1198 -0.316085 -0.198364 -0.0759816
1199 -0.438063 -0.342095 -0.0314917
1200 -0.444561 -0.335169 0.101956
1201 -0.45745 -0.319695 0.0857128
1202 -0.462864 -0.311464 -0.0986842
1203 -0.351368 -0.135686 -0.0457737
1204 -0.343421 -0.178542 0.101354
1205 -0.315996 -0.178365 0.101636
1206 -0.32523 -0.167373 0.085865
1207 -0.314375 -0.178548 -0.0961793
1208 -0.323324 -0.20677 -0.0966427
1209 -0.361344 -0.263189 -0.0780263
1210 -0.325936 -0.250443 0.0496009
1211 -0.365482 -0.218277 -0.0969615
1212 -0.361196 -0.283391 -0.0706851
1213 -0.452559 -0.32499 -0.0158655
1214 -0.340037 -0.148713 -0.0523467
1215 -0.443814 -0.335579 0.00278808
1216 -0.30376 -0.190971 -0.0963293
1217 -0.30867 -0.185433 -0.0803689
1218 -0.455788 -0.321259 -0.00170644
1219 -0.383528 -0.152912 -0.0966988
1220 -0.364624 -0.144073 0.101
1221 -0.342997 -0.248885 0.102176
1222 -0.335523 -0.153045 -0.0961768
1223 -0.295094 -0.202999 0.102208
1224 -0.380744 -0.292423 0.10216
1225 -0.390408 -0.313209 -0.0352413
1226 -0.368121 -0.192732 -0.0968701
1227 -0.36787 -0.16751 -0.0966589
1228 -0.355575 -0.251875 -0.0418772
1229 -0.297442 -0.198736 -0.0777057
1230 -0.300936 -0.213959 -0.0965344
1231 -0.333117 -0.256773 -0.0446142
1232 -0.472616 -0.299592 -0.0988291
1233 -0.482408 -0.287782 -0.0990109
1234 -0.285403 -0.213796 -0.00767676
1235 -0.365408 -0.284476 -0.00706936
1236 -0.354869 -0.275467 -0.0372889
1237 -0.370719 -0.292075 0.0183743
1238 -0.358671 -0.127979 0.100735
1239 -0.362424 -0.277427 -0.0973745
1240 -0.289577 -0.208339 -0.0558545
1241 -0.418072 -0.330073 0.102049
1242 -0.346169 -0.272763 0.0784896
1243 -0.293341 -0.203309 -0.0963991
1244 -0.308432 -0.238743 -0.0967373
1245 -0.390353 -0.308545 -0.0100475
1246 -0.272785 -0.227673 -0.0963959
1247 -0.270218 -0.261654 -0.0775642
1248 -0.252286 -0.251909 -0.0964042
1249 -0.260678 -0.242358 -0.0700952
1250 -0.349891 -0.279055 0.0176756
1251 -0.28979 -0.304958 0.0394482
1252 -0.283449 -0.323094 0.0614495
1253 -0.3093 -0.311151 0.0564409
1254 -0.300011 -0.333342 0.044843
1255 -0.395794 -0.344242 -0.0221908
1256 -0.396568 -0.341102 -0.0542935
1257 -0.385966 -0.367123 -0.0397012
1258 -0.416177 -0.343332 -0.0426689
1259 -0.314132 -0.388877 -0.00882511
1260 -0.338824 -0.37185 0.00677388
1261 -0.35388 -0.392133 -0.0054741
1262 -0.319579 -0.393427 0.0150659
1263 -0.433794 -0.347961 0.0817665
1264 -0.409132 -0.340434 0.0763598
1265 -0.273381 -0.292087 -0.0967056
1266 -0.267025 -0.314201 -0.0656992
1267 -0.253915 -0.311456 -0.0966299
1268 -0.252928 -0.286703 -0.0776796
1269 -0.345492 -0.327239 -0.0687138
1270 -0.353504 -0.299462 -0.0973303
1271 -0.337893 -0.30077 -0.0740042
1272 -0.339906 -0.320411 -0.097254
1273 -0.290043 -0.250766 0.0534037
1274 -0.313012 -0.260527 0.0648809
1275 -0.30239 -0.264989 0.0363368
1276 -0.308251 -0.259838 0.102505
1277 -0.324618 -0.267598 0.0778863
1278 -0.292399 -0.262171 0.0811467
1279 -0.270401 -0.294005 0.0398388
1280 -0.27737 -0.321059 0.0206353
1281 -0.250838 -0.308618 0.0211654
1282 -0.262522 -0.317535 0.0479382
1283 -0.283616 -0.361557 0.0528891
1284 -0.262417 -0.342808 0.0696774
1285 -0.299108 -0.339699 0.075532
1286 -0.401418 -0.329632 0.0109912
1287 -0.397448 -0.326506 0.0464661
1288 -0.405684 -0.34382 0.0379011
1289 -0.354244 -0.326973 0.0691724
1290 -0.374609 -0.33982 0.0512373
1291 -0.345779 -0.353109 0.0538334
1292 -0.365707 -0.356493 0.078421
1293 -0.278559 -0.326413 0.0861314
1294 -0.382446 -0.407219 -0.0976406
1295 -0.362038 -0.43095 -0.0974721
1296 -0.361585 -0.403205 -0.0974638
1297 -0.37502 -0.416085 -0.0778411
1298 -0.325918 -0.39938 -0.0436525
1299 -0.335619 -0.375624 -0.0316832
1300 -0.340316 -0.411667 -0.0194695
1301 -0.41238 -0.372222 -0.0688043
1302 -0.417041 -0.367074 -0.0368755
1303 -0.340815 -0.296538 0.0558745
1304 -0.367415 -0.295552 0.0732212
1305 -0.272342 -0.279797 -0.0204895
1306 -0.270253 -0.294222 0.00249182
1307 -0.259535 -0.304069 -0.0287242
1308 -0.250907 -0.285032 -0.0218348
1309 -0.300621 -0.376692 0.0247797
1310 -0.305512 -0.380771 0.0509755
1311 -0.303157 -0.358631 0.0543057
1312 -0.320279 -0.369505 0.0397577
1313 -0.379715 -0.335979 -0.00893588
1314 -0.397669 -0.356206 -0.0977825
1315 -0.386098 -0.371772 -0.0745073
1316 -0.397423 -0.347148 -0.078555
1317 -0.354953 -0.359331 -0.0974098
1318 -0.329944 -0.370915 -0.0971974
1319 -0.358881 -0.37002 -0.0795138
1320 -0.347566 -0.387212 -0.0973488
1321 -0.365139 -0.387148 -0.0335419
1322 -0.378939 -0.412094 -0.0208532
1323 -0.391588 -0.397408 -0.0136857
1324 -0.337768 -0.2801 -0.00877162
1325 -0.361271 -0.30238 -0.0262463
1326 -0.330077 -0.302923 -0.0258745
1327 -0.280853 -0.2611 -0.0509476
1328 -0.248365 -0.256912 -0.0574442
1329 -0.382551 -0.33228 0.0796606
1330 -0.361787 -0.315299 0.102315
1331 -0.365151 -0.342455 0.102358
1332 -0.335328 -0.27087 -0.062234
1333 -0.339297 -0.276349 -0.0971798
1334 -0.318053 -0.282254 -0.0783041
1335 -0.384669 -0.359253 0.102289
1336 -0.333725 -0.312236 0.1025
1337 -0.305227 -0.313591 0.102793
1338 -0.326584 -0.32279 0.07697
1339 -0.306409 -0.297411 0.0818638
1340 -0.349495 -0.282773 0.102328
1341 -0.307869 -0.275328 -0.0968605
1342 -0.305689 -0.258248 -0.0725289
1343 -0.329699 -0.255788 -0.0970142
1344 -0.297878 -0.340891 -0.013191
1345 -0.292927 -0.333992 -0.0446122
1346 -0.292916 -0.307158 -0.0190447
1347 -0.272026 -0.326404 -0.0294574
1348 -0.382757 -0.35115 0.0281194
1349 -0.410295 -0.375552 0.015905
1350 -0.404905 -0.350478 0.00477898
1351 -0.376699 -0.372541 0.000906126
1352 -0.35958 -0.37058 0.102495
1353 -0.387958 -0.367854 0.0827692
1354 -0.376082 -0.360336 -0.0628923
1355 -0.368134 -0.333193 -0.0423959
1356 -0.366446 -0.34399 -0.0704499
1357 -0.309617 -0.283693 -0.0199111
1358 -0.311541 -0.299114 -0.0489017
1359 -0.242298 -0.264616 0.0101505
1360 -0.254184 -0.281134 0.0216655
1361 -0.239116 -0.268501 0.0342985
1362 -0.254329 -0.250707 0.0269103
1363 -0.398319 -0.390152 0.0780168
1364 -0.404385 -0.383163 0.102194
1365 -0.379442 -0.383117 0.102366
1366 -0.331834 -0.294714 0.0222391
1367 -0.332167 -0.274444 0.0478728
1368 -0.354478 -0.302052 0.0313758
1369 -0.375126 -0.318264 -0.0712569
1370 -0.377013 -0.349816 -0.0975977
1371 -0.393367 -0.329934 -0.0977462
1372 -0.363587 -0.328267 -0.0974494
1373 -0.320072 -0.285985 0.102553
1374 -0.25637 -0.247713 -0.0419594
1375 -0.267601 -0.274125 0.0743386
1376 -0.296736 -0.281772 0.0543735
1377 -0.283346 -0.297742 0.0720833
1378 -0.283489 -0.249576 0.0224316
1379 -0.294803 -0.276646 0.015074
1380 -0.282328 -0.277226 0.0267429
1381 -0.307402 -0.318409 0.0253962
1382 -0.312123 -0.291651 0.0328683
1383 -0.287904 -0.281474 -0.0309096
1384 -0.274023 -0.260945 -0.0206132
1385 -0.302314 -0.259327 -0.0384928
1386 -0.294034 -0.263591 -0.0140808
1387 -0.33945 -0.299747 0.0839507
1388 -0.312356 -0.35912 0.00677466
1389 -0.308013 -0.326482 0.00498033
1390 -0.291422 -0.341491 0.0152576
1391 -0.242856 -0.26316 -0.0757852
1392 -0.262938 -0.27888 -0.0660101
1393 -0.27266 -0.228437 -0.04882
1394 -0.291034 -0.238042 -0.0654653
1395 -0.281176 -0.246353 -0.0340667
1396 -0.357475 -0.373895 0.024326
1397 -0.381039 -0.38284 0.0337553
1398 -0.361769 -0.359209 0.0325865
1399 -0.382237 -0.311054 0.0587301
1400 -0.292245 -0.318213 -0.0708912
1401 -0.298244 -0.308969 -0.0969178
1402 -0.289079 -0.286262 -0.0731196
1403 -0.302759 -0.230302 0.102375
1404 -0.250586 -0.332039 0.103352
1405 -0.269318 -0.34845 0.103243
1406 -0.247137 -0.32919 0.087372
1407 -0.23501 -0.293865 -0.030938
1408 -0.230376 -0.315699 -0.0375527
1409 -0.211869 -0.299563 -0.0213483
1410 -0.228248 -0.313712 -0.0159979
1411 -0.370306 -0.317687 0.0108726
1412 -0.358209 -0.332649 0.0340244
1413 -0.35492 -0.34448 0.00519629
1414 -0.326249 -0.336568 0.00408113
1415 -0.3373 -0.350592 0.027138
1416 -0.317727 -0.349716 -0.0376021
1417 -0.292357 -0.369865 -0.0232737
1418 -0.345044 -0.332564 -0.0290997
1419 -0.359979 -0.357917 -0.019723
1420 -0.353395 -0.360876 -0.0479147
1421 -0.328251 -0.354035 -0.0183363
1422 -0.404718 -0.351266 0.102128
1423 -0.42453 -0.35913 0.102037
1424 -0.307346 -0.345147 0.0298113
1425 -0.282248 -0.33241 0.0366601
1426 -0.274089 -0.353438 0.0255677
1427 -0.236917 -0.270257 -0.0566791
1428 -0.247181 -0.292286 -0.0498821
1429 -0.233609 -0.27431 -0.035457
1430 -0.244322 -0.261792 -0.0418491
1431 -0.3374 -0.349098 -0.0532164
1432 -0.31393 -0.365356 -0.0529293
1433 -0.335234 -0.375347 -0.0651494
1434 -0.270548 -0.231507 0.0133642
1435 -0.286257 -0.241901 -0.00884671
1436 -0.428277 -0.353452 -0.0564666
1437 -0.267212 -0.270589 0.0473859
1438 -0.260745 -0.243521 0.0696478
1439 -0.320838 -0.306797 0.00194722
1440 -0.340306 -0.320223 0.0130769
1441 -0.345016 -0.390896 0.102637
1442 -0.344415 -0.414341 0.0874134
1443 -0.325737 -0.39805 0.102801
1444 -0.344696 -0.41445 0.102679
1445 -0.256539 -0.301165 0.0751163
1446 -0.238629 -0.322042 0.0639285
1447 -0.226426 -0.311281 0.0817066
1448 -0.362906 -0.319484 -0.0127277
1449 -0.364302 -0.310085 0.047169
1450 -0.343889 -0.415077 -0.0624785
1451 -0.363482 -0.389454 -0.0642817
1452 -0.326034 -0.399707 -0.0738701
1453 -0.362689 -0.430951 -0.0224748
1454 -0.351447 -0.421173 -0.00736012
1455 -0.246738 -0.259211 -0.0183384
1456 -0.227933 -0.28112 -0.010698
1457 -0.256019 -0.276006 -0.00335604
1458 -0.326325 -0.300779 -0.097095
1459 -0.299847 -0.233317 -0.0315853
1460 -0.257192 -0.274308 -0.0965351
1461 -0.248625 -0.331461 -0.023891
1462 -0.247041 -0.330243 -0.0478357
1463 -0.390908 -0.397593 -0.0720744
1464 -0.260374 -0.342083 -0.0673613
1465 -0.262339 -0.34365 -0.0422427
1466 -0.394064 -0.394676 0.00684345
1467 -0.405593 -0.380935 -0.013012
1468 -0.313432 -0.247431 -0.0523122
1469 -0.381875 -0.31827 0.0341756
1470 -0.392333 -0.397067 0.057474
1471 -0.393678 -0.359413 0.0600994
1472 -0.402787 -0.38336 -0.0978347
1473 -0.374599 -0.377895 -0.0975731
1474 -0.285986 -0.281113 -0.0048481
1475 -0.28269 -0.216769 -0.0329409
1476 -0.33634 -0.343927 -0.0972297
1477 -0.347155 -0.350349 -0.0781539
1478 -0.272425 -0.264305 0.00380033
1479 -0.256502 -0.247973 0.00388946
1480 -0.279409 -0.259377 -0.0965914
1481 -0.350289 -0.39766 0.085706
1482 -0.343709 -0.379522 0.0746041
1483 -0.371316 -0.386491 0.0810287
1484 -0.4113 -0.374596 0.0494291
1485 -0.249463 -0.256559 0.0515264
1486 -0.242729 -0.264588 0.077555
1487 -0.232939 -0.27583 0.0565049
1488 -0.324202 -0.32283 -0.0494803
1489 -0.320135 -0.338908 -0.0707549
1490 -0.314597 -0.315144 -0.077708
1491 -0.306876 -0.381492 0.102935
1492 -0.333238 -0.372723 0.102701
1493 -0.325105 -0.397703 0.0802109
1494 -0.346375 -0.30294 -0.0486664
1495 -0.328178 -0.275616 -0.0352516
1496 -0.279553 -0.221138 0.0607272
1497 -0.271931 -0.230268 0.0833525
1498 -0.347184 -0.298211 0.00159336
1499 -0.336653 -0.322174 -0.0124267
1500 -0.310872 -0.385351 0.0710841
1501 -0.323932 -0.396893 0.056281
1502 -0.389964 -0.32722 0.102171
1503 -0.341966 -0.35046 0.0840346
1504 -0.272522 -0.321756 -0.0967674
1505 -0.330866 -0.322348 0.0376534
1506 -0.324131 -0.398206 -0.0971522
1507 -0.305274 -0.381652 -0.0969977
1508 -0.31182 -0.387335 -0.0813681
1509 -0.316621 -0.325702 -0.0225797
1510 -0.259975 -0.272982 -0.0387759
1511 -0.322753 -0.288632 0.0673768
1512 -0.359118 -0.397742 0.054967
1513 -0.368371 -0.370906 0.0543188
1514 -0.244434 -0.300858 -0.00407111
1515 -0.343084 -0.414627 -0.0973058
1516 -0.396254 -0.391668 -0.0399182
1517 -0.234266 -0.319206 -0.0663414
1518 -0.249015 -0.332171 -0.0966275
1519 -0.211677 -0.299531 -0.0463399
1520 -0.2115 -0.299489 -0.0713409
1521 -0.223902 -0.285369 -0.0529806
1522 -0.340315 -0.378927 0.0408756
1523 -0.323245 -0.266495 0.0236011
1524 -0.284406 -0.361957 0.0832962
1525 -0.288075 -0.364984 0.103075
1526 -0.291348 -0.337648 0.10299
1527 -0.268031 -0.292691 0.103066
1528 -0.269276 -0.27294 0.102957
1529 -0.290391 -0.284829 0.102813
1530 -0.362677 -0.398834 0.102515
1531 -0.317467 -0.328049 -0.0970809
1532 -0.292351 -0.338015 -0.0969205
1533 -0.226577 -0.282057 -0.0750017
1534 -0.308363 -0.273903 -0.0506414
1535 -0.322855 -0.341707 0.0557238
1536 -0.317963 -0.364977 0.073309
1537 -0.225442 -0.284399 0.0386008
1538 -0.226929 -0.282517 0.0176665
1539 -0.27884 -0.358344 -0.0768274
1540 -0.2677 -0.348639 -0.0967705
1541 -0.293384 -0.343249 -0.0766653
1542 -0.376029 -0.415187 -0.0502559
1543 -0.261512 -0.342638 0.00121175
1544 -0.2729 -0.324122 -0.00385169
1545 -0.272468 -0.352419 -0.023031
1546 -0.224937 -0.285245 0.0792738
1547 -0.283062 -0.253866 0.102682
1548 -0.267255 -0.23565 0.0420608
1549 -0.357809 -0.399575 0.0189895
1550 -0.362893 -0.430942 0.00254744
1551 -0.381559 -0.409215 -0.0012798
1552 -0.230221 -0.315784 -0.0964947
1553 -0.363287 -0.430863 0.0525766
1554 -0.342232 -0.412853 0.0406314
1555 -0.37852 -0.413116 0.0447347
1556 -0.284343 -0.36301 -0.0502776
1557 -0.394661 -0.394154 0.0330544
1558 -0.319193 -0.363701 -0.0770548
1559 -0.307904 -0.38376 -0.0608168
1560 -0.295582 -0.37305 -0.0771314
1561 -0.244086 -0.296028 0.0508672
1562 -0.344476 -0.352096 0.102553
1563 -0.345175 -0.332804 0.102524
1564 -0.249373 -0.331748 0.0264515
1565 -0.231628 -0.316215 0.0405002
1566 -0.248987 -0.331195 0.0493509
1567 -0.417647 -0.367171 0.0780844
1568 -0.329079 -0.264462 0.10237
1569 -0.341538 -0.38972 -0.0487458
1570 -0.280073 -0.295826 -0.0459904
1571 -0.297447 -0.373505 0.0710726
1572 -0.294108 -0.300019 0.0106735
1573 -0.3461 -0.416817 -0.0399291
1574 -0.362483 -0.430948 -0.0474836
1575 -0.342792 -0.413132 0.065198
1576 -0.42913 -0.353224 0.0256609
1577 -0.212071 -0.299571 0.0036303
1578 -0.2285 -0.313668 0.0202032
1579 -0.243404 -0.29485 -0.096529
1580 -0.318432 -0.345572 0.102762
1581 -0.237994 -0.32203 0.00174419
1582 -0.339674 -0.410882 0.010275
1583 -0.212258 -0.299534 0.0286115
1584 -0.26738 -0.235035 -0.0181765
1585 -0.231822 -0.275769 -0.0964004
1586 -0.430379 -0.350704 -0.0776753
1587 -0.275407 -0.316614 0.103083
1588 -0.252447 -0.306261 0.10326
1589 -0.236553 -0.296063 0.103375
1590 -0.252168 -0.282701 0.103176
1591 -0.263532 -0.344011 0.0450768
1592 -0.318972 -0.278135 0.00513331
1593 -0.432379 -0.349551 0.0569826
1594 -0.253829 -0.251783 0.103012
1595 -0.41534 -0.338482 -0.0979842
1596 -0.321841 -0.395241 0.0330533
1597 -0.423884 -0.359203 -0.00678044
1598 -0.286014 -0.364105 3.1e-05
1599 -0.302233 -0.253734 0.00867367
1600 -0.377806 -0.414145 0.0746537
1601 -0.363478 -0.430815 0.077571
1602 -0.211339 -0.299436 -0.0963409
1603 -0.274433 -0.22746 0.102606
1604 -0.304984 -0.381003 -0.0368842
1605 -0.311295 -0.354957 -0.0970493
1606 -0.322407 -0.244346 0.102283
1607 -0.363094 -0.430915 0.02756
1608 -0.231786 -0.315658 0.103491
1609 -0.362259 -0.43095 -0.07248
1610 -0.23337 -0.275651 0.103327
1611 -0.212465 -0.29949 0.0536106
1612 -0.379179 -0.412141 0.0188789
1613 -0.212911 -0.299319 0.103608
1614 -0.422967 -0.359325 -0.0980318
1615 -0.221794 -0.287992 -0.0333238
1616 -0.286459 -0.365152 -0.0968856
1617 -0.280379 -0.218954 -0.0745141
1618 -0.212673 -0.299403 0.0786075
1619 -0.363662 -0.430779 0.102565
1620 -0.384059 -0.407033 0.102367
1621 -0.223009 -0.296788 -0.0388578
1622 -0.22692 -0.299485 -0.0458057
1623 -0.222975 -0.309373 -0.0563397
1624 -0.284277 -0.27929 0.00993501
1625 -0.271302 -0.279315 0.00313743
1626 -0.27586 -0.286329 0.013767
1627 -0.286325 -0.28287 0.0107537
1628 -0.290132 -0.290454 0.00291497
1629 -0.330032 -0.386122 0.0280763
1630 -0.321058 -0.382358 0.0364033
1631 -0.339832 -0.397424 0.0260198
1632 -0.332389 -0.404491 0.019588
1633 -0.234513 -0.290629 0.0650688
1634 -0.240861 -0.293263 0.077181
1635 -0.238556 -0.28399 0.0912278
1636 -0.232245 -0.292049 0.0944332
1637 -0.22314 -0.287491 0.10347
1638 -0.238049 -0.270121 0.0904411
1639 -0.302496 -0.364924 0.0887311
1640 -0.297137 -0.355859 0.0905656
1641 -0.297123 -0.363057 0.0795174
1642 -0.298007 -0.362183 0.0725733
1643 -0.304987 -0.367169 -0.0406227
1644 -0.29465 -0.371996 -0.0435819
1645 -0.309827 -0.369091 -0.0371623
1646 -0.361113 -0.414253 0.0810321
1647 -0.353142 -0.421975 0.0713827
1648 -0.358303 -0.385813 0.0396369
1649 -0.34295 -0.320054 0.0952533
1650 -0.330164 -0.317606 0.089757
1651 -0.432267 -0.337795 -0.054834
1652 -0.421106 -0.342414 -0.0632781
1653 -0.391428 -0.356411 -0.0643388
1654 -0.385956 -0.354311 -0.0701105
1655 -0.380903 -0.342555 -0.0626799
1656 -0.424359 -0.343036 0.00378717
1657 -0.420028 -0.342476 -0.0102378
1658 -0.345434 -0.261408 -0.052035
1659 -0.356146 -0.260921 -0.0505763
1660 -0.303151 -0.216887 -0.0653701
1661 -0.298177 -0.227609 -0.0582959
1662 -0.36006 -0.384545 -0.0873663
1663 -0.359483 -0.383109 -0.0974476
1664 -0.265542 -0.316303 0.0946943
1665 -0.340923 -0.400689 -0.0341151
1666 -0.352393 -0.399739 -0.0263206
1667 -0.338057 -0.394443 -0.0253209
1668 -0.320022 -0.394113 -0.0262489
1669 -0.331726 -0.404334 -0.0339062
1670 -0.35862 -0.411886 -0.0201111
1671 -0.361434 -0.417878 -0.0122512
1672 -0.364611 -0.400678 -0.0120437
1673 -0.369351 -0.423347 -0.00686801
1674 -0.33122 -0.385726 -0.0558703
1675 -0.321505 -0.3839 0.0632112
1676 -0.320503 -0.383665 0.072114
1677 -0.396467 -0.333984 0.0364669
1678 -0.398605 -0.327409 0.0361412
1679 -0.377479 -0.400182 -0.0837001
1680 -0.34572 -0.401141 -0.0799117
1681 -0.334029 -0.406701 -0.0848676
1682 -0.296364 -0.352772 0.0404976
1683 -0.29332 -0.344899 0.0481362
1684 -0.2828 -0.344231 0.0432307
1685 -0.301892 -0.367675 0.0395419
1686 -0.340807 -0.357466 -0.033121
1687 -0.370353 -0.36245 0.0262432
1688 -0.365721 -0.362754 0.0241761
1689 -0.356202 -0.35919 0.014757
1690 -0.3523 -0.177059 0.0942481
1691 -0.360091 -0.179495 0.0883974
1692 -0.349958 -0.18623 0.0936168
1693 -0.346484 -0.19022 0.0837779
1694 -0.341327 -0.191004 0.0952939
1695 -0.333689 -0.18707 0.101532
1696 -0.327812 -0.178651 0.0947631
1697 -0.333391 -0.172349 0.0927607
1698 -0.326275 -0.166114 0.101355
1699 -0.326816 -0.181317 0.0840471
1700 -0.333733 -0.192325 0.0868609
1701 -0.331887 -0.172845 0.0786347
1702 -0.339516 -0.165646 0.0827691
1703 -0.348603 -0.160619 0.0878166
1704 -0.349115 -0.166729 0.0955717
1705 -0.448413 -0.210786 0.0625962
1706 -0.449541 -0.210582 0.0657702
1707 -0.464671 -0.21282 0.0648725
1708 -0.475064 -0.225067 0.0595671
1709 -0.484755 -0.22433 0.0654133
1710 -0.480682 -0.231984 0.0763447
1711 -0.370003 -0.124901 0.0720519
1712 -0.383718 -0.131801 0.0684796
1713 -0.395228 -0.139041 0.0642328
1714 -0.364821 -0.121201 0.0761277
1715 -0.30255 -0.200625 -0.0964069
1716 -0.307646 -0.207039 -0.0874053
1717 -0.299062 -0.205775 -0.086424
1718 -0.482671 -0.273237 0.0655912
1719 -0.481468 -0.271021 0.07737
1720 -0.384147 -0.162723 -0.0850408
1721 -0.371432 -0.169857 -0.076694
1722 -0.392482 -0.165655 -0.0969518
1723 -0.297573 -0.200031 0.0919461
1724 -0.422885 -0.233456 -0.0877216
1725 -0.425768 -0.227764 -0.097911
1726 -0.438135 -0.212632 0.0500239
1727 -0.469439 -0.287716 0.064509
1728 -0.477378 -0.295538 0.0629855
1729 -0.378989 -0.204253 0.0913846
1730 -0.385521 -0.205617 0.101613
1731 -0.37259 -0.19124 0.0842389
1732 -0.4148 -0.295234 0.0243552
1733 -0.42062 -0.284977 0.027054
1734 -0.486306 -0.251901 -0.0922155
1735 -0.477793 -0.246571 -0.0842469
1736 -0.42987 -0.216364 0.0753162
1737 -0.38185 -0.119644 -0.0363614
1738 -0.388997 -0.112419 -0.0337445
1739 -0.333867 -0.173014 -0.0732842
1740 -0.339979 -0.16391 -0.0703874
1741 -0.372079 -0.251159 0.0230333
1742 -0.360603 -0.25737 0.0188017
1743 -0.356733 -0.251052 0.00731984
1744 -0.360341 -0.260072 -0.00645583
1745 -0.349326 -0.258698 -0.00822475
1746 -0.334351 -0.263191 -0.000931345
1747 -0.377357 -0.243955 0.0163593
1748 -0.486989 -0.226958 -0.087055
1749 -0.485086 -0.222343 -0.0990126
1750 -0.510746 -0.254499 -0.0898313
1751 -0.315165 -0.20091 -0.0429581
1752 -0.591889 -0.167904 0.0905099
1753 -0.583087 -0.162053 0.0910009
1754 -0.579845 -0.157868 0.102903
1755 -0.57328 -0.165225 0.088339
1756 -0.566071 -0.173757 0.0954033
1757 -0.559267 -0.169114 0.0955728
1758 -0.459699 -0.0453719 0.0274229
1759 -0.452745 -0.051698 0.0205574
1760 -0.448746 -0.0516049 0.0174575
1761 -0.432647 -0.0488785 0.0165082
1762 -0.442241 -0.0503403 0.026333
1763 -0.457686 -0.0410813 0.0345193
1764 -0.442748 -0.0591624 0.0606185
1765 -0.43309 -0.0580266 0.0585489
1766 -0.576396 -0.18402 -0.0241149
1767 -0.570518 -0.176648 -0.0246066
1768 -0.578356 -0.162664 -0.0377967
1769 -0.572734 -0.173347 -0.044504
1770 -0.577589 -0.18187 -0.0470477
1771 -0.452027 -0.0436849 0.0708551
1772 -0.585564 -0.159249 -0.0848222
1773 -0.590196 -0.167897 -0.0877061
1774 -0.589186 -0.150962 -0.0831446
1775 -0.481939 -0.0719035 0.0321554
1776 -0.476579 -0.0856764 0.0334072
1777 -0.48525 -0.0944109 0.0300336
1778 -0.427205 -0.0670675 0.0687454
1779 -0.416305 -0.0649019 0.0656499
1780 -0.583375 -0.164141 -0.00531207
1781 -0.589148 -0.170877 0.00574954
1782 -0.591104 -0.169012 -0.00608643
1783 -0.588937 -0.160853 -0.0124311
1784 -0.572849 -0.157072 0.000559925
1785 -0.426876 -0.140541 0.0615251
1786 -0.547289 -0.118959 -0.0274944
1787 -0.549598 -0.123608 -0.0357672
1788 -0.538173 -0.15378 -0.0691664
1789 -0.534768 -0.157358 -0.078488
1790 -0.49467 -0.208927 0.0852181
1791 -0.447829 -0.132729 0.0889046
1792 -0.561105 -0.142028 0.090563
1793 -0.443028 -0.050423 0.0836229
1794 -0.454237 -0.0733975 -0.020856
1795 -0.569482 -0.163447 0.0611646
1796 -0.571194 -0.164334 0.0460612
1797 -0.479722 -0.0605143 -0.0357117
1798 -0.471581 -0.0539933 -0.0310523
1799 -0.402222 -0.107336 -0.0860516
1800 -0.39935 -0.112089 -0.0958012
1801 -0.646092 -0.0424726 -0.0415886
1802 -0.646431 -0.051789 -0.0327774
1803 -0.63692 -0.0464536 -0.0228545
1804 -0.636305 -0.045514 -0.00994938
1805 -0.643266 -0.0413612 -0.0441733
1806 -0.638254 -0.0388834 -0.0606193
1807 -0.644173 -0.0485649 -0.0526562
1808 -0.648659 -0.0555461 -0.0583424
1809 -0.641085 -0.0352922 -0.0725185
1810 -0.646235 0.1 0.0260099
1811 -0.602172 0.0761943 0.0289671
1812 -0.596337 -0.136128 0.00391244
1813 -0.593396 -0.133294 0.00453032
1814 -0.615655 0.0537269 -0.00322981
1815 -0.609488 0.0580585 -0.0138411
1816 -0.606919 0.0696313 -0.00750235
1817 -0.618148 0.0386401 -0.0034111
1818 -0.509973 0.00844315 0.00146963
1819 -0.514799 0.0129395 -0.00769133
1820 -0.532936 0.0175972 -0.0177291
1821 -0.540255 0.0266339 -0.0123465
1822 -0.61143 -0.121796 -0.0706607
1823 -0.565031 0.0154694 0.00249412
1824 -0.572439 0.0244328 0.0139325
1825 -0.589265 0.0325915 0.0160732
1826 -0.590275 0.0257142 0.0302566
1827 -0.515842 -0.00729261 -0.0872242
1828 -0.518047 -0.0100732 -0.0956495
1829 -0.502121 -0.00639587 -0.0854141
1830 -0.623836 -0.0826687 0.0258007
1831 -0.615781 -0.0921283 0.0210633
1832 -0.629773 -0.109784 -0.0933197
1833 -0.630778 -0.120642 -0.0906399
1834 -0.62071 -0.12699 -0.0891434
1835 -0.626137 -0.0960029 -0.0883606
1836 -0.623635 -0.0924375 -0.0932522
1837 -0.626729 -0.0829003 -0.08899
1838 -0.557519 -0.0675901 0.0523929
1839 -0.571313 -0.0648854 0.059188
1840 -0.56876 -0.0607615 0.0484341
1841 -0.580514 -0.0701831 0.0455132
1842 -0.579083 -0.0770199 0.0586113
1843 -0.561707 -0.0745338 0.0629722
1844 -0.578512 -0.0878911 0.04941
1845 -0.575006 -0.0825534 0.0362183
1846 -0.562687 -0.0919637 0.0413897
1847 -0.55542 -0.0893187 0.0509505
1848 -0.561368 -0.0709299 0.037019
1849 -0.526307 0.0114538 -0.0875461
1850 -0.609395 0.0668719 0.0840538
1851 -0.654057 -0.10261 0.0860243
1852 -0.655096 -0.113074 0.0942065
1853 -0.644571 -0.0968295 0.082523
1854 -0.633921 -0.0995166 0.0857326
1855 -0.631808 -0.0863838 0.0917696
1856 -0.647525 -0.0841788 0.0894811
1857 -0.655699 -0.0812629 0.0922903
1858 -0.664904 -0.0808686 0.076646
1859 -0.660283 -0.0743651 0.0624722
1860 -0.648566 -0.0723523 0.0579259
1861 -0.644513 -0.0624257 0.0565109
1862 -0.655633 -0.0631686 0.0606421
1863 -0.661662 -0.0703893 0.0909054
1864 -0.655469 -0.0589707 0.0897001
1865 -0.643783 -0.0603564 0.0893627
1866 -0.639751 -0.0578217 0.0757019
1867 -0.653045 -0.0914867 0.0838125
1868 -0.616719 -0.128526 0.0765177
1869 -0.61787 -0.115188 0.085446
1870 -0.608474 -0.0229262 -0.0876649
1871 -0.609204 -0.019773 -0.0997645
1872 -0.594854 -0.0255269 -0.0846744
1873 -0.587094 -0.0417024 -0.0876233
1874 -0.618591 -0.127871 0.0223731
1875 -0.544964 0.0381706 -0.0876852
1876 -0.54731 0.037335 -0.0814477
1877 -0.641694 -0.0586781 0.0126242
1878 -0.652361 -0.0634734 0.0132144
1879 -0.613481 0.0611197 -0.0797981
1880 -0.609962 0.0740086 -0.0822136
1881 -0.602111 0.0775685 -0.0889069
1882 -0.581918 0.00316816 -0.0739095
1883 -0.575203 -0.110718 0.0899958
1884 -0.33157 -0.202881 -0.0290914
1885 -0.446589 -0.292343 0.039407
1886 -0.374258 -0.184365 -0.000514321
1887 -0.459689 -0.088802 0.0684822
1888 -0.397865 -0.309724 -0.0525666
1889 -0.391141 -0.376761 -0.00604045
1890 -0.396164 -0.378739 0.0415791
1891 -0.412774 -0.293816 -0.0839684
1892 -0.616919 -0.124694 0.0367873
1893 -0.463387 -0.295071 0.040855
1894 -0.281917 -0.232838 -0.0809197
1895 -0.329814 -0.234103 -0.0138138
1896 -0.391355 -0.299567 0.0881405
1897 -0.401285 -0.29304 0.091429
1898 -0.390786 -0.26154 0.00397623
1899 -0.451367 -0.309671 0.0626098
1900 -0.491863 -0.26129 -0.0443637
1901 -0.597417 0.0114464 -0.0474865
1902 -0.600733 0.0227997 -0.0400803
1903 -0.395613 -0.300648 -0.0837693
1904 -0.302244 -0.316714 -0.0467652
1905 -0.547964 -0.135277 0.0176471
1906 -0.614853 0.000291324 0.0101089
1907 -0.560577 -0.0193899 0.0849126
1908 -0.596399 0.0628833 0.0524356
1909 -0.378358 -0.392288 -0.0236232
1910 -0.357344 -0.291422 -0.0840092
1911 -0.378254 -0.354379 -0.00401446
1912 -0.584032 -0.115184 0.102545
1913 -0.528767 -0.221733 0.0153997
1914 -0.521577 -0.221959 -0.000524973
1915 -0.393485 -0.374121 0.00840396
1916 -0.637649 -0.0216765 0.0592616
1917 -0.602436 -0.0932015 -0.0590537
1918 -0.299917 -0.222715 0.0279966
1919 -0.398387 -0.236368 0.0451084
